# wl 	 %tx
 203.27185  1.94024
 203.29336  1.94750
 203.31484  1.93085
 203.33633  1.92951
 203.35783  1.95041
 203.37933  1.95175
 203.40081  1.95240
 203.42231  1.95228
 203.44380  1.95512
 203.46529  1.95059
 203.48679  1.95195
 203.50828  1.93651
 203.52976  1.92242
 203.55127  1.90991
 203.57276  1.88160
 203.59424  1.84957
 203.61574  1.84334
 203.63723  1.86007
 203.65872  1.87260
 203.68022  1.89028
 203.70170  1.91149
 203.72319  1.93043
 203.74468  1.94723
 203.76617  1.93983
 203.78765  1.97843
 203.80915  2.00787
 203.83064  2.03524
 203.85213  2.04070
 203.87361  2.06616
 203.89511  2.10078
 203.91660  2.12317
 203.93809  2.13093
 203.95957  2.16606
 203.98107  2.16471
 204.00256  2.17862
 204.02405  2.20585
 204.04553  2.21365
 204.06701  2.23200
 204.08852  2.24618
 204.11000  2.25092
 204.13148  2.26104
 204.15297  2.26336
 204.17446  2.27169
 204.19595  2.25718
 204.21743  2.28698
 204.23891  2.29074
 204.26040  2.30040
 204.28190  2.32076
 204.30338  2.34093
 204.32486  2.33659
 204.34636  2.35118
 204.36784  2.36774
 204.38932  2.37453
 204.41080  2.40071
 204.43229  2.42095
 204.45379  2.43240
 204.47527  2.46335
 204.49675  2.45877
 204.51824  2.47143
 204.53971  2.48611
 204.56121  2.50022
 204.58269  2.49720
 204.60418  2.52647
 204.62566  2.53214
 204.64714  2.53184
 204.66862  2.55641
 204.69011  2.56822
 204.71159  2.56609
 204.73307  2.57969
 204.75455  2.57694
 204.77604  2.60603
 204.79752  2.62455
 204.81900  2.64058
 204.84047  2.64391
 204.86198  2.65258
 204.88344  2.67354
 204.90492  2.67778
 204.92640  2.70533
 204.94789  2.70752
 204.96937  2.72291
 204.99085  2.73048
 205.01233  2.74224
 205.03382  2.73584
 205.05530  2.77041
 205.07678  2.76372
 205.09826  2.79544
 205.11975  2.80602
 205.14123  2.79405
 205.16269  2.82265
 205.18417  2.84266
 205.20566  2.84500
 205.22714  2.85069
 205.24862  2.88125
 205.27010  2.88378
 205.29158  2.90797
 205.31306  2.92053
 205.33454  2.93005
 205.35602  2.94433
 205.37749  2.95613
 205.39897  2.95601
 205.42045  2.98146
 205.44193  2.98403
 205.46340  2.98695
 205.48488  3.01969
 205.50636  3.00940
 205.52783  3.01859
 205.54932  3.02436
 205.57080  3.02814
 205.59226  3.04340
 205.61374  3.05245
 205.63521  3.05429
 205.65669  3.07689
 205.67817  3.07612
 205.69964  3.09397
 205.72113  3.11241
 205.74259  3.11869
 205.76407  3.11746
 205.78554  3.12765
 205.80703  3.15902
 205.82851  3.16553
 205.84997  3.17423
 205.87145  3.18496
 205.89292  3.19290
 205.91439  3.18962
 205.93587  3.18648
 205.95733  3.20918
 205.97882  3.21952
 206.00029  3.19953
 206.02177  3.20115
 206.04323  3.19014
 206.06470  3.20261
 206.08618  3.17937
 206.10765  3.18062
 206.12913  3.15889
 206.15060  3.14148
 206.17207  3.16382
 206.19355  3.14709
 206.21501  3.17602
 206.23649  3.21797
 206.25797  3.26654
 206.27943  3.29430
 206.30089  3.33637
 206.32237  3.39243
 206.34385  3.42392
 206.36531  3.49043
 206.38678  3.49627
 206.40825  3.54927
 206.42973  3.54790
 206.45120  3.59647
 206.47266  3.60150
 206.49413  3.62380
 206.51560  3.64550
 206.53708  3.65416
 206.55854  3.68425
 206.58002  3.70632
 206.60148  3.71679
 206.62295  3.73869
 206.64441  3.76083
 206.66588  3.78306
 206.68735  3.80251
 206.70881  3.84977
 206.73029  3.85423
 206.75177  3.90415
 206.77323  3.92126
 206.79470  3.97090
 206.81616  3.99995
 206.83763  4.02103
 206.85910  4.07070
 206.88056  4.08983
 206.90203  4.10810
 206.92350  4.11681
 206.94497  4.15620
 206.96642  4.17646
 206.98788  4.18481
 207.00935  4.20686
 207.03082  4.23039
 207.05228  4.25854
 207.07376  4.26129
 207.09522  4.27349
 207.11669  4.31317
 207.13815  4.32869
 207.15961  4.35844
 207.18107  4.37726
 207.20254  4.41467
 207.22400  4.44251
 207.24548  4.43586
 207.26694  4.46510
 207.28839  4.49253
 207.30985  4.50949
 207.33133  4.55143
 207.35279  4.56891
 207.37424  4.57154
 207.39571  4.58604
 207.41718  4.60658
 207.43863  4.62565
 207.46009  4.65450
 207.48156  4.68642
 207.50302  4.68090
 207.52448  4.71966
 207.54595  4.75999
 207.56740  4.76684
 207.58887  4.77958
 207.61033  4.80055
 207.63178  4.81311
 207.65325  4.83938
 207.67471  4.85109
 207.69617  4.85020
 207.71764  4.86647
 207.73909  4.87943
 207.76056  4.91570
 207.78201  4.93342
 207.80347  4.94623
 207.82493  4.97709
 207.84640  4.99086
 207.86785  5.01613
 207.88931  5.02701
 207.91077  5.05890
 207.93222  5.11933
 207.95368  5.14251
 207.97513  5.18239
 207.99661  5.20358
 208.01806  5.23189
 208.03952  5.26302
 208.06097  5.26907
 208.08243  5.31070
 208.10389  5.31998
 208.12534  5.34454
 208.14679  5.35213
 208.16827  5.39521
 208.18971  5.42587
 208.21116  5.41930
 208.23263  5.43928
 208.25409  5.46699
 208.27554  5.48131
 208.29699  5.52912
 208.31845  5.55609
 208.33991  5.58364
 208.36136  5.59071
 208.38281  5.60821
 208.40427  5.63633
 208.42573  5.68167
 208.44718  5.71516
 208.46863  5.73696
 208.49009  5.77810
 208.51154  5.78767
 208.53299  5.81368
 208.55445  5.82366
 208.57591  5.84448
 208.59736  5.87943
 208.61881  5.91901
 208.64026  5.94212
 208.66172  5.95147
 208.68316  5.95886
 208.70461  6.00503
 208.72606  6.00797
 208.74752  6.04619
 208.76897  6.06943
 208.79042  6.08180
 208.81187  6.10930
 208.83333  6.13412
 208.85478  6.16706
 208.87623  6.20366
 208.89769  6.21869
 208.91914  6.28207
 208.94058  6.32096
 208.96203  6.34718
 208.98349  6.38980
 209.00494  6.41627
 209.02638  6.44742
 209.04782  6.45993
 209.06928  6.46726
 209.09073  6.47743
 209.11218  6.52778
 209.13363  6.54146
 209.15507  6.57165
 209.17652  6.58606
 209.19797  6.58575
 209.21942  6.63845
 209.24088  6.66877
 209.26232  6.67505
 209.28376  6.69212
 209.30522  6.73976
 209.32667  6.73955
 209.34811  6.78966
 209.36956  6.82697
 209.39101  6.86006
 209.41245  6.90342
 209.43390  6.93327
 209.45535  6.96758
 209.47679  6.98490
 209.49824  6.97022
 209.51967  7.00997
 209.54112  7.04068
 209.56258  7.05857
 209.58402  7.09441
 209.60546  7.13762
 209.62690  7.12236
 209.64836  7.17352
 209.66979  7.18306
 209.69124  7.22252
 209.71268  7.23549
 209.73413  7.27329
 209.75557  7.32742
 209.77702  7.38419
 209.79846  7.37059
 209.81991  7.39056
 209.84134  7.41814
 209.86279  7.44595
 209.88424  7.45625
 209.90569  7.47904
 209.92712  7.52702
 209.94855  7.57729
 209.97001  7.60616
 209.99145  7.60337
 210.01288  7.62129
 210.03434  7.66603
 210.05577  7.68807
 210.07721  7.70188
 210.09866  7.70828
 210.12010  7.72890
 210.14153  7.75050
 210.16298  7.79074
 210.18442  7.83912
 210.20586  7.85145
 210.22729  7.86164
 210.24874  7.88935
 210.27018  7.91064
 210.29162  7.97023
 210.31306  7.94179
 210.33449  8.00390
 210.35595  8.04873
 210.37738  8.08884
 210.39882  8.10680
 210.42025  8.10506
 210.44169  8.17849
 210.46313  8.20844
 210.48456  8.23495
 210.50600  8.25752
 210.52745  8.29588
 210.54889  8.31484
 210.57032  8.31592
 210.59176  8.35986
 210.61320  8.39457
 210.63463  8.44375
 210.65607  8.47956
 210.67751  8.53244
 210.69895  8.52558
 210.72038  8.57150
 210.74181  8.57879
 210.76326  8.64046
 210.78469  8.62754
 210.80612  8.67978
 210.82754  8.66214
 210.84899  8.70321
 210.87042  8.73971
 210.89185  8.74429
 210.91329  8.75267
 210.93473  8.79429
 210.95617  8.85995
 210.97760  8.88385
 210.99903  8.91639
 211.02046  8.99059
 211.04190  8.99127
 211.06333  9.00392
 211.08477  9.06599
 211.10619  9.11685
 211.12763  9.16184
 211.14906  9.19321
 211.17050  9.22881
 211.19192  9.25053
 211.21336  9.30416
 211.23480  9.36040
 211.25622  9.37511
 211.27765  9.42921
 211.29909  9.45178
 211.32052  9.50389
 211.34195  9.49658
 211.36338  9.55608
 211.38480  9.61614
 211.40625  9.64189
 211.42768  9.67735
 211.44910  9.69436
 211.47054  9.68171
 211.49196  9.72112
 211.51339  9.76892
 211.53481  9.80849
 211.55626  9.86183
 211.57768  9.86774
 211.59911  9.91036
 211.62053  9.95495
 211.64197  10.00864
 211.66339  9.99108
 211.68482  10.04718
 211.70624  10.07311
 211.72769  10.10011
 211.74911  10.12593
 211.77052  10.15733
 211.79197  10.21294
 211.81339  10.20835
 211.83482  10.27993
 211.85624  10.27375
 211.87767  10.33301
 211.89910  10.34066
 211.92052  10.45300
 211.94194  10.48877
 211.96338  10.48921
 211.98480  10.50859
 212.00622  10.55863
 212.02765  10.57292
 212.04908  10.60175
 212.07050  10.65116
 212.09192  10.67986
 212.11335  10.70669
 212.13478  10.79238
 212.15620  10.78548
 212.17762  10.82912
 212.19905  10.83431
 212.22047  10.87962
 212.24188  10.92348
 212.26333  10.97912
 212.28475  11.02362
 212.30617  11.08766
 212.32758  11.13205
 212.34901  11.16945
 212.37043  11.17327
 212.39185  11.20694
 212.41328  11.25559
 212.43470  11.27493
 212.45612  11.30493
 212.47753  11.40445
 212.49896  11.43632
 212.52038  11.45385
 212.54180  11.49529
 212.56322  11.51070
 212.58465  11.54281
 212.60607  11.62428
 212.62748  11.63188
 212.64891  11.67814
 212.67033  11.74076
 212.69175  11.79351
 212.71317  11.80812
 212.73460  11.84761
 212.75602  11.87922
 212.77742  11.94107
 212.79884  11.98028
 212.82027  12.03236
 212.84169  12.04271
 212.86310  12.12436
 212.88453  12.11764
 212.90594  12.15589
 212.92735  12.18173
 212.94877  12.21806
 212.97020  12.27063
 212.99161  12.31206
 213.01302  12.34626
 213.03444  12.37161
 213.05587  12.39100
 213.07727  12.39624
 213.09869  12.48074
 213.12012  12.52755
 213.14152  12.57300
 213.16294  12.57622
 213.18436  12.64053
 213.20578  12.64366
 213.22719  12.65117
 213.24860  12.67545
 213.27003  12.72020
 213.29144  12.77445
 213.31285  12.80820
 213.33427  12.89021
 213.35568  12.91138
 213.37710  12.94858
 213.39850  13.02379
 213.41992  13.03860
 213.44133  13.05865
 213.46275  13.09566
 213.48416  13.13115
 213.50558  13.16298
 213.52699  13.19185
 213.54839  13.21982
 213.56981  13.19616
 213.59122  13.24239
 213.61264  13.30057
 213.63404  13.32510
 213.65546  13.31863
 213.67688  13.35865
 213.69828  13.37080
 213.71968  13.40536
 213.74111  13.50253
 213.76252  13.56710
 213.78392  13.59199
 213.80534  13.69284
 213.82675  13.69329
 213.84815  13.72698
 213.86957  13.74285
 213.89099  13.80146
 213.91239  13.80516
 213.93379  13.83983
 213.95520  13.94445
 213.97662  13.96630
 213.99803  14.01343
 214.01943  14.02734
 214.04084  14.04408
 214.06225  14.08907
 214.08365  14.14098
 214.10505  14.27906
 214.12648  14.28817
 214.14789  14.31717
 214.16929  14.36132
 214.19070  14.36912
 214.21211  14.39036
 214.23351  14.43147
 214.25491  14.52065
 214.27633  14.57461
 214.29773  14.63068
 214.31913  14.70860
 214.34054  14.72766
 214.36195  14.75899
 214.38335  14.79971
 214.40476  14.86259
 214.42617  14.89443
 214.44757  14.96462
 214.46898  15.03274
 214.49038  15.04951
 214.51178  15.02872
 214.53318  15.09118
 214.55458  15.08998
 214.57600  15.15675
 214.59740  15.23745
 214.61880  15.20500
 214.64021  15.25219
 214.66161  15.30882
 214.68301  15.30854
 214.70441  15.37486
 214.72583  15.41091
 214.74721  15.45695
 214.76862  15.51977
 214.79002  15.57145
 214.81143  15.67418
 214.83282  15.64557
 214.85423  15.68314
 214.87564  15.73999
 214.89703  15.76792
 214.91843  15.79918
 214.93983  15.82845
 214.96123  15.88976
 214.98264  15.93612
 215.00404  15.88584
 215.02544  15.87311
 215.04684  15.90580
 215.06823  15.98522
 215.08963  16.00738
 215.11104  16.10651
 215.13243  16.12137
 215.15384  16.15316
 215.17523  16.18163
 215.19664  16.28009
 215.21803  16.31095
 215.23943  16.35298
 215.26083  16.39562
 215.28223  16.45669
 215.30362  16.49879
 215.32501  16.53451
 215.34642  16.51447
 215.36781  16.50870
 215.38921  16.58344
 215.41061  16.55501
 215.43200  16.60742
 215.45340  16.67732
 215.47479  16.66333
 215.49619  16.64321
 215.51759  16.69619
 215.53898  16.73349
 215.56038  16.76682
 215.58178  16.85161
 215.60317  16.89318
 215.62456  16.88868
 215.64595  16.89899
 215.66736  16.89591
 215.68875  16.92015
 215.71014  17.00078
 215.73153  16.98056
 215.75292  17.07535
 215.77432  17.06875
 215.79572  17.07822
 215.81711  17.09474
 215.83850  17.11873
 215.85990  17.16898
 215.88128  17.21539
 215.90267  17.25310
 215.92407  17.24223
 215.94547  17.26595
 215.96686  17.29666
 215.98825  17.30401
 216.00965  17.38771
 216.03104  17.36880
 216.05242  17.37376
 216.07381  17.38055
 216.09521  17.39434
 216.11660  17.43500
 216.13799  17.47044
 216.15938  17.53122
 216.18077  17.55310
 216.20216  17.52319
 216.22353  17.57450
 216.24493  17.58133
 216.26632  17.63419
 216.28771  17.61129
 216.30911  17.62246
 216.33049  17.64394
 216.35188  17.65473
 216.37328  17.65949
 216.39465  17.67705
 216.41604  17.61120
 216.43743  17.72474
 216.45883  17.71738
 216.48021  17.70766
 216.50159  17.72901
 216.52299  17.74445
 216.54437  17.75568
 216.56576  17.72383
 216.58713  17.64874
 216.60853  17.69207
 216.62992  17.67755
 216.65129  17.73083
 216.67269  17.71289
 216.69408  17.74624
 216.71545  17.65304
 216.73684  17.71554
 216.75822  17.75318
 216.77961  17.77608
 216.80100  17.78183
 216.82238  17.85432
 216.84377  17.77902
 216.86514  17.79894
 216.88653  17.79638
 216.90791  17.77906
 216.92930  17.75248
 216.95067  17.75704
 216.97207  17.79857
 216.99345  17.76213
 217.01483  17.80262
 217.03621  17.81436
 217.05760  17.88466
 217.07898  17.84841
 217.10035  17.81295
 217.12175  17.88663
 217.14312  17.85413
 217.16451  17.90610
 217.18589  17.82824
 217.20727  17.83930
 217.22865  17.86997
 217.25003  17.83120
 217.27141  17.81926
 217.29280  17.80105
 217.31417  17.76125
 217.33555  17.77066
 217.35693  17.74590
 217.37831  17.77404
 217.39969  17.75697
 217.42107  17.73904
 217.44244  17.68925
 217.46383  17.64776
 217.48521  17.67161
 217.50659  17.73378
 217.52796  17.64695
 217.54933  17.64400
 217.57071  17.58706
 217.59209  17.58852
 217.61347  17.54872
 217.63486  17.54472
 217.65623  17.52511
 217.67760  17.55551
 217.69899  17.53061
 217.72036  17.53103
 217.74173  17.52918
 217.76310  17.41440
 217.78449  17.44058
 217.80586  17.40014
 217.82723  17.40748
 217.84862  17.36609
 217.86999  17.29728
 217.89136  17.24945
 217.91273  17.24698
 217.93412  17.17622
 217.95549  17.18589
 217.97686  17.01984
 217.99823  16.52791
 218.01960  15.88145
 218.04098  16.36182
 218.06235  16.78782
 218.08373  16.90455
 218.10510  16.82751
 218.12648  16.86500
 218.14784  16.95821
 218.16922  16.95738
 218.19059  16.90897
 218.21197  16.86913
 218.23333  16.66907
 218.25470  16.41255
 218.27608  15.96319
 218.29746  16.26679
 218.31882  16.33001
 218.34019  16.30733
 218.36157  16.28908
 218.38293  16.30188
 218.40430  16.52478
 218.42569  16.52774
 218.44704  16.28316
 218.46842  16.32000
 218.48977  16.46423
 218.51116  16.47861
 218.53253  16.36133
 218.55389  16.39413
 218.57527  16.51222
 218.59663  16.47881
 218.61800  16.39746
 218.63936  16.40444
 218.66074  16.39458
 218.68210  16.44965
 218.70347  16.42023
 218.72484  16.17338
 218.74621  15.97627
 218.76757  16.06839
 218.78894  15.70191
 218.81031  15.85392
 218.83167  16.28785
 218.85304  16.34844
 218.87441  16.13937
 218.89576  15.96597
 218.91714  16.01008
 218.93851  16.17213
 218.95986  16.26476
 218.98124  16.25875
 219.00259  16.25389
 219.02396  16.21740
 219.04532  16.22332
 219.06669  16.13691
 219.08806  15.97344
 219.10942  15.92921
 219.13077  16.09445
 219.15216  16.16242
 219.17351  16.17768
 219.19487  16.17916
 219.21623  16.18421
 219.23760  16.12840
 219.25895  16.12443
 219.28033  16.01561
 219.30169  16.04207
 219.32305  16.02834
 219.34441  16.01004
 219.36578  15.95767
 219.38714  15.87977
 219.40849  15.92219
 219.42985  15.91667
 219.45122  15.88260
 219.47258  15.83995
 219.49393  15.78054
 219.51530  15.80151
 219.53666  15.80415
 219.55802  15.79990
 219.57938  15.84741
 219.60074  15.82547
 219.62210  15.79661
 219.64346  15.84265
 219.66482  15.76319
 219.68618  15.70959
 219.70752  15.68420
 219.72889  15.64940
 219.75025  15.62430
 219.77161  15.61071
 219.79297  15.62543
 219.81433  15.57006
 219.83567  15.53130
 219.85703  15.46320
 219.87840  15.46262
 219.89976  15.47986
 219.92110  15.47563
 219.94247  15.46558
 219.96382  15.49818
 219.98518  15.40222
 220.00653  15.38848
 220.02789  15.34141
 220.04925  15.31519
 220.07059  15.36650
 220.09196  15.37065
 220.11332  15.40800
 220.13466  15.40668
 220.15603  15.33397
 220.17737  15.35463
 220.19873  15.30839
 220.22008  15.25338
 220.24144  15.22866
 220.26279  15.21124
 220.28414  15.17166
 220.30550  15.13698
 220.32685  15.12535
 220.34820  15.09257
 220.36956  15.03537
 220.39091  15.00694
 220.41226  14.93277
 220.43361  14.90549
 220.45496  14.84551
 220.47631  14.78161
 220.49766  14.70368
 220.51902  14.65576
 220.54036  14.61007
 220.56172  14.49215
 220.58307  14.45799
 220.60441  14.42567
 220.62577  14.44159
 220.64712  14.39464
 220.66846  14.45259
 220.68982  14.47563
 220.71117  14.47508
 220.73252  14.45223
 220.75386  14.47761
 220.77522  14.55594
 220.79657  14.54410
 220.81791  14.47748
 220.83925  14.46635
 220.86061  14.51495
 220.88196  14.53046
 220.90330  14.55578
 220.92466  14.57726
 220.94600  14.60246
 220.96734  14.54789
 220.98868  14.58587
 221.01004  14.56606
 221.03138  14.55880
 221.05272  14.59257
 221.07407  14.56274
 221.09542  14.61909
 221.11676  14.63168
 221.13811  14.60646
 221.15945  14.53555
 221.18079  14.55505
 221.20215  14.59673
 221.22349  14.56002
 221.24483  14.54626
 221.26617  14.55368
 221.28753  14.53646
 221.30887  14.52118
 221.33021  14.48375
 221.35156  14.51422
 221.37291  14.55373
 221.39425  14.54025
 221.41558  14.48335
 221.43693  14.46965
 221.45827  14.48952
 221.47961  14.47342
 221.50096  14.47049
 221.52229  14.46053
 221.54363  14.46689
 221.56499  14.47804
 221.58633  14.51430
 221.60766  14.49029
 221.62901  14.48475
 221.65035  14.50788
 221.67168  14.51795
 221.69303  14.51689
 221.71437  14.51982
 221.73570  14.49381
 221.75704  14.45495
 221.77839  14.48383
 221.79972  14.46000
 221.82106  14.48862
 221.84240  14.46142
 221.86374  14.45122
 221.88508  14.46066
 221.90642  14.43825
 221.92776  14.44491
 221.94909  14.50877
 221.97044  14.49853
 221.99177  14.45189
 222.01311  14.46399
 222.03444  14.46249
 222.05578  14.47048
 222.07712  14.47121
 222.09845  14.49059
 222.11980  14.47669
 222.14112  14.49033
 222.16245  14.48234
 222.18380  14.48349
 222.20513  14.51762
 222.22647  14.46833
 222.24781  14.51723
 222.26914  14.48471
 222.29046  14.49261
 222.31181  14.52890
 222.33314  14.51162
 222.35447  14.51985
 222.37581  14.49941
 222.39715  14.42339
 222.41848  14.42930
 222.43980  14.44100
 222.46114  14.43202
 222.48248  14.43461
 222.50381  14.43359
 222.52515  14.42241
 222.54648  14.41015
 222.56780  14.46361
 222.58913  14.46523
 222.61047  14.47241
 222.63179  14.47629
 222.65314  14.47806
 222.67447  14.44467
 222.69580  14.48347
 222.71713  14.49480
 222.73846  14.51430
 222.75979  14.47166
 222.78112  14.47986
 222.80245  14.49254
 222.82378  14.52585
 222.84511  14.57443
 222.86645  14.58666
 222.88776  14.57169
 222.90908  14.54503
 222.93041  14.55697
 222.95175  14.57104
 222.97308  14.53379
 222.99440  14.58210
 223.01574  14.57607
 223.03707  14.58920
 223.05838  14.59866
 223.07972  14.54964
 223.10104  14.52751
 223.12237  14.50607
 223.14371  14.55371
 223.16502  14.54489
 223.18635  14.52799
 223.20767  14.51291
 223.22901  14.49769
 223.25032  14.45978
 223.27165  14.48029
 223.29299  14.49275
 223.31430  14.50927
 223.33562  14.42126
 223.35696  14.41854
 223.37827  14.42280
 223.39960  14.40154
 223.42092  14.38596
 223.44225  14.40511
 223.46358  14.42489
 223.48490  14.41737
 223.50623  14.49112
 223.52754  14.49443
 223.54886  14.48639
 223.57019  14.46963
 223.59151  14.54566
 223.61282  14.47301
 223.63416  14.45408
 223.65547  14.45734
 223.67680  14.45401
 223.69812  14.38920
 223.71943  14.42230
 223.74076  14.45657
 223.76208  14.43986
 223.78339  14.42427
 223.80472  14.41670
 223.82604  14.49581
 223.84737  14.43038
 223.86868  14.43451
 223.89000  14.48626
 223.91132  14.52008
 223.93264  14.60095
 223.95395  14.62319
 223.97528  14.65382
 223.99659  14.65910
 224.01792  14.61401
 224.03924  14.62202
 224.06055  14.61151
 224.08186  14.61544
 224.10318  14.64728
 224.12451  14.71324
 224.14582  14.69527
 224.16714  14.64444
 224.18846  14.68510
 224.20977  14.64606
 224.23109  14.67248
 224.25240  14.68647
 224.27371  14.74585
 224.29502  14.77954
 224.31635  14.78797
 224.33766  14.78452
 224.35897  14.75416
 224.38029  14.74341
 224.40160  14.75583
 224.42291  14.79888
 224.44424  14.83487
 224.46555  14.86978
 224.48686  14.90051
 224.50818  14.88963
 224.52949  14.90264
 224.55081  14.90505
 224.57213  14.89007
 224.59344  14.94037
 224.61474  14.91910
 224.63606  14.92202
 224.65737  14.87374
 224.67868  14.84759
 224.70000  14.80539
 224.72130  14.79703
 224.74261  14.81352
 224.76392  14.85220
 224.78524  14.84473
 224.80654  14.88635
 224.82785  14.83669
 224.84917  14.84939
 224.87049  14.85230
 224.89178  14.90176
 224.91310  14.90073
 224.93440  14.95632
 224.95571  14.94574
 224.97703  14.92640
 224.99833  14.97255
 225.01964  14.98809
 225.04095  14.97723
 225.06226  14.96232
 225.08357  14.90087
 225.10488  14.91322
 225.12619  14.91521
 225.14749  14.95424
 225.16880  14.92714
 225.19011  14.94964
 225.21142  14.97670
 225.23271  15.01059
 225.25402  14.99569
 225.27533  15.01725
 225.29663  14.95711
 225.31795  14.97426
 225.33925  14.99887
 225.36054  15.02890
 225.38187  15.04657
 225.40316  15.05502
 225.42446  15.05797
 225.44578  15.03904
 225.46708  15.00893
 225.48837  15.01758
 225.50970  14.99600
 225.53099  15.01055
 225.55229  14.96895
 225.57360  15.00135
 225.59491  14.98547
 225.61620  15.00793
 225.63751  14.95620
 225.65881  14.94725
 225.68010  14.96658
 225.70142  14.99494
 225.72272  15.02267
 225.74402  14.96511
 225.76531  14.99660
 225.78662  14.96155
 225.80792  14.98966
 225.82921  14.92726
 225.85052  14.97847
 225.87182  14.99397
 225.89311  15.04274
 225.91442  15.02417
 225.93572  15.00437
 225.95701  14.98227
 225.97832  14.97180
 225.99962  14.96701
 226.02091  14.97373
 226.04222  14.96766
 226.06352  14.93747
 226.08481  14.95150
 226.10612  14.92294
 226.12742  14.93258
 226.14871  14.92490
 226.17000  14.87239
 226.19130  14.90018
 226.21260  14.86001
 226.23390  14.88930
 226.25520  14.89209
 226.27648  14.89949
 226.29779  14.89698
 226.31908  14.83855
 226.34038  14.88625
 226.36166  14.87469
 226.38297  14.90849
 226.40426  14.88845
 226.42556  14.87401
 226.44685  14.82558
 226.46815  14.83862
 226.48943  14.85517
 226.51074  14.84001
 226.53203  14.80898
 226.55331  14.82763
 226.57462  14.79013
 226.59592  14.74148
 226.61720  14.72299
 226.63851  14.70689
 226.65979  14.67919
 226.68108  14.68040
 226.70237  14.67337
 226.72367  14.67972
 226.74495  14.72948
 226.76626  14.62290
 226.78754  14.60833
 226.80882  14.61842
 226.83013  14.61642
 226.85141  14.60047
 226.87271  14.57874
 226.89400  14.62605
 226.91528  14.62536
 226.93658  14.62197
 226.95787  14.59715
 226.97915  14.55625
 227.00044  14.56025
 227.02174  14.54099
 227.04302  14.55649
 227.06431  14.50089
 227.08559  14.55158
 227.10689  14.50707
 227.12817  14.53409
 227.14946  14.50401
 227.17075  14.53894
 227.19204  14.58171
 227.21332  14.55445
 227.23461  14.51775
 227.25589  14.48781
 227.27719  14.45597
 227.29848  14.42954
 227.31976  14.43821
 227.34104  14.47632
 227.36233  14.48976
 227.38361  14.47234
 227.40489  14.45160
 227.42619  14.48988
 227.44747  14.48491
 227.46875  14.48680
 227.49004  14.46785
 227.51132  14.44994
 227.53260  14.45442
 227.55389  14.43374
 227.57517  14.44089
 227.59646  14.43826
 227.61775  14.43958
 227.63903  14.42637
 227.66031  14.39241
 227.68159  14.34549
 227.70287  14.36830
 227.72415  14.34010
 227.74544  14.37231
 227.76672  14.40097
 227.78800  14.37097
 227.80928  14.37399
 227.83056  14.40883
 227.85184  14.38061
 227.87313  14.35271
 227.89440  14.41302
 227.91568  14.37338
 227.93697  14.42158
 227.95824  14.40251
 227.97952  14.37730
 228.00081  14.32362
 228.02207  14.34856
 228.04336  14.33755
 228.06465  14.34457
 228.08591  14.35047
 228.10719  14.38554
 228.12847  14.37582
 228.14975  14.32442
 228.17103  14.33664
 228.19231  14.29430
 228.21359  14.29255
 228.23486  14.27625
 228.25615  14.25389
 228.27741  14.29616
 228.29868  14.31445
 228.31997  14.30471
 228.34124  14.27628
 228.36252  14.34102
 228.38379  14.36219
 228.40508  14.31078
 228.42634  14.33554
 228.44761  14.35239
 228.46890  14.33253
 228.49016  14.35672
 228.51143  14.30675
 228.53272  14.32960
 228.55399  14.30306
 228.57525  14.29448
 228.59653  14.35688
 228.61781  14.33167
 228.63908  14.36885
 228.66035  14.38348
 228.68162  14.36979
 228.70290  14.34526
 228.72418  14.31072
 228.74544  14.35797
 228.76671  14.36037
 228.78798  14.41730
 228.80925  14.46085
 228.83052  14.38758
 228.85181  14.41790
 228.87307  14.40727
 228.89434  14.41987
 228.91562  14.46015
 228.93688  14.43750
 228.95815  14.45744
 228.97942  14.42510
 229.00069  14.43090
 229.02196  14.40070
 229.04323  14.47890
 229.06450  14.49646
 229.08576  14.47566
 229.10704  14.42385
 229.12829  14.47671
 229.14956  14.46619
 229.17083  14.48071
 229.19210  14.52697
 229.21336  14.47510
 229.23464  14.50589
 229.25591  14.49834
 229.27716  14.55787
 229.29843  14.54823
 229.31970  14.55124
 229.34097  14.57404
 229.36224  14.58616
 229.38349  14.58657
 229.40476  14.60356
 229.42603  14.55088
 229.44729  14.56827
 229.46855  14.52890
 229.48983  14.53358
 229.51108  14.56329
 229.53234  14.61047
 229.55362  14.56121
 229.57487  14.57671
 229.59614  14.52411
 229.61740  14.55514
 229.63866  14.53759
 229.65993  14.52906
 229.68119  14.55995
 229.70246  14.56797
 229.72371  14.61271
 229.74498  14.59756
 229.76623  14.59518
 229.78750  14.60360
 229.80876  14.55388
 229.83003  14.57699
 229.85128  14.55641
 229.87254  14.53250
 229.89380  14.56248
 229.91505  14.49839
 229.93632  14.53167
 229.95758  14.44411
 229.97883  14.42489
 230.00011  14.50253
 230.02136  14.45130
 230.04261  14.48068
 230.06387  14.46994
 230.08514  14.47159
 230.10639  14.46742
 230.12765  14.47232
 230.14890  14.40980
 230.17017  14.45641
 230.19143  14.46413
 230.21268  14.49899
 230.23394  14.50307
 230.25519  14.46023
 230.27644  14.57228
 230.29771  14.46647
 230.31897  14.52171
 230.34022  14.45024
 230.36148  14.46445
 230.38273  14.48550
 230.40398  14.47681
 230.42524  14.46259
 230.44649  14.44590
 230.46774  14.35394
 230.48900  14.42507
 230.51025  14.35400
 230.53150  14.37154
 230.55276  14.35829
 230.57401  14.36778
 230.59527  14.37367
 230.61653  14.37757
 230.63778  14.35718
 230.65903  14.45377
 230.68027  14.41850
 230.70152  14.38009
 230.72277  14.43930
 230.74404  14.45125
 230.76529  14.44302
 230.78654  14.45588
 230.80778  14.49506
 230.82903  14.44694
 230.85028  14.46217
 230.87154  14.46752
 230.89278  14.44853
 230.91403  14.50056
 230.93529  14.41787
 230.95653  14.45023
 230.97778  14.44543
 230.99904  14.47196
 231.02027  14.54967
 231.04152  14.49668
 231.06279  14.56561
 231.08402  14.52593
 231.10527  14.53017
 231.12652  14.50775
 231.14777  14.58594
 231.16900  14.57779
 231.19026  14.63016
 231.21150  14.58886
 231.23275  14.63125
 231.25400  14.62085
 231.27525  14.67926
 231.29648  14.64487
 231.31774  14.70255
 231.33898  14.71554
 231.36023  14.66629
 231.38147  14.70186
 231.40271  14.69330
 231.42396  14.71730
 231.44521  14.75805
 231.46644  14.70139
 231.48770  14.77907
 231.50894  14.80324
 231.53017  14.82674
 231.55143  14.81079
 231.57267  14.84695
 231.59391  14.86113
 231.61515  14.83702
 231.63639  14.89502
 231.65764  14.95951
 231.67888  14.93421
 231.70012  14.97731
 231.72135  15.03958
 231.74260  15.01330
 231.76383  14.99390
 231.78509  15.06167
 231.80633  15.03139
 231.82757  15.06522
 231.84880  15.10583
 231.87005  15.09373
 231.89128  15.09899
 231.91252  15.09555
 231.93376  15.05771
 231.95500  15.19110
 231.97623  15.10225
 231.99748  15.08278
 232.01872  15.10364
 232.03995  15.09153
 232.06120  15.17456
 232.08243  15.18225
 232.10367  15.18037
 232.12490  15.26141
 232.14613  15.22942
 232.16737  15.24811
 232.18861  15.29964
 232.20985  15.19112
 232.23110  15.28072
 232.25232  15.32270
 232.27355  15.27230
 232.29480  15.35544
 232.31603  15.28819
 232.33725  15.35455
 232.35850  15.31473
 232.37973  15.36206
 232.40097  15.39179
 232.42220  15.31695
 232.44343  15.38313
 232.46467  15.44417
 232.48590  15.43242
 232.50714  15.38890
 232.52836  15.48677
 232.54960  15.43752
 232.57084  15.42696
 232.59206  15.35118
 232.61330  15.38614
 232.63452  15.38780
 232.65576  15.44225
 232.67699  15.45598
 232.69822  15.45985
 232.71944  15.45743
 232.74069  15.48503
 232.76191  15.44946
 232.78313  15.44659
 232.80438  15.51394
 232.82560  15.53464
 232.84684  15.48094
 232.86806  15.53955
 232.88928  15.66345
 232.91053  15.56913
 232.93175  15.59451
 232.95297  15.53033
 232.97421  15.75998
 232.99543  15.63790
 233.01665  15.74681
 233.03788  15.72548
 233.05912  15.70874
 233.08034  15.70432
 233.10157  15.71604
 233.12279  15.66927
 233.14401  15.77360
 233.16526  15.75049
 233.18648  15.73303
 233.20770  15.79108
 233.22893  15.83534
 233.25015  15.79007
 233.27137  15.86155
 233.29260  15.89322
 233.31382  15.84979
 233.33504  15.94725
 233.35627  15.89788
 233.37749  15.92480
 233.39872  15.98741
 233.41994  15.93561
 233.44116  15.95622
 233.46239  15.99559
 233.48361  15.99161
 233.50483  15.97631
 233.52606  16.00783
 233.54728  15.96738
 233.56850  15.99508
 233.58973  16.07151
 233.61095  16.11736
 233.63216  15.97644
 233.65339  16.06242
 233.67461  16.12990
 233.69583  16.07006
 233.71706  16.09751
 233.73826  16.07269
 233.75948  16.13450
 233.78071  16.10874
 233.80193  16.07582
 233.82315  16.16973
 233.84437  16.14521
 233.86559  16.11846
 233.88680  16.19238
 233.90802  16.16914
 233.92924  16.17507
 233.95046  16.13827
 233.97168  16.14604
 233.99288  16.13170
 234.01411  16.10860
 234.03533  16.16175
 234.05654  16.11899
 234.07777  16.16217
 234.09897  16.17498
 234.12019  16.15151
 234.14141  16.13751
 234.16263  16.17231
 234.18383  16.21114
 234.20505  16.17428
 234.22627  16.21076
 234.24748  16.20330
 234.26871  16.17904
 234.28991  16.23287
 234.31113  16.13733
 234.33235  16.16963
 234.35355  16.10585
 234.37477  16.19587
 234.39599  16.17292
 234.41719  16.20845
 234.43841  16.18742
 234.45961  16.28926
 234.48083  16.22341
 234.50205  16.13580
 234.52325  16.20579
 234.54446  16.17145
 234.56569  16.20685
 234.58689  16.31646
 234.60811  16.17878
 234.62931  16.14148
 234.65052  16.26135
 234.67173  16.17073
 234.69294  16.20909
 234.71414  16.11267
 234.73536  16.18236
 234.75656  16.15512
 234.77777  16.21264
 234.79900  16.15521
 234.82020  16.12498
 234.84139  16.20857
 234.86261  16.06752
 234.88381  16.06345
 234.90502  16.11083
 234.92623  16.08126
 234.94744  15.99361
 234.96865  16.03213
 234.98986  16.04413
 235.01106  15.92585
 235.03228  16.07172
 235.05348  15.92444
 235.07467  16.07605
 235.09588  15.97313
 235.11709  16.01707
 235.13829  15.96208
 235.15949  15.89997
 235.18070  15.93794
 235.20190  15.92612
 235.22312  15.85362
 235.24431  15.83497
 235.26551  15.85392
 235.28673  15.81953
 235.30792  15.81216
 235.32913  15.72699
 235.35034  15.72974
 235.37153  15.74171
 235.39274  15.71754
 235.41393  15.69733
 235.43514  15.60191
 235.45635  15.64219
 235.47754  15.60429
 235.49875  15.74554
 235.51995  15.64223
 235.54115  15.63918
 235.56234  15.58780
 235.58356  15.58562
 235.60475  15.57219
 235.62595  15.45655
 235.64715  15.47768
 235.66834  15.50805
 235.68956  15.46322
 235.71075  15.43839
 235.73194  15.38018
 235.75315  15.40333
 235.77434  15.36846
 235.79553  15.34749
 235.81675  15.18921
 235.83793  15.30969
 235.85912  15.23921
 235.88032  15.24477
 235.90153  15.23290
 235.92273  15.17908
 235.94392  15.12754
 235.96511  15.10775
 235.98631  15.12796
 236.00751  15.04846
 236.02870  15.13231
 236.04990  14.98850
 236.07109  15.01169
 236.09228  14.98380
 236.11348  15.01757
 236.13467  14.92771
 236.15586  14.91069
 236.17706  14.88385
 236.19825  14.79725
 236.21945  14.79343
 236.24064  14.75664
 236.26183  14.70332
 236.28303  14.61726
 236.30422  14.54583
 236.32541  14.66585
 236.34661  14.46006
 236.36780  14.56321
 236.38899  14.45300
 236.41019  14.43018
 236.43136  14.41247
 236.45255  14.36316
 236.47375  14.30992
 236.49494  14.36496
 236.51614  14.31966
 236.53732  14.30583
 236.55851  14.23534
 236.57971  14.21885
 236.60089  14.19887
 236.62207  14.09679
 236.64327  14.03656
 236.66446  14.05716
 236.68563  14.02293
 236.70683  13.93152
 236.72802  13.90058
 236.74920  13.83322
 236.77040  13.78711
 236.79159  13.83101
 236.81277  13.71672
 236.83396  13.71251
 236.85514  13.65529
 236.87633  13.65400
 236.89751  13.50389
 236.91870  13.53274
 236.93988  13.48866
 236.96107  13.49127
 236.98225  13.43243
 237.00345  13.33674
 237.02462  13.39272
 237.04582  13.24304
 237.06700  13.27448
 237.08817  13.15203
 237.10937  13.10534
 237.13054  13.12492
 237.15172  13.09767
 237.17292  13.00589
 237.19409  13.00276
 237.21527  12.93160
 237.23647  12.84227
 237.25764  12.89002
 237.27883  12.76764
 237.30000  12.73411
 237.32118  12.73765
 237.34237  12.72986
 237.36355  12.58825
 237.38472  12.59152
 237.40591  12.50717
 237.42708  12.49121
 237.44826  12.50126
 237.46944  12.43022
 237.49063  12.37795
 237.51182  12.35005
 237.53299  12.28087
 237.55416  12.25551
 237.57535  12.21848
 237.59652  12.19379
 237.61770  12.12698
 237.63888  12.07000
 237.66006  11.97978
 237.68123  11.97663
 237.70242  11.99742
 237.72358  11.83050
 237.74476  11.86605
 237.76593  11.76994
 237.78711  11.70676
 237.80829  11.72387
 237.82947  11.68303
 237.85064  11.64723
 237.87181  11.58636
 237.89299  11.55141
 237.91416  11.46956
 237.93534  11.47464
 237.95652  11.42611
 237.97769  11.37858
 237.99886  11.31071
 238.02004  11.29222
 238.04121  11.22546
 238.06238  11.16239
 238.08356  11.11264
 238.10472  11.06360
 238.12590  11.04620
 238.14707  10.95299
 238.16824  10.90806
 238.18942  10.88939
 238.21059  10.81665
 238.23176  10.84806
 238.25292  10.76412
 238.27410  10.72390
 238.29526  10.65982
 238.31644  10.58102
 238.33761  10.53354
 238.35878  10.49986
 238.37994  10.47157
 238.40113  10.41509
 238.42228  10.36163
 238.44345  10.33022
 238.46463  10.31292
 238.48579  10.24820
 238.50697  10.24815
 238.52813  10.17507
 238.54929  10.12714
 238.57046  10.07774
 238.59163  10.01262
 238.61279  9.99926
 238.63396  9.96113
 238.65514  9.91877
 238.67631  9.88647
 238.69747  9.83107
 238.71862  9.79351
 238.73979  9.76747
 238.76095  9.75057
 238.78213  9.69607
 238.80330  9.62657
 238.82446  9.57785
 238.84562  9.48314
 238.86678  9.45271
 238.88794  9.44497
 238.90911  9.37148
 238.93027  9.33387
 238.95143  9.30799
 238.97260  9.26263
 238.99376  9.19551
 239.01492  9.18058
 239.03609  9.16276
 239.05725  9.13329
 239.07842  9.08825
 239.09958  9.02018
 239.12073  8.97612
 239.14190  8.91929
 239.16305  8.89209
 239.18421  8.87029
 239.20538  8.81652
 239.22654  8.74744
 239.24770  8.70768
 239.26886  8.65756
 239.29001  8.61991
 239.31118  8.58084
 239.33234  8.56948
 239.35350  8.52355
 239.37465  8.47774
 239.39581  8.41632
 239.41697  8.38326
 239.43812  8.36746
 239.45928  8.33293
 239.48045  8.27810
 239.50159  8.22490
 239.52275  8.17681
 239.54391  8.14029
 239.56507  8.12747
 239.58621  8.09157
 239.60738  8.05649
 239.62852  8.01095
 239.64969  7.96573
 239.67084  7.92062
 239.69200  7.87698
 239.71315  7.83047
 239.73431  7.78269
 239.75545  7.76132
 239.77662  7.71091
 239.79777  7.67013
 239.81892  7.64440
 239.84008  7.59830
 239.86122  7.58647
 239.88238  7.54721
 239.90354  7.51063
 239.92468  7.45883
 239.94583  7.40600
 239.96699  7.36350
 239.98814  7.34927
 240.00929  7.32964
 240.03043  7.26554
 240.05159  7.22083
 240.07275  7.15686
 240.09389  7.12173
 240.11505  7.10006
 240.13619  7.08268
 240.15733  7.04845
 240.17849  7.00829
 240.19963  6.95885
 240.22080  6.90962
 240.24194  6.87841
 240.26309  6.87667
 240.28424  6.83411
 240.30539  6.82339
 240.32653  6.77122
 240.34768  6.71950
 240.36883  6.70486
 240.38998  6.66465
 240.41111  6.65696
 240.43225  6.61628
 240.45341  6.56050
 240.47455  6.53357
 240.49570  6.48769
 240.51685  6.45376
 240.53799  6.41449
 240.55915  6.39052
 240.58028  6.35268
 240.60142  6.31418
 240.62258  6.27222
 240.64372  6.23872
 240.66485  6.21509
 240.68600  6.18263
 240.70715  6.15281
 240.72830  6.12069
 240.74943  6.05671
 240.77057  6.02837
 240.79173  6.01077
 240.81285  6.00487
 240.83400  5.95584
 240.85514  5.93259
 240.87628  5.87373
 240.89744  5.83535
 240.91856  5.80525
 240.93971  5.78285
 240.96085  5.75264
 240.98199  5.72215
 241.00312  5.67940
 241.02427  5.63976
 241.04540  5.58645
 241.06656  5.56883
 241.08768  5.55446
 241.10881  5.53958
 241.12997  5.49112
 241.15110  5.44107
 241.17222  5.40780
 241.19338  5.37003
 241.21451  5.34952
 241.23565  5.33582
 241.25679  5.31348
 241.27792  5.28601
 241.29906  5.23930
 241.32020  5.21289
 241.34133  5.17981
 241.36247  5.15108
 241.38360  5.11582
 241.40474  5.08488
 241.42588  5.06967
 241.44701  5.03555
 241.46815  4.99484
 241.48928  4.96238
 241.51040  4.94224
 241.53154  4.91277
 241.55267  4.89084
 241.57381  4.86188
 241.59494  4.82796
 241.61607  4.80707
 241.63721  4.78303
 241.65834  4.76119
 241.67946  4.72324
 241.70060  4.69776
 241.72173  4.67208
 241.74287  4.64307
 241.76400  4.63959
 241.78513  4.61036
 241.80627  4.57887
 241.82739  4.56089
 241.84853  4.53348
 241.86965  4.50409
 241.89078  4.46539
 241.91191  4.45179
 241.93304  4.43724
 241.95417  4.40536
 241.97529  4.36437
 241.99642  4.33881
 242.01756  4.30752
 242.03869  4.28490
 242.05980  4.26187
 242.08094  4.22849
 242.10207  4.21662
 242.12319  4.18739
 242.14432  4.16191
 242.16544  4.14068
 242.18658  4.12267
 242.20770  4.09947
 242.22882  4.08286
 242.24996  4.05784
 242.27107  4.03016
 242.29220  3.99998
 242.31332  3.98915
 242.33445  3.95390
 242.35557  3.94369
 242.37670  3.92784
 242.39782  3.89760
 242.41896  3.87178
 242.44007  3.84910
 242.46119  3.81058
 242.48232  3.80090
 242.50343  3.78368
 242.52456  3.76211
 242.54569  3.74412
 242.56680  3.71035
 242.58792  3.69852
 242.60905  3.67724
 242.63018  3.64966
 242.65129  3.61508
 242.67240  3.59412
 242.69353  3.57636
 242.71465  3.55556
 242.73577  3.53685
 242.75689  3.53090
 242.77800  3.52199
 242.79913  3.46831
 242.82024  3.46683
 242.84135  3.43908
 242.86249  3.40673
 242.88361  3.39282
 242.90473  3.38390
 242.92584  3.36213
 242.94696  3.33936
 242.96808  3.30454
 242.98919  3.29767
 243.01031  3.29024
 243.03143  3.27528
 243.05253  3.24297
 243.07365  3.22099
 243.09477  3.20454
 243.11588  3.18194
 243.13700  3.15609
 243.15812  3.13914
 243.17924  3.12784
 243.20035  3.11256
 243.22145  3.09640
 243.24257  3.07186
 243.26369  3.06490
 243.28480  3.03667
 243.30591  3.02033
 243.32702  2.99935
 243.34815  2.99446
 243.36926  2.96540
 243.39036  2.93554
 243.41148  2.93323
 243.43258  2.91126
 243.45369  2.89402
 243.47482  2.87524
 243.49591  2.86037
 243.51704  2.84816
 243.53814  2.83512
 243.55925  2.80362
 243.58037  2.79512
 243.60147  2.77941
 243.62259  2.75457
 243.64369  2.73909
 243.66479  2.71836
 243.68591  2.71958
 243.70701  2.69381
 243.72814  2.66749
 243.74923  2.65745
 243.77035  2.65176
 243.79146  2.61671
 243.81255  2.60649
 243.83367  2.59463
 243.85478  2.58230
 243.87587  2.57003
 243.89698  2.52687
 243.91809  2.53880
 243.93919  2.52790
 243.96030  2.50260
 243.98140  2.48948
 244.00252  2.46672
 244.02362  2.45433
 244.04472  2.43546
 244.06583  2.41018
 244.08693  2.40626
 244.10802  2.38733
 244.12913  2.37279
 244.15025  2.34904
 244.17135  2.35656
 244.19245  2.32716
 244.21355  2.32574
 244.23466  2.30435
 244.25576  2.29032
 244.27686  2.27200
 244.29796  2.27838
 244.31906  2.25342
 244.34017  2.24776
 244.36125  2.22948
 244.38235  2.22481
 244.40346  2.20651
 244.42456  2.19411
 244.44566  2.17817
 244.46676  2.16684
 244.48786  2.14317
 244.50895  2.14115
 244.53005  2.12592
 244.55116  2.10961
 244.57226  2.09949
 244.59336  2.09136
 244.61445  2.06189
 244.63555  2.06983
 244.65666  2.05309
 244.67774  2.04555
 244.69884  2.03157
 244.71994  2.02575
 244.74103  2.00158
 244.76213  1.99992
 244.78322  1.99169
 244.80432  1.98193
 244.82543  1.96088
 244.84651  1.94938
 244.86761  1.94271
 244.88870  1.92772
 244.90980  1.91299
 244.93089  1.91070
 244.95199  1.90185
 244.97307  1.87752
 244.99416  1.86039
 245.01526  1.85564
 245.03636  1.84687
 245.05745  1.83477
 245.07854  1.83321
 245.09963  1.81327
 245.12073  1.80347
 245.14181  1.79537
 245.16290  1.79004
 245.18400  1.76226
 245.20509  1.77033
 245.22618  1.74694
 245.24726  1.74125
 245.26837  1.73667
 245.28945  1.72590
 245.31054  1.70540
 245.33163  1.71508
 245.35271  1.69213
 245.37380  1.70192
 245.39489  1.67426
 245.41599  1.65677
 245.43708  1.65864
 245.45816  1.63754
 245.47925  1.63314
 245.50034  1.62598
 245.52143  1.61460
 245.54251  1.59965
 245.56359  1.59010
 245.58469  1.58114
 245.60577  1.58166
 245.62685  1.57057
 245.64795  1.55639
 245.66901  1.54938
 245.69011  1.55357
 245.71119  1.53290
 245.73227  1.52325
 245.75336  1.51378
 245.77445  1.50974
 245.79553  1.50363
 245.81661  1.49160
 245.83769  1.47659
 245.85878  1.47312
 245.87985  1.46945
 245.90094  1.45557
 245.92203  1.44793
 245.94311  1.44749
 245.96419  1.42867
 245.98527  1.43141
 246.00636  1.41888
 246.02743  1.41902
 246.04851  1.39504
 246.06959  1.40129
 246.09068  1.38186
 246.11175  1.37993
 246.13284  1.37426
 246.15390  1.36066
 246.17500  1.36217
 246.19606  1.34904
 246.21716  1.34812
 246.23822  1.33405
 246.25931  1.32584
 246.28038  1.31991
 246.30147  1.31610
 246.32254  1.29839
 246.34361  1.30338
 246.36470  1.29166
 246.38577  1.28389
 246.40684  1.27710
 246.42792  1.26602
 246.44900  1.25922
 246.47007  1.25088
 246.49115  1.24860
 246.51223  1.24902
 246.53330  1.23583
 246.55438  1.22973
 246.57544  1.21961
 246.59652  1.21194
 246.61760  1.21273
 246.63867  1.19632
 246.65975  1.20347
 246.68082  1.18802
 246.70189  1.18544
 246.72296  1.17979
 246.74403  1.17390
 246.76511  1.16772
 246.78617  1.16099
 246.80725  1.15275
 246.82832  1.15529
 246.84939  1.16231
 246.87047  1.18532
