# wl 	 tx
168.1441510 0.0231290
168.1657824 0.0216267
168.1874137 0.0226120
168.2090650 0.0232404
168.2306963 0.0224839
168.2523477 0.0227052
168.2739790 0.0214097
168.2956103 0.0227500
168.3172616 0.0224375
168.3388930 0.0232129
168.3605343 0.0229017
168.3821756 0.0220556
168.4038170 0.0219497
168.4254483 0.0223583
168.4470996 0.0225731
168.4687310 0.0221453
168.4903623 0.0224045
168.5119936 0.0233933
168.5336450 0.0225238
168.5552763 0.0222083
168.5769076 0.0223018
168.5985490 0.0220522
168.6201903 0.0220801
168.6418316 0.0233999
168.6634630 0.0236664
168.6850943 0.0230613
168.7067257 0.0220063
168.7283770 0.0234852
168.7500083 0.0225837
168.7716397 0.0226309
168.7932810 0.0221523
168.8149124 0.0225024
168.8365437 0.0233297
168.8581751 0.0223446
168.8798164 0.0227904
168.9014478 0.0220350
168.9230991 0.0225786
168.9447305 0.0233167
168.9663618 0.0225882
168.9879932 0.0225538
169.0096245 0.0228948
169.0312659 0.0234814
169.0528972 0.0228232
169.0745286 0.0238411
169.0961599 0.0220408
169.1178013 0.0209470
169.1394326 0.0225822
169.1610640 0.0214487
169.1826954 0.0223344
169.2043267 0.0224846
169.2259681 0.0225872
169.2475994 0.0226356
169.2692208 0.0241814
169.2908522 0.0225019
169.3124835 0.0227458
169.3341149 0.0227421
169.3557462 0.0227607
169.3773876 0.0235663
169.3990190 0.0219187
169.4206503 0.0228750
169.4422817 0.0243811
169.4639031 0.0228411
169.4855344 0.0217445
169.5071658 0.0233746
169.5288072 0.0223224
169.5504385 0.0216924
169.5720599 0.0214409
169.5936913 0.0224859
169.6153227 0.0229972
169.6369540 0.0243620
169.6585754 0.0233089
169.6802068 0.0227820
169.7018382 0.0236324
169.7234795 0.0223062
169.7450909 0.0226919
169.7667323 0.0218784
169.7883637 0.0224095
169.8099750 0.0225519
169.8316164 0.0229056
169.8532478 0.0232821
169.8748692 0.0242576
169.8965006 0.0234853
169.9181319 0.0225705
169.9397533 0.0221634
169.9613847 0.0219459
169.9830061 0.0234781
170.0046375 0.0222633
170.0262689 0.0233863
170.0478903 0.0235257
170.0695216 0.0218046
170.0911430 0.0235477
170.1127744 0.0234852
170.1343958 0.0230974
170.1560272 0.0224719
170.1776486 0.0234963
170.1992800 0.0230769
170.2208914 0.0231117
170.2425328 0.0224621
170.2641442 0.0223502
170.2857855 0.0225992
170.3073970 0.0235073
170.3290383 0.0240163
170.3506497 0.0231721
170.3722811 0.0227167
170.3939025 0.0233495
170.4155239 0.0221875
170.4371553 0.0228893
170.4587767 0.0225806
170.4803881 0.0221638
170.5020295 0.0220851
170.5236410 0.0240532
170.5452823 0.0217560
170.5668938 0.0232118
170.5885152 0.0219212
170.6101466 0.0225116
170.6317680 0.0229411
170.6533894 0.0226157
170.6750008 0.0227364
170.6966422 0.0237341
170.7182536 0.0221912
170.7398750 0.0223526
170.7614964 0.0225159
170.7831278 0.0226743
170.8047492 0.0216082
170.8263607 0.0223464
170.8479821 0.0231507
170.8696035 0.0221979
170.8912349 0.0232422
170.9128563 0.0226006
170.9344677 0.0233184
170.9560892 0.0219780
170.9777106 0.0217256
170.9993220 0.0227602
171.0209634 0.0229154
171.0425748 0.0224103
171.0641963 0.0231624
171.0858177 0.0227860
171.1074291 0.0218327
171.1290505 0.0234825
171.1506719 0.0218933
171.1722834 0.0232938
171.1939048 0.0220178
171.2155262 0.0220347
171.2371477 0.0224064
171.2587591 0.0216433
171.2803805 0.0222869
171.3020019 0.0213187
171.3236134 0.0232036
171.3452348 0.0230460
171.3668562 0.0226218
171.3884677 0.0220419
171.4100891 0.0233277
171.4317105 0.0232317
171.4533220 0.0222256
171.4749434 0.0219178
171.4965648 0.0230115
171.5181863 0.0222528
171.5397877 0.0224424
171.5613992 0.0223375
171.5830206 0.0227494
171.6046420 0.0229956
171.6262635 0.0235653
171.6478749 0.0223071
171.6694963 0.0224699
171.6910978 0.0229604
171.7127192 0.0224282
171.7343307 0.0225000
171.7559521 0.0226518
171.7775736 0.0241249
171.7991750 0.0231656
171.8207965 0.0225095
171.8424079 0.0227321
171.8640294 0.0226782
171.8856308 0.0233151
171.9072523 0.0224316
171.9288737 0.0216331
171.9504752 0.0229732
171.9720966 0.0227066
171.9937081 0.0218596
172.0153095 0.0230086
172.0369310 0.0221418
172.0585524 0.0227764
172.0801539 0.0226449
172.1017753 0.0220673
172.1233768 0.0222788
172.1449983 0.0214211
172.1666097 0.0225782
172.1882112 0.0222222
172.2098326 0.0239676
172.2314341 0.0219747
172.2530556 0.0225335
172.2746570 0.0223356
172.2962785 0.0233224
172.3178800 0.0222255
172.3395014 0.0233033
172.3611129 0.0219701
172.3827244 0.0232814
172.4043258 0.0223286
172.4259373 0.0226740
172.4475488 0.0218885
172.4691602 0.0232420
172.4907617 0.0219573
172.5123832 0.0229318
172.5339846 0.0218042
172.5556061 0.0216506
172.5772076 0.0231774
172.5988091 0.0227441
172.6204305 0.0234242
172.6420320 0.0221794
172.6636335 0.0226673
172.6852550 0.0219735
172.7068564 0.0221662
172.7284579 0.0221400
172.7500794 0.0228893
172.7716809 0.0237594
172.7932924 0.0218353
172.8149038 0.0219566
172.8365053 0.0228282
172.8581168 0.0222255
172.8797183 0.0233755
172.9013298 0.0222124
172.9229413 0.0233774
172.9445427 0.0214883
172.9661442 0.0236958
172.9877457 0.0230148
173.0093672 0.0197196
173.0309687 -0.0049163
173.0525702 0.0066813
173.0741717 0.0232338
173.0957732 0.0214726
173.1173847 0.0223863
173.1389961 0.0226204
173.1606076 0.0229614
173.1822091 0.0228016
173.2038106 0.0231622
173.2254121 0.0212010
173.2470136 0.0216769
173.2686151 0.0214202
173.2902266 0.0237781
173.3118281 0.0215035
173.3334296 0.0229023
173.3550311 0.0221831
173.3766326 0.0226327
173.3982341 0.0225113
173.4198456 0.0225778
173.4414471 0.0224256
173.4630486 0.0217379
173.4846501 0.0209796
173.5062516 0.0213380
173.5278531 0.0217171
173.5494646 0.0232389
173.5710661 0.0231943
173.5926677 0.0217727
173.6142692 0.0234473
173.6358707 0.0216451
173.6574722 0.0227450
173.6790637 0.0218362
173.7006652 0.0217423
173.7222667 0.0226208
173.7438782 0.0226002
173.7654797 0.0223344
173.7870813 0.0217354
173.8086728 0.0216418
173.8302743 0.0211012
173.8518758 0.0062988
173.8734773 0.0150943
173.8950788 0.0229409
173.9166704 0.0228929
173.9382719 0.0223592
173.9598734 0.0228866
173.9814649 0.0216602
174.0030664 0.0223592
174.0246680 0.0230274
174.0462695 0.0223151
174.0678610 0.0215630
174.0894625 0.0220887
174.1110641 0.0217398
174.1326556 0.0220320
174.1542571 0.0225995
174.1758586 0.0221077
174.1974502 0.0227156
174.2190517 0.0220792
174.2406432 0.0222633
174.2622448 0.0227638
174.2838463 0.0227754
174.3054378 0.0224918
174.3270394 0.0217422
174.3486309 0.0218192
174.3702324 0.0220178
174.3918140 0.0220481
174.4134255 0.0222381
174.4350070 0.0224059
174.4566086 0.0214387
174.4782001 0.0229288
174.4998017 0.0227448
174.5213932 0.0214620
174.5429947 0.0222064
174.5645863 0.0219900
174.5861878 0.0215406
174.6077794 0.0229866
174.6293609 0.0218928
174.6509624 0.0225049
174.6725540 0.0224077
174.6941555 0.0228247
174.7157471 0.0214386
174.7373286 0.0226874
174.7589402 0.0221467
174.7805217 0.0214003
174.8021133 0.0213775
174.8237148 0.0228023
174.8453064 0.0225376
174.8668879 0.0221813
174.8884795 0.0220152
174.9100810 0.0218192
174.9316726 0.0225806
174.9532542 0.0223950
174.9748457 0.0229587
174.9964473 0.0233829
175.0180388 0.0211185
175.0396304 0.0223256
175.0612119 0.0213311
175.0828135 0.0221091
175.1044050 0.0223063
175.1259966 0.0222036
175.1475782 0.0223000
175.1691697 0.0214735
175.1907613 0.0218816
175.2123429 0.0218334
175.2339444 0.0233263
175.2555360 0.0223094
175.2771275 0.0224210
175.2987091 0.0212712
175.3203007 0.0226859
175.3418923 0.0223969
175.3634738 0.0226709
175.3850654 0.0217580
175.4066570 0.0212517
175.4282385 0.0226331
175.4498301 0.0220398
175.4714217 0.0230535
175.4930033 0.0220955
175.5145948 0.0222099
175.5361764 0.0225313
175.5577680 0.0225672
175.5793595 0.0220122
175.6009411 0.0216231
175.6225327 0.0221047
175.6441243 0.0219920
175.6657059 0.0217007
175.6872775 0.0225166
175.7088690 0.0225873
175.7304606 0.0222253
175.7520422 0.0216891
175.7736338 0.0216811
175.7952253 0.0217289
175.8168069 0.0228509
175.8383785 0.0218840
175.8599701 0.0227467
175.8815617 0.0219606
175.9031433 0.0226207
175.9247349 0.0224942
175.9463065 0.0221337
175.9678981 0.0216350
175.9894796 0.0223538
176.0110712 0.0227410
176.0326428 0.0230176
176.0542344 0.0234678
176.0758160 0.0223016
176.0973976 0.0225616
176.1189792 0.0226302
176.1405708 0.0232003
176.1621424 0.0228149
176.1837340 0.0221705
176.2053156 0.0227229
176.2268872 0.0222161
176.2484788 0.0225647
176.2700504 0.0220395
176.2916420 0.0225939
176.3132236 0.0224911
176.3348052 0.0219943
176.3563868 0.0237191
176.3779584 0.0221734
176.3995500 0.0220468
176.4211216 0.0222829
176.4427132 0.0232787
176.4642848 0.0229589
176.4858664 0.0227236
176.5074480 0.0223822
176.5290296 0.0230086
176.5506013 0.0231868
176.5721929 0.0210097
176.5937645 0.0215779
176.6153561 0.0229226
176.6369277 0.0232793
176.6584993 0.0240626
176.6800909 0.0222856
176.7016625 0.0221951
176.7232442 0.0217397
176.7448258 0.0219208
176.7663974 0.0226661
176.7879790 0.0242820
176.8095506 0.0221652
176.8311322 0.0222402
176.8527139 0.0236542
176.8742855 0.0225027
176.8958571 0.0217918
176.9174387 0.0228448
176.9390204 0.0240905
176.9605920 0.0227682
176.9821636 0.0228464
177.0037452 0.0221138
177.0253268 0.0217909
177.0468985 0.0221537
177.0684701 0.0225819
177.0900517 0.0233124
177.1116234 0.0225495
177.1332050 0.0242375
177.1547766 0.0218415
177.1763583 0.0222459
177.1979299 0.0226939
177.2195015 0.0237216
177.2410732 0.0228265
177.2626448 0.0231149
177.2842364 0.0226928
177.3058081 0.0229269
177.3273797 0.0216686
177.3489513 0.0219541
177.3705230 0.0231632
177.3920946 0.0224897
177.4136662 0.0220748
177.4352379 0.0213453
177.4568195 0.0220305
177.4783912 0.0226046
177.4999628 0.0221457
177.5215345 0.0222104
177.5431061 0.0225968
177.5646777 0.0220198
177.5862494 0.0220617
177.6078210 0.0223009
177.6294027 0.0220410
177.6509543 0.0228436
177.6725260 0.0222222
177.6940976 0.0234279
177.7156793 0.0218382
177.7372509 0.0221205
177.7588226 0.0235510
177.7803942 0.0228497
177.8019459 0.0226839
177.8235275 0.0214975
177.8450992 0.0228482
177.8666708 0.0230949
177.8882425 0.0224912
177.9098042 0.0225580
177.9313758 0.0232020
177.9529475 0.0234926
177.9745191 0.0237222
177.9960708 0.0229197
178.0176525 0.0227540
178.0392241 0.0221069
178.0607958 0.0226218
178.0823474 0.0231289
178.1039291 0.0230589
178.1255008 0.0224299
178.1470524 0.0224877
178.1686241 0.0223060
178.1901958 0.0228200
178.2117574 0.0222453
178.2333291 0.0228333
178.2548908 0.0213264
178.2764624 0.0229293
178.2980341 0.0213602
178.3195958 0.0211101
178.3411674 0.0222566
178.3627191 0.0228749
178.3842908 0.0219974
178.4058525 0.0220900
178.4274241 0.0232546
178.4489858 0.0219291
178.4705575 0.0227939
178.4921092 0.0217218
178.5136908 0.0223805
178.5352425 0.0207652
178.5568142 0.0225184
178.5783759 0.0214553
178.5999276 0.0228939
178.6215092 0.0228793
178.6430609 0.0212771
178.6646326 0.0215313
178.6861943 0.0214848
178.7077560 0.0224371
178.7293277 0.0218191
178.7508794 0.0219814
178.7724410 0.0221423
178.7940127 0.0219129
178.8155744 0.0213874
178.8371261 0.0217789
178.8586978 0.0213320
178.8802595 0.0228145
178.9018112 0.0215674
178.9233729 0.0219910
178.9449446 0.0226804
178.9665062 0.0218332
178.9880579 0.0214652
179.0096196 0.0207865
179.0311913 0.0220456
179.0527530 0.0209050
179.0743047 0.0217614
179.0958664 0.0232772
179.1174181 0.0221853
179.1389798 0.0216313
179.1605415 0.0212945
179.1821132 0.0224863
179.2036649 0.0216618
179.2252266 0.0223590
179.2467783 0.0221342
179.2683400 0.0220553
179.2899017 0.0220094
179.3114534 0.0221047
179.3330152 0.0225839
179.3545669 0.0222138
179.3761286 0.0221047
179.3976903 0.0222561
179.4192420 0.0227174
179.4408037 0.0231325
179.4623554 0.0213923
179.4839171 0.0224930
179.5054788 0.0229733
179.5270305 0.0226900
179.5485922 0.0219488
179.5701440 0.0220588
179.5917057 0.0218090
179.6132674 0.0228193
179.6348191 0.0217183
179.6563608 0.0223624
179.6779226 0.0219853
179.6994743 0.0220669
179.7210360 0.0221856
179.7425977 0.0213568
179.7641494 0.0214067
179.7856912 0.0231840
179.8072529 0.0222730
179.8288046 0.0213656
179.8503663 0.0213890
179.8719280 0.0210952
179.8934698 0.0216107
179.9150215 0.0224024
179.9365832 0.0215536
179.9581250 0.0215679
179.9796867 0.0217176
180.0012384 0.0217942
180.0228001 0.0210209
180.0443419 0.0209968
180.0658936 0.0219970
180.0874553 0.0207773
180.1089971 0.0213233
180.1305588 0.0218200
180.1521005 0.0216257
180.1736523 0.0215420
180.1952140 0.0213768
180.2167557 0.0220142
180.2383175 0.0217137
180.2598592 0.0223955
180.2814110 0.0210873
180.3029527 0.0226406
180.3245144 0.0219289
180.3460562 0.0217978
180.3676179 0.0222475
180.3891597 0.0222279
180.4107114 0.0221689
180.4322532 0.0222053
180.4538149 0.0220791
180.4753566 0.0211621
180.4969084 0.0211987
180.5184601 0.0222504
180.5400119 0.0223540
180.5615536 0.0217677
180.5830954 0.0221156
180.6046571 0.0218549
180.6261989 0.0220939
180.6477406 0.0215016
180.6693024 0.0219669
180.6908441 0.0219897
180.7123859 0.0227922
180.7339376 0.0224549
180.7554794 0.0216257
180.7770212 0.0217441
180.7985829 0.0216637
180.8201247 0.0214762
180.8416664 0.0218072
180.8632082 0.0222559
180.8847699 0.0230469
180.9063117 0.0216244
180.9278535 0.0225600
180.9493952 0.0219962
180.9709370 0.0215782
180.9924988 0.0211553
181.0140405 0.0220386
181.0355823 0.0221459
181.0571241 0.0231417
181.0786658 0.0212798
181.1002076 0.0232118
181.1217494 0.0232892
181.1432911 0.0213354
181.1648329 0.0228888
181.1863947 0.0215728
181.2079364 0.0220193
181.2294782 0.0218943
181.2510200 0.0225628
181.2725618 0.0224894
181.2941035 0.0224220
181.3156453 0.0219527
181.3371871 0.0214277
181.3587289 0.0215000
181.3802706 0.0217807
181.4018224 0.0213213
181.4233642 0.0224848
181.4448860 0.0223804
181.4664278 0.0224168
181.4879695 0.0222913
181.5095113 0.0220472
181.5310531 0.0220975
181.5525949 0.0226575
181.5741467 0.0223302
181.5956884 0.0217418
181.6172102 0.0226065
181.6387520 0.0227199
181.6602938 0.0220197
181.6818356 0.0221338
181.7033774 0.0220755
181.7249092 0.0230377
181.7464510 0.0225254
181.7679928 0.0220929
181.7895345 0.0226565
181.8110663 0.0225366
181.8326081 0.0219527
181.8541499 0.0218960
181.8756917 0.0221836
181.8972135 0.0232981
181.9187553 0.0223214
181.9403071 0.0228727
181.9618289 0.0230712
181.9833707 0.0224802
182.0049125 0.0218893
182.0264443 0.0221646
182.0479861 0.0232351
182.0695079 0.0220929
182.0910497 0.0220138
182.1126015 0.0230284
182.1341233 0.0218913
182.1556651 0.0225989
182.1771969 0.0227954
182.1987387 0.0221756
182.2202605 0.0221567
182.2418023 0.0224813
182.2633341 0.0225394
182.2848759 0.0227094
182.3063978 0.0232006
182.3279496 0.0229480
182.3494714 0.0230769
182.3710132 0.0219294
182.3925450 0.0225854
182.4140668 0.0223710
182.4356086 0.0230481
182.4571404 0.0225899
182.4786823 0.0223330
182.5002041 0.0230241
182.5217359 0.0225282
182.5432777 0.0222443
182.5648095 0.0224206
182.5863314 0.0227413
182.6078732 0.0213009
182.6294050 0.0225862
182.6509268 0.0228231
182.6724586 0.0224586
182.6940005 0.0227481
182.7155223 0.0221754
182.7370541 0.0229293
182.7585859 0.0225185
182.7801278 0.0233139
182.8016496 0.0220134
182.8231814 0.0219164
182.8447032 0.0222878
182.8662351 0.0219313
182.8877569 0.0230119
182.9092987 0.0219674
182.9308306 0.0223387
182.9523524 0.0222058
182.9738842 0.0224553
182.9954161 0.0218245
183.0169379 0.0232990
183.0384697 0.0232616
183.0599916 0.0219693
183.0815234 0.0225220
183.1030452 0.0224797
183.1245771 0.0223100
183.1460989 0.0219563
183.1676308 0.0215112
183.1891526 0.0214759
183.2106844 0.0230431
183.2322063 0.0219721
183.2537381 0.0221760
183.2752700 0.0224083
183.2967918 0.0222113
183.3183237 0.0217583
183.3398455 0.0226574
183.3613773 0.0225961
183.3828992 0.0227184
183.4044310 0.0230431
183.4259429 0.0229034
183.4474647 0.0218102
183.4689966 0.0224659
183.4905184 0.0216691
183.5120503 0.0217009
183.5335821 0.0213457
183.5550940 0.0220049
183.5766159 0.0218582
183.5981477 0.0213912
183.6196696 0.0213469
183.6411814 0.0217175
183.6627133 0.0226981
183.6842351 0.0217918
183.7057470 0.0218270
183.7272789 0.0222490
183.7488007 0.0215262
183.7703326 0.0217970
183.7918444 0.0208574
183.8133663 0.0215904
183.8348782 0.0218366
183.8564100 0.0218278
183.8779419 0.0218558
183.8994537 0.0229741
183.9209756 0.0220029
183.9424875 0.0209311
183.9640193 0.0215116
183.9855412 0.0215774
184.0070531 0.0225841
184.0285849 0.0213762
184.0500968 0.0217834
184.0716187 0.0212118
184.0931306 0.0215696
184.1146624 0.0214662
184.1361743 0.0211234
184.1576962 0.0213058
184.1792081 0.0223877
184.2007200 0.0212695
184.2222518 0.0218495
184.2437637 0.0206880
184.2652956 0.0216126
184.2868074 0.0212487
184.3083193 0.0222354
184.3298412 0.0221214
184.3513531 0.0214097
184.3728650 0.0209699
184.3943969 0.0217903
184.4159087 0.0220390
184.4374206 0.0220709
184.4589425 0.0211532
184.4804544 0.0201070
184.5019663 0.0210776
184.5234782 0.0214797
184.5450101 0.0200737
184.5665219 0.0203994
184.5880338 0.0221008
184.6095457 0.0213206
184.6310676 0.0220297
184.6525795 0.0199928
184.6740914 0.0208051
184.6956033 0.0213828
184.7171252 0.0211751
184.7386371 0.0212917
184.7601490 0.0214328
184.7816709 0.0200998
184.8031828 0.0209580
184.8246947 0.0211397
184.8462066 0.0206118
184.8677185 0.0219645
184.8892304 0.0207379
184.9107423 0.0210576
184.9322542 0.0203079
184.9537661 0.0210922
184.9752780 0.0209757
184.9967899 0.0215783
185.0183018 0.0205824
185.0398137 0.0211951
185.0613256 0.0204130
185.0828375 0.0203271
185.1043494 0.0203225
185.1258613 0.0198020
185.1473732 0.0211757
185.1688751 0.0216116
185.1903870 0.0195843
185.2118990 0.0208381
185.2334109 0.0195665
185.2549228 0.0192906
185.2764347 0.0187535
185.2979466 0.0182712
185.3194385 0.0190724
185.3409504 0.0193262
185.3624624 0.0185493
185.3839743 0.0187648
185.4054862 0.0183671
185.4269881 0.0172225
185.4485000 0.0176904
185.4700119 0.0182785
185.4915039 0.0171888
185.5130158 0.0189334
185.5345377 0.0188675
185.5560496 0.0174385
185.5775416 0.0192151
185.5990535 0.0186451
185.6205554 0.0191273
185.6420673 0.0180535
185.6635793 0.0182878
185.6850712 0.0174357
185.7065831 0.0174204
185.7280850 0.0180762
185.7495970 0.0197292
185.7711089 0.0192396
185.7926008 0.0177542
185.8141128 0.0173931
185.8356147 0.0163273
185.8571266 0.0162032
185.8786186 0.0171916
185.9001305 0.0165813
185.9216324 0.0176294
185.9431444 0.0168633
185.9646363 0.0182633
185.9861383 0.0181408
186.0076502 0.0180632
186.0291421 0.0165396
186.0506541 0.0167627
186.0721560 0.0144596
186.0936480 0.0147450
186.1151599 0.0146296
186.1366618 0.0141611
186.1581738 0.0153352
186.1796657 0.0158759
186.2011677 0.0163677
186.2226596 0.0174491
186.2441716 0.0169614
186.2656735 0.0163035
186.2871655 0.0146626
186.3086774 0.0145554
186.3301794 0.0154054
186.3516713 0.0166585
186.3731733 0.0176019
186.3946652 0.0198888
186.4161772 0.0185454
186.4376791 0.0178109
186.4591711 0.0181878
186.4806631 0.0180141
186.5021650 0.0188163
186.5236570 0.0183386
186.5451589 0.0185904
186.5666709 0.0180933
186.5881628 0.0177711
186.6096648 0.0174751
186.6311568 0.0180651
186.6526587 0.0178423
186.6741507 0.0178328
186.6956526 0.0168037
186.7171446 0.0165375
186.7386466 0.0161234
186.7601385 0.0168545
186.7816405 0.0175420
186.8031325 0.0174087
186.8246344 0.0165005
186.8461264 0.0143721
186.8676284 0.0137541
186.8891203 0.0149573
186.9106223 0.0161731
186.9321043 0.0165068
186.9535963 0.0160030
186.9750982 0.0143958
186.9965902 0.0133280
187.0180922 0.0134068
187.0395842 0.0136962
187.0610861 0.0153650
187.0825681 0.0170058
187.1040601 0.0154025
187.1255621 0.0144476
187.1470540 0.0128198
187.1685360 0.0106402
187.1900380 0.0100252
187.2115300 0.0110620
187.2330320 0.0125602
187.2545140 0.0142657
187.2760059 0.0137538
187.2975079 0.0111324
187.3189799 0.0098977
187.3404819 0.0097115
187.3619739 0.0096195
187.3834559 0.0098430
187.4049579 0.0101494
187.4264498 0.0108528
187.4479318 0.0125878
187.4694338 0.0131097
187.4909158 0.0117411
187.5124078 0.0094226
187.5339098 0.0090257
187.5553918 0.0081337
187.5768838 0.0079054
187.5983658 0.0074648
187.6198678 0.0076464
187.6413498 0.0080965
187.6628418 0.0096037
187.6843238 0.0110949
187.7058058 0.0101315
187.7273078 0.0086083
187.7487898 0.0076536
187.7702818 0.0069298
187.7917638 0.0068113
187.8132558 0.0068872
187.8347378 0.0065222
187.8562198 0.0069356
187.8777218 0.0070813
187.8992038 0.0078721
187.9206858 0.0089691
187.9421778 0.0087835
187.9636598 0.0076369
187.9851418 0.0067767
188.0066239 0.0064265
188.0281258 0.0061843
188.0496079 0.0062921
188.0710899 0.0059278
188.0925719 0.0064915
188.1140639 0.0066053
188.1355459 0.0065237
188.1570279 0.0067748
188.1785099 0.0078657
188.1999920 0.0096183
188.2214840 0.0099411
188.2429660 0.0120834
188.2644480 0.0144391
188.2859300 0.0156235
188.3074121 0.0159209
188.3288941 0.0145818
188.3503761 0.0144536
188.3718581 0.0141722
188.3933401 0.0128897
188.4148222 0.0129925
188.4363042 0.0133630
188.4577862 0.0131886
188.4792682 0.0121748
188.5007503 0.0130636
188.5222323 0.0143499
188.5437143 0.0134125
188.5651964 0.0107592
188.5866784 0.0092281
188.6081604 0.0090237
188.6296424 0.0100623
188.6511245 0.0107630
188.6726065 0.0094666
188.6940885 0.0071815
188.7155706 0.0070823
188.7370326 0.0073455
188.7585147 0.0087894
188.7799967 0.0105929
188.8014787 0.0099348
188.8229608 0.0076955
188.8444228 0.0063134
188.8659049 0.0062945
188.8873869 0.0065539
188.9088689 0.0069754
188.9303510 0.0082249
188.9518230 0.0086397
188.9733051 0.0076451
188.9947871 0.0066518
189.0162492 0.0060837
189.0377312 0.0056220
189.0592132 0.0056112
189.0806753 0.0056628
189.1021573 0.0064619
189.1236394 0.0077465
189.1451114 0.0072503
189.1665935 0.0062553
189.1880555 0.0055971
189.2095376 0.0052034
189.2310196 0.0048627
189.2524817 0.0049720
189.2739637 0.0050587
189.2954358 0.0054689
189.3169179 0.0065478
189.3383799 0.0060054
189.3598620 0.0058735
189.3813340 0.0053972
189.4028161 0.0048352
189.4242782 0.0048860
189.4457402 0.0047302
189.4672223 0.0046247
189.4886943 0.0046795
189.5101764 0.0048942
189.5316385 0.0055628
189.5531105 0.0062244
189.5745926 0.0058614
189.5960547 0.0050208
189.6175267 0.0046604
189.6390088 0.0045286
189.6604709 0.0044404
189.6819329 0.0044062
189.7034150 0.0044020
189.7248871 0.0044941
189.7463491 0.0046125
189.7678212 0.0049426
189.7893033 0.0056042
189.8107654 0.0053984
189.8322374 0.0048572
189.8536995 0.0045627
189.8751616 0.0044691
189.8966437 0.0044749
189.9181157 0.0045097
189.9395778 0.0044027
189.9610499 0.0043096
189.9825120 0.0044653
190.0039840 0.0043242
190.0254461 0.0045549
190.0469082 0.0048179
190.0683903 0.0049133
190.0898624 0.0047901
190.1113245 0.0047251
190.1327965 0.0048866
190.1542586 0.0047732
190.1757307 0.0050859
190.1971928 0.0049765
190.2186549 0.0054399
190.2401270 0.0063868
190.2615891 0.0089280
190.2830612 0.0115440
190.3045133 0.0118416
190.3259753 0.0115387
190.3474474 0.0114570
190.3689095 0.0102547
190.3903716 0.0089575
190.4118437 0.0091302
190.4333058 0.0094712
190.4547779 0.0084830
190.4762300 0.0070654
190.4976921 0.0064231
190.5191642 0.0070952
190.5406263 0.0079612
190.5620884 0.0071571
190.5835405 0.0057844
190.6050126 0.0056332
190.6264747 0.0058952
190.6479268 0.0070296
190.6693989 0.0079748
190.6908610 0.0065754
190.7123231 0.0052375
190.7337752 0.0051550
190.7552473 0.0052026
190.7767094 0.0060925
190.7981616 0.0070169
190.8196337 0.0062669
190.8410758 0.0054024
190.8625479 0.0048663
190.8840100 0.0046056
190.9054621 0.0047409
190.9269342 0.0052847
190.9483863 0.0062038
190.9698484 0.0061211
190.9913006 0.0053765
191.0127627 0.0047903
191.0342148 0.0047056
191.0556869 0.0046924
191.0771390 0.0047689
191.0986011 0.0048791
191.1200533 0.0055631
191.1415154 0.0057970
191.1629675 0.0052507
191.1844196 0.0048095
191.2058917 0.0046081
191.2273439 0.0045069
191.2487860 0.0044820
191.2702581 0.0045943
191.2917103 0.0046529
191.3131624 0.0052390
191.3346245 0.0055455
191.3560766 0.0052426
191.3775288 0.0048553
191.3989909 0.0046439
191.4204430 0.0046086
191.4418952 0.0046854
191.4633473 0.0046365
191.4848194 0.0047329
191.5062715 0.0047195
191.5277137 0.0050161
191.5491658 0.0053109
191.5706180 0.0051986
191.5920701 0.0049740
191.6135422 0.0048589
191.6349944 0.0047299
191.6564365 0.0047597
191.6778886 0.0048325
191.6993408 0.0047582
191.7207929 0.0047385
191.7422451 0.0048228
191.7636972 0.0050521
191.7851494 0.0051972
191.8066015 0.0053797
191.8280536 0.0051265
191.8495058 0.0049296
191.8709579 0.0048852
191.8924001 0.0048558
191.9138522 0.0050257
191.9353044 0.0050888
191.9567565 0.0051757
191.9782087 0.0052233
191.9996608 0.0053339
192.0211130 0.0054057
192.0425651 0.0055088
192.0640173 0.0053692
192.0854494 0.0055004
192.1069016 0.0052533
192.1283538 0.0053975
192.1498059 0.0054156
192.1712581 0.0053483
192.1926902 0.0053326
192.2141424 0.0052772
192.2355945 0.0054517
192.2570467 0.0055064
192.2784789 0.0054207
192.2999310 0.0053170
192.3213832 0.0055263
192.3428353 0.0056005
192.3642675 0.0057835
192.3857197 0.0058744
192.4071718 0.0062937
192.4286140 0.0071711
192.4500662 0.0084525
192.4715083 0.0088623
192.4929505 0.0089023
192.5144027 0.0086984
192.5358349 0.0083037
192.5572870 0.0076312
192.5787192 0.0072618
192.6001714 0.0079014
192.6216135 0.0077205
192.6430657 0.0073752
192.6644979 0.0071022
192.6859501 0.0074470
192.7073823 0.0077651
192.7288344 0.0073022
192.7502766 0.0065902
192.7717288 0.0065780
192.7931610 0.0067343
192.8146131 0.0073205
192.8360453 0.0074766
192.8574875 0.0069578
192.8789397 0.0065891
192.9003719 0.0063089
192.9218041 0.0065132
192.9432562 0.0070389
192.9646984 0.0074436
192.9861306 0.0070965
193.0075828 0.0066336
193.0290150 0.0065807
193.0504572 0.0064860
193.0719093 0.0064912
193.0933415 0.0067729
193.1147737 0.0071392
193.1362159 0.0071770
193.1576481 0.0069239
193.1791003 0.0066704
193.2005325 0.0065982
193.2219747 0.0065853
193.2434069 0.0066825
193.2648491 0.0068762
193.2862813 0.0072798
193.3077135 0.0071791
193.3291557 0.0071442
193.3506079 0.0068706
193.3720401 0.0067230
193.3934723 0.0066850
193.4149145 0.0068393
193.4363467 0.0068968
193.4577889 0.0069660
193.4792211 0.0070956
193.5006533 0.0072790
193.5220955 0.0071036
193.5435277 0.0070690
193.5649599 0.0069843
193.5864021 0.0070927
193.6078243 0.0070585
193.6292565 0.0071462
193.6506987 0.0073013
193.6721310 0.0071765
193.6935632 0.0071614
193.7150054 0.0073057
193.7364376 0.0074402
193.7578698 0.0074756
193.7792920 0.0073923
193.8007342 0.0074049
193.8221665 0.0074023
193.8435987 0.0073603
193.8650209 0.0074480
193.8864631 0.0075137
193.9078953 0.0075065
193.9293275 0.0076795
193.9507498 0.0077292
193.9721920 0.0078372
193.9936242 0.0078585
194.0150464 0.0077036
194.0364787 0.0078096
194.0579209 0.0079098
194.0793431 0.0079155
194.1007753 0.0079320
194.1222076 0.0077997
194.1436298 0.0080112
194.1650720 0.0080810
194.1864843 0.0081394
194.2079265 0.0081177
194.2293487 0.0081799
194.2507809 0.0081566
194.2722032 0.0081917
194.2936354 0.0083264
194.3150576 0.0082791
194.3364999 0.0082599
194.3579121 0.0084102
194.3793543 0.0083153
194.4007766 0.0084586
194.4222088 0.0084120
194.4436310 0.0086052
194.4650533 0.0086881
194.4864855 0.0086578
194.5079078 0.0086899
194.5293300 0.0087231
194.5507623 0.0086016
194.5721845 0.0087751
194.5936067 0.0087687
194.6150390 0.0087623
194.6364612 0.0087842
194.6578835 0.0089594
194.6793057 0.0089487
194.7007380 0.0089767
194.7221602 0.0086240
194.7435825 0.0094297
194.7650047 0.0097089
194.7864370 0.0097059
194.8078592 0.0097064
194.8292815 0.0097362
194.8507037 0.0098069
194.8721260 0.0097732
194.8935482 0.0098143
194.9149605 0.0097628
194.9363827 0.0097107
194.9578250 0.0096895
194.9792472 0.0097289
195.0006595 0.0098276
195.0220818 0.0098401
195.0435040 0.0099135
195.0649263 0.0098334
195.0863485 0.0098933
195.1077708 0.0100755
195.1291931 0.0101750
195.1506053 0.0100706
195.1720276 0.0099775
195.1934399 0.0099071
195.2148621 0.0099579
195.2362744 0.0100104
195.2576967 0.0101117
195.2791189 0.0103304
195.3005412 0.0104591
195.3219635 0.0101722
195.3433857 0.0101879
195.3647880 0.0102247
195.3862103 0.0102432
195.4076326 0.0103583
195.4290548 0.0105419
195.4504671 0.0105389
195.4718794 0.0105155
195.4933017 0.0104974
195.5147239 0.0104068
195.5361362 0.0105824
195.5575485 0.0105908
195.5789708 0.0106453
195.6003830 0.0107816
195.6217953 0.0108599
195.6432176 0.0106937
195.6646199 0.0108126
195.6860422 0.0107809
195.7074644 0.0107847
195.7288667 0.0109580
195.7502890 0.0108952
195.7716913 0.0109417
195.7931136 0.0110265
195.8145359 0.0111282
195.8359382 0.0111753
195.8573605 0.0111904
195.8787628 0.0112495
195.9001850 0.0113083
195.9215973 0.0112245
195.9429996 0.0113590
195.9644219 0.0114257
195.9858242 0.0113326
196.0072465 0.0115423
196.0286488 0.0114576
196.0500711 0.0115946
196.0714834 0.0115702
196.0928857 0.0118485
196.1143080 0.0117305
196.1357103 0.0117528
196.1571126 0.0116979
196.1785349 0.0118441
196.1999472 0.0119601
196.2213495 0.0118759
196.2427518 0.0120023
196.2641741 0.0119079
196.2855764 0.0121709
196.3069887 0.0122272
196.3283910 0.0123655
196.3498133 0.0121971
196.3712156 0.0121899
196.3926279 0.0123429
196.4140302 0.0122894
196.4354325 0.0123956
196.4568449 0.0124888
196.4782472 0.0125479
196.4996695 0.0125391
196.5210718 0.0126276
196.5424841 0.0126053
196.5638864 0.0127471
196.5852887 0.0128429
196.6067010 0.0128876
196.6281034 0.0128612
196.6495057 0.0128271
196.6709180 0.0130084
196.6923203 0.0129563
196.7137226 0.0131963
196.7351349 0.0132072
196.7565373 0.0131859
196.7779396 0.0132421
196.7993319 0.0132306
196.8207342 0.0133298
196.8421466 0.0132629
196.8635489 0.0134082
196.8849512 0.0135343
196.9063635 0.0135109
196.9277659 0.0135480
196.9491582 0.0136375
196.9705605 0.0136068
196.9919728 0.0137201
197.0133752 0.0138739
197.0347775 0.0138408
197.0561698 0.0139472
197.0775722 0.0139492
197.0989845 0.0141064
197.1203669 0.0139904
197.1417792 0.0140980
197.1631815 0.0142190
197.1845739 0.0142060
197.2059762 0.0143013
197.2273885 0.0144167
197.2487709 0.0145870
197.2701832 0.0146727
197.2915855 0.0146794
197.3129779 0.0145873
197.3343802 0.0146358
197.3557726 0.0146768
197.3771749 0.0148470
197.3985673 0.0149670
197.4199796 0.0149515
197.4413620 0.0151321
197.4627743 0.0151279
197.4841566 0.0151257
197.5055690 0.0151157
197.5269613 0.0153063
197.5483637 0.0152855
197.5697560 0.0152410
197.5911484 0.0154564
197.6125507 0.0155918
197.6339431 0.0155284
197.6553255 0.0155961
197.6767378 0.0156081
197.6981301 0.0157432
197.7195125 0.0158417
197.7409249 0.0160837
197.7623172 0.0160305
197.7836996 0.0160477
197.8051119 0.0161121
197.8265043 0.0162785
197.8478867 0.0162954
197.8692790 0.0162500
197.8906714 0.0163175
197.9120737 0.0164566
197.9334661 0.0165232
197.9548585 0.0165559
197.9762508 0.0166109
197.9976432 0.0165235
198.0190256 0.0167401
198.0404379 0.0168034
198.0618203 0.0168350
198.0832127 0.0169061
198.1046050 0.0170207
198.1259974 0.0170953
198.1473898 0.0172588
198.1687821 0.0171800
198.1901645 0.0173231
198.2115569 0.0173826
198.2329493 0.0174625
198.2543416 0.0176384
198.2757340 0.0177448
198.2971164 0.0176640
198.3185088 0.0177623
198.3399011 0.0179099
198.3612735 0.0179824
198.3826659 0.0180394
198.4040583 0.0180920
198.4254507 0.0180486
198.4468331 0.0183512
198.4682254 0.0183144
198.4896178 0.0184216
198.5109902 0.0184602
198.5323826 0.0184611
198.5537750 0.0184363
198.5751673 0.0187093
198.5965397 0.0186922
198.6179321 0.0188280
198.6393245 0.0189198
198.6607169 0.0190749
198.6820893 0.0191048
198.7034817 0.0192509
198.7248641 0.0193607
198.7462465 0.0192996
198.7676389 0.0194551
198.7890113 0.0195463
198.8104037 0.0196352
198.8317860 0.0197074
198.8531684 0.0198878
198.8745608 0.0198917
198.8959332 0.0199221
198.9173256 0.0200689
198.9386980 0.0200723
198.9600904 0.0202259
198.9814628 0.0203190
199.0028552 0.0204188
199.0242276 0.0206450
199.0456200 0.0204977
199.0669925 0.0206690
199.0883848 0.0208160
199.1097573 0.0207716
199.1311397 0.0208728
199.1525221 0.0209331
199.1739045 0.0212317
199.1952869 0.0211633
199.2166693 0.0212900
199.2380417 0.0215215
199.2594141 0.0215284
199.2808065 0.0218147
199.3021789 0.0218435
199.3235614 0.0219723
199.3449438 0.0218920
199.3663262 0.0221715
199.3876986 0.0220985
199.4090710 0.0221881
199.4304534 0.0222264
199.4518358 0.0223987
199.4732183 0.0226102
199.4945907 0.0226585
199.5159631 0.0221047
199.5373455 0.0229098
199.5587180 0.0230063
199.5800904 0.0230598
199.6014628 0.0232007
199.6228552 0.0231768
199.6442276 0.0233830
199.6656101 0.0234926
199.6869825 0.0234583
199.7083549 0.0238130
199.7297373 0.0237488
199.7511098 0.0238678
199.7724822 0.0240437
199.7938546 0.0242145
199.8152371 0.0242815
199.8365895 0.0242928
199.8579719 0.0245937
199.8793444 0.0245625
199.9007168 0.0247252
199.9220992 0.0246845
199.9434717 0.0250636
199.9648441 0.0250291
199.9862165 0.0252835
200.0075790 0.0253058
200.0289514 0.0253825
200.0503339 0.0255291
200.0717063 0.0254064
200.0930687 0.0256859
200.1144412 0.0258287
200.1358136 0.0258501
200.1571961 0.0261611
200.1785485 0.0261878
200.1999310 0.0265513
200.2213034 0.0263361
200.2426659 0.0267155
200.2640383 0.0266081
200.2854107 0.0267684
200.3067732 0.0269573
200.3281456 0.0271340
200.3495081 0.0271589
200.3708805 0.0272145
200.3922630 0.0274077
200.4136155 0.0275433
200.4349979 0.0275503
200.4563504 0.0279089
200.4777328 0.0280491
200.4990853 0.0280731
200.5204677 0.0282282
200.5418302 0.0284427
200.5632026 0.0284452
200.5845651 0.0285892
200.6059176 0.0287923
200.6273000 0.0289283
200.6486525 0.0289152
200.6700349 0.0290650
200.6913874 0.0292878
200.7127499 0.0294971
200.7341223 0.0294879
200.7554848 0.0296152
200.7768473 0.0298461
200.7982097 0.0299023
200.8195822 0.0301473
200.8409447 0.0301875
200.8622971 0.0303941
200.8836596 0.0305737
200.9050421 0.0306485
200.9263945 0.0308276
200.9477570 0.0309188
200.9691195 0.0309927
200.9904820 0.0312469
201.0118544 0.0314094
201.0332169 0.0315068
201.0545694 0.0316853
201.0759319 0.0316719
201.0972943 0.0317561
201.1186568 0.0320591
201.1400093 0.0319976
201.1613718 0.0323894
201.1827342 0.0323613
201.2040967 0.0326238
201.2254492 0.0327261
201.2468117 0.0328691
201.2681742 0.0329983
201.2895367 0.0331800
201.3108891 0.0333779
201.3322516 0.0335407
201.3536141 0.0335585
201.3749766 0.0340226
201.3963291 0.0339556
201.4176816 0.0341734
201.4390341 0.0342427
201.4603966 0.0344321
201.4817591 0.0347413
201.5031215 0.0347884
201.5244740 0.0348827
201.5458265 0.0350627
201.5671790 0.0353266
201.5885415 0.0353016
201.6099040 0.0354415
201.6312465 0.0357499
201.6526090 0.0357720
201.6739715 0.0359358
201.6953140 0.0360448
201.7166765 0.0362169
201.7380290 0.0364986
201.7593815 0.0366313
201.7807340 0.0367446
201.8020965 0.0369647
201.8234390 0.0371643
201.8448015 0.0372423
201.8661440 0.0375259
201.8875065 0.0375592
201.9088490 0.0377376
201.9302115 0.0378302
201.9515740 0.0382259
201.9729166 0.0387249
201.9942591 0.0384867
202.0156216 0.0386016
202.0369641 0.0387537
202.0583266 0.0390108
202.0796691 0.0389858
202.1010316 0.0391525
202.1223741 0.0394675
202.1437267 0.0396789
202.1650792 0.0397943
202.1864317 0.0398952
202.2077742 0.0400517
202.2291367 0.0403160
202.2504792 0.0402694
202.2718218 0.0405649
202.2931843 0.0408649
202.3145268 0.0409855
202.3358693 0.0410853
202.3572119 0.0413193
202.3785744 0.0415168
202.3999169 0.0417372
202.4212694 0.0418621
202.4426119 0.0419709
202.4639545 0.0422366
202.4852970 0.0423303
202.5066595 0.0425912
202.5280021 0.0428960
202.5493546 0.0429247
202.5706971 0.0430870
202.5920397 0.0433549
202.6133822 0.0434394
202.6347247 0.0439773
202.6560772 0.0439692
202.6774198 0.0440564
202.6987623 0.0442604
202.7201049 0.0444044
202.7414574 0.0446668
202.7627999 0.0449466
202.7841425 0.0447518
202.8054850 0.0451836
202.8268375 0.0452371
202.8481801 0.0454913
202.8695226 0.0457782
202.8908552 0.0459104
202.9121977 0.0462332
202.9335403 0.0462925
202.9548828 0.0466330
202.9762353 0.0468627
202.9975779 0.0468310
203.0189104 0.0472428
203.0402530 0.0472620
203.0615955 0.0474433
203.0829381 0.0479172
203.1042706 0.0479532
203.1256132 0.0480528
203.1469557 0.0483180
203.1682883 0.0486374
203.1896308 0.0487857
203.2109834 0.0491947
203.2323060 0.0495897
203.2536585 0.0493073
203.2750011 0.0497860
203.2963236 0.0498331
203.3176762 0.0499856
203.3389987 0.0502180
203.3603513 0.0503608
203.3816739 0.0505448
203.4030264 0.0508055
203.4243490 0.0511327
203.4457015 0.0513082
203.4670241 0.0515079
203.4883667 0.0517269
203.5096992 0.0520127
203.5310418 0.0520262
203.5523744 0.0524334
203.5737069 0.0526645
203.5950495 0.0529421
203.6163821 0.0528959
203.6377246 0.0532044
203.6590572 0.0535069
203.6803798 0.0537012
203.7017323 0.0537649
203.7230549 0.0540989
203.7443875 0.0544132
203.7657201 0.0547544
203.7870626 0.0549420
203.8083952 0.0549739
203.8297178 0.0553159
203.8510504 0.0554695
203.8723929 0.0556418
203.8937255 0.0558863
203.9150581 0.0564238
203.9363807 0.0565563
203.9577133 0.0566563
203.9790458 0.0569220
204.0003784 0.0571998
204.0217010 0.0572604
204.0430436 0.0577050
204.0643762 0.0580224
204.0857088 0.0580511
204.1070413 0.0585648
204.1283639 0.0586771
204.1496965 0.0590264
204.1710291 0.0591828
204.1923517 0.0595240
204.2136843 0.0598359
204.2350169 0.0599417
204.2563295 0.0602124
204.2776621 0.0605206
204.2989847 0.0607449
204.3203173 0.0612371
204.3416498 0.0611687
204.3629724 0.0612723
204.3843050 0.0617523
204.4056376 0.0621629
204.4269502 0.0622884
204.4482828 0.0623232
204.4696054 0.0627397
204.4909380 0.0629490
204.5122506 0.0633096
204.5335832 0.0635648
204.5549158 0.0638906
204.5762384 0.0638646
204.5975610 0.0642806
204.6188836 0.0645340
204.6402162 0.0649742
204.6615289 0.0652215
204.6828615 0.0654451
204.7041741 0.0659623
204.7255067 0.0661083
204.7468393 0.0662566
204.7681519 0.0667625
204.7894745 0.0666667
204.8107971 0.0673216
204.8321197 0.0674001
204.8534324 0.0678293
204.8747650 0.0681319
204.8960776 0.0686689
204.9174102 0.0689898
204.9387228 0.0690993
204.9600554 0.0692851
204.9813680 0.0696945
205.0026807 0.0698247
205.0240133 0.0703729
205.0453259 0.0706637
205.0666585 0.0707864
205.0879711 0.0709980
205.1092838 0.0714162
205.1306164 0.0718186
205.1519290 0.0720264
205.1732416 0.0723905
205.1945643 0.0727425
205.2158869 0.0732818
205.2371995 0.0733008
205.2585221 0.0736826
205.2798348 0.0742226
205.3011574 0.0743755
205.3224800 0.0745564
205.3437927 0.0753649
205.3651053 0.0751685
205.3864179 0.0753874
205.4077306 0.0760676
205.4290532 0.0763589
205.4503758 0.0767786
205.4716885 0.0767784
205.4930111 0.0771348
205.5143237 0.0777714
205.5356364 0.0778886
205.5569490 0.0782435
205.5782617 0.0785391
205.5995743 0.0788638
205.6208969 0.0794430
205.6422096 0.0795850
205.6635222 0.0799969
205.6848349 0.0803207
205.7061375 0.0806196
205.7274502 0.0810521
205.7487628 0.0813375
205.7700755 0.0818501
205.7913981 0.0818967
205.8127107 0.0823482
205.8340234 0.0827882
205.8553261 0.0830738
205.8766387 0.0834412
205.8979513 0.0833725
205.9192640 0.0842856
205.9405667 0.0841245
205.9618793 0.0848654
205.9831920 0.0848334
206.0045046 0.0855281
206.0258073 0.0856812
206.0471199 0.0860906
206.0684326 0.0864063
206.0897353 0.0867454
206.1110479 0.0870657
206.1323506 0.0876000
206.1536632 0.0876802
206.1749759 0.0878748
206.1962786 0.0883123
206.2175912 0.0888364
206.2388939 0.0891349
206.2602065 0.0894037
206.2814992 0.0899406
206.3028219 0.0900571
206.3241145 0.0905827
206.3454272 0.0910332
206.3667299 0.0912657
206.3880425 0.0915872
206.4093452 0.0919278
206.4306479 0.0924938
206.4519606 0.0929121
206.4732532 0.0935875
206.4945759 0.0937128
206.5158686 0.0941785
206.5371713 0.0943574
206.5584739 0.0948105
206.5797866 0.0956680
206.6010793 0.0957468
206.6223820 0.0963396
206.6436946 0.0966771
206.6649973 0.0969381
206.6863000 0.0973404
206.7075927 0.0979635
206.7288954 0.0984014
206.7502080 0.0987617
206.7715107 0.0993442
206.7928034 0.0996719
206.8141061 0.1001033
206.8354088 0.1003038
206.8567015 0.1007335
206.8780042 0.1013800
206.8993068 0.1016699
206.9205995 0.1019958
206.9419022 0.1024913
206.9632049 0.1026349
206.9844976 0.1034185
207.0058003 0.1035758
207.0271030 0.1039577
207.0483957 0.1044138
207.0696984 0.1049662
207.0909911 0.1055237
207.1122938 0.1057494
207.1335965 0.1061547
207.1548892 0.1064812
207.1761919 0.1070413
207.1974945 0.1075795
207.2187773 0.1079594
207.2400800 0.1079665
207.2613727 0.1086793
207.2826754 0.1090496
207.3039681 0.1094656
207.3252608 0.1097025
207.3465535 0.1099035
207.3678562 0.1110632
207.3891589 0.1111908
207.4104416 0.1115800
207.4317343 0.1120950
207.4530370 0.1123212
207.4743197 0.1125160
207.4956224 0.1133167
207.5169151 0.1135740
207.5382078 0.1138075
207.5595005 0.1142082
207.5807833 0.1150675
207.6020860 0.1150668
207.6233687 0.1156753
207.6446714 0.1158615
207.6659541 0.1165498
207.6872568 0.1171200
207.7085396 0.1172624
207.7298323 0.1175229
207.7511150 0.1181953
207.7724177 0.1186644
207.7937004 0.1187454
207.8150031 0.1193997
207.8362859 0.1196956
207.8575686 0.1204627
207.8788713 0.1205712
207.9001540 0.1210734
207.9214368 0.1220005
207.9427395 0.1221050
207.9640222 0.1217768
207.9853050 0.1229401
208.0066077 0.1232636
208.0278904 0.1236694
208.0491731 0.1239077
208.0704559 0.1244595
208.0917586 0.1246541
208.1130413 0.1254759
208.1343241 0.1253479
208.1556068 0.1262932
208.1768895 0.1265381
208.1981723 0.1271531
208.2194550 0.1270182
208.2407577 0.1276900
208.2620405 0.1280050
208.2833232 0.1288625
208.3046060 0.1289209
208.3258987 0.1292576
208.3471814 0.1300891
208.3684642 0.1299701
208.3897469 0.1308574
208.4110297 0.1310525
208.4323124 0.1315195
208.4535952 0.1319374
208.4748779 0.1323224
208.4961706 0.1323584
208.5174334 0.1333306
208.5387161 0.1333133
208.5599989 0.1335451
208.5812916 0.1342485
208.6025744 0.1351531
208.6238571 0.1351721
208.6451399 0.1352923
208.6664126 0.1357617
208.6876954 0.1363194
208.7089781 0.1370043
208.7302609 0.1369940
208.7515337 0.1378098
208.7728164 0.1379395
208.7940992 0.1383369
208.8153619 0.1390028
208.8366547 0.1393017
208.8579374 0.1399973
208.8792002 0.1397364
208.9004830 0.1402305
208.9217657 0.1413696
208.9430385 0.1417631
208.9643213 0.1413351
208.9855940 0.1416090
209.0068768 0.1424563
209.0281496 0.1430071
209.0494323 0.1436798
209.0706951 0.1432240
209.0919779 0.1442913
209.1132506 0.1450684
209.1345334 0.1447249
209.1558062 0.1450128
209.1770889 0.1456816
209.1983517 0.1460244
209.2196245 0.1464105
209.2409073 0.1461480
209.2621800 0.1472594
209.2834428 0.1475056
209.3047356 0.1477934
209.3259984 0.1480094
209.3472711 0.1491833
209.3685539 0.1486466
209.3898167 0.1495399
209.4110895 0.1496260
209.4323623 0.1503416
209.4536450 0.1500191
209.4749078 0.1513049
209.4961806 0.1511026
209.5174534 0.1515692
209.5387162 0.1518930
209.5599890 0.1526926
209.5812717 0.1527879
209.6025445 0.1533116
209.6238073 0.1538262
209.6450801 0.1539106
209.6663429 0.1539682
209.6876157 0.1548783
209.7088885 0.1547315
209.7301513 0.1549053
209.7514240 0.1558037
209.7726868 0.1563713
209.7939596 0.1564641
209.8152324 0.1569069
209.8364952 0.1572578
209.8577680 0.1573754
209.8790308 0.1575508
209.9003036 0.1583543
209.9215564 0.1586147
209.9428292 0.1589001
209.9640920 0.1592385
209.9853648 0.1599470
210.0066276 0.1594309
210.0279004 0.1602713
210.0491532 0.1610995
210.0704260 0.1615113
210.0916888 0.1612592
210.1129616 0.1618610
210.1342144 0.1626189
210.1554872 0.1624803
210.1767501 0.1624013
210.1980029 0.1627428
210.2192757 0.1639349
210.2405385 0.1633896
210.2618013 0.1645640
210.2830641 0.1646550
210.3043169 0.1647240
210.3255897 0.1654366
210.3468525 0.1656375
210.3681054 0.1649649
210.3893782 0.1665655
210.4106310 0.1662410
210.4319038 0.1669203
210.4531566 0.1674829
210.4744194 0.1676548
210.4956823 0.1675105
210.5169451 0.1686175
210.5381979 0.1684531
210.5594507 0.1697965
210.5807235 0.1687340
210.6019764 0.1689299
210.6232292 0.1699789
210.6445020 0.1700252
210.6657549 0.1707296
210.6870077 0.1707680
210.7082705 0.1711828
210.7295233 0.1713601
210.7507862 0.1710873
210.7720490 0.1720147
210.7933018 0.1727575
210.8145547 0.1730708
210.8358075 0.1725947
210.8570603 0.1731074
210.8783132 0.1743556
210.8995860 0.1738255
210.9208388 0.1741559
210.9420917 0.1747359
210.9633445 0.1746748
210.9845973 0.1754483
211.0058502 0.1755761
211.0271130 0.1755538
211.0483658 0.1760181
211.0696187 0.1770098
211.0908715 0.1766896
211.1121244 0.1768160
211.1333772 0.1777618
211.1546301 0.1776069
211.1758829 0.1783185
211.1971358 0.1783680
211.2183886 0.1788643
211.2396414 0.1782988
211.2608943 0.1794564
211.2821471 0.1791813
211.3033900 0.1799175
211.3246428 0.1800022
211.3458957 0.1803341
211.3671485 0.1809425
211.3884014 0.1803487
211.4096443 0.1810619
211.4308971 0.1812448
211.4521500 0.1814781
211.4734028 0.1819609
211.4946457 0.1827426
211.5158985 0.1820687
211.5371514 0.1829987
211.5583842 0.1828725
211.5796371 0.1834556
211.6008900 0.1831725
211.6221328 0.1835155
211.6433857 0.1840474
211.6646285 0.1845283
211.6858814 0.1843623
211.7071343 0.1848246
211.7283671 0.1850235
211.7496200 0.1855881
211.7708629 0.1854100
211.7921157 0.1858079
211.8133586 0.1863218
211.8346115 0.1865593
211.8558443 0.1873159
211.8770872 0.1867606
211.8983401 0.1873381
211.9195730 0.1872045
211.9408258 0.1878329
211.9620687 0.1878565
211.9833116 0.1885149
212.0045644 0.1882568
212.0257973 0.1887526
212.0470402 0.1888554
212.0682731 0.1900623
