# wl 	 %tx
 177.92034  0.24908
 177.94196  0.23855
 177.96359  0.24490
 177.98520  0.23923
 178.00683  0.24196
 178.02845  0.24423
 178.05006  0.24077
 178.07169  0.23724
 178.09331  0.24822
 178.11493  0.23200
 178.13655  0.23618
 178.15817  0.23508
 178.17979  0.22717
 178.20141  0.22156
 178.22303  0.22654
 178.24465  0.23040
 178.26628  0.23889
 178.28789  0.23228
 178.30951  0.23276
 178.33113  0.24061
 178.35275  0.23804
 178.37436  0.23003
 178.39599  0.24503
 178.41759  0.22569
 178.43922  0.22920
 178.46083  0.23785
 178.48246  0.23550
 178.50407  0.23052
 178.52570  0.24317
 178.54731  0.24307
 178.56893  0.23925
 178.59055  0.22664
 178.61217  0.24391
 178.63378  0.23920
 178.65539  0.23271
 178.67701  0.22809
 178.69863  0.24121
 178.72025  0.23041
 178.74187  0.23617
 178.76347  0.23575
 178.78510  0.24020
 178.80671  0.25964
 178.82832  0.25555
 178.84995  0.24007
 178.87156  0.23040
 178.89317  0.24744
 178.91478  0.23128
 178.93640  0.23787
 178.95802  0.23208
 178.97962  0.23517
 179.00124  0.24829
 179.02286  0.23339
 179.04448  0.23395
 179.06608  0.23556
 179.08769  0.23682
 179.10932  0.24525
 179.13093  0.24126
 179.15255  0.23726
 179.17415  0.23799
 179.19577  0.23886
 179.21737  0.24233
 179.23900  0.24367
 179.26061  0.23635
 179.28222  0.24032
 179.30384  0.25819
 179.32544  0.23813
 179.34705  0.24070
 179.36866  0.24486
 179.39027  0.23603
 179.41189  0.22659
 179.43349  0.23426
 179.45511  0.24274
 179.47672  0.23894
 179.49832  0.24554
 179.51994  0.24134
 179.54155  0.23468
 179.56316  0.24579
 179.58477  0.22907
 179.60639  0.23023
 179.62799  0.23671
 179.64960  0.24260
 179.67122  0.23907
 179.69282  0.24234
 179.71444  0.24941
 179.73604  0.23877
 179.75766  0.24318
 179.77927  0.24574
 179.80087  0.24503
 179.82248  0.23610
 179.84408  0.24351
 179.86570  0.23993
 179.88730  0.23979
 179.90891  0.24392
 179.93053  0.24487
 179.95212  0.24214
 179.97373  0.25063
 179.99534  0.23929
 180.01696  0.24789
 180.03855  0.23842
 180.06016  0.24071
 180.08177  0.25164
 180.10338  0.24286
 180.12498  0.23526
 180.14659  0.24837
 180.16820  0.24693
 180.18979  0.24557
 180.21140  0.24759
 180.23302  0.23765
 180.25462  0.23501
 180.27622  0.23300
 180.29783  0.25220
 180.31943  0.24814
 180.34104  0.24474
 180.36264  0.23795
 180.38425  0.24927
 180.40585  0.27269
 180.42745  0.24991
 180.44906  0.24440
 180.47067  0.24730
 180.49227  0.24959
 180.51387  0.24968
 180.53548  0.24539
 180.55708  0.25548
 180.57868  0.24657
 180.60029  0.24968
 180.62188  0.25021
 180.64350  0.24626
 180.66509  0.25111
 180.68670  0.23713
 180.70830  0.25116
 180.72990  0.24217
 180.75150  0.24563
 180.77309  0.25937
 180.79471  0.24946
 180.81630  0.25899
 180.83790  0.24927
 180.85951  0.25046
 180.88111  0.24018
 180.90272  0.25474
 180.92431  0.25201
 180.94591  0.23493
 180.96752  0.24459
 180.98912  0.24437
 181.01071  0.25299
 181.03231  0.24569
 181.05392  0.24560
 181.07551  0.24489
 181.09711  0.24391
 181.11872  0.24712
 181.14032  0.24074
 181.16191  0.23891
 181.18351  0.24267
 181.20510  0.24496
 181.22671  0.24702
 181.24831  0.23746
 181.26990  0.24511
 181.29150  0.24458
 181.31309  0.25119
 181.33471  0.25781
 181.35630  0.23599
 181.37789  0.26126
 181.39949  0.24602
 181.42108  0.25844
 181.44268  0.25487
 181.46427  0.25061
 181.48588  0.25586
 181.50747  0.25780
 181.52906  0.24224
 181.55066  0.21969
 181.57225  0.25589
 181.59385  0.24144
 181.61546  0.25164
 181.63706  0.25052
 181.65865  0.26133
 181.68023  0.25079
 181.70183  0.25839
 181.72342  0.24830
 181.74502  0.25172
 181.76661  0.25312
 181.78821  0.25952
 181.80980  0.26007
 181.83139  0.25989
 181.85300  0.25987
 181.87459  0.25778
 181.89619  0.25830
 181.91778  0.25456
 181.93937  0.26265
 181.96096  0.25131
 181.98255  0.26292
 182.00415  0.24715
 182.02574  0.25231
 182.04734  0.25458
 182.06892  0.25341
 182.09052  0.25744
 182.11211  0.25462
 182.13370  0.25771
 182.15529  0.25306
 182.17688  0.25323
 182.19848  0.26572
 182.22007  0.25006
 182.24166  0.25393
 182.26325  0.25835
 182.28484  0.24954
 182.30642  0.26074
 182.32802  0.26449
 182.34962  0.25068
 182.37119  0.25172
 182.39279  0.25394
 182.41439  0.25627
 182.43596  0.26161
 182.45756  0.24223
 182.47915  0.25540
 182.50074  0.25296
 182.52233  0.25670
 182.54392  0.25973
 182.56551  0.24183
 182.58709  0.25462
 182.60868  0.26114
 182.63026  0.24498
 182.65186  0.26462
 182.67344  0.24890
 182.69504  0.29530
 182.71662  0.29297
 182.73822  0.25509
 182.75979  0.25490
 182.78138  0.25998
 182.80297  0.25643
 182.82456  0.24972
 182.84615  0.25737
 182.86774  0.24864
 182.88932  0.24631
 182.91090  0.25067
 182.93249  0.24715
 182.95408  0.25408
 182.97565  0.24660
 182.99725  0.25443
 183.01883  0.24954
 183.04042  0.25357
 183.06201  0.25086
 183.08358  0.25342
 183.10517  0.25095
 183.12676  0.24425
 183.14835  0.24811
 183.16992  0.25387
 183.19151  0.24316
 183.21310  0.25123
 183.23468  0.25161
 183.25626  0.24959
 183.27784  0.25120
 183.29942  0.24335
 183.32101  0.25667
 183.34260  0.24171
 183.36418  0.25332
 183.38576  0.25182
 183.40734  0.25346
 183.42891  0.26073
 183.45051  0.23794
 183.47209  0.23881
 183.49368  0.25617
 183.51525  0.23451
 183.53684  0.24481
 183.55841  0.24011
 183.57999  0.25012
 183.60158  0.24492
 183.62315  0.24327
 183.64474  0.25681
 183.66631  0.23774
 183.68790  0.24319
 183.70948  0.24893
 183.73106  0.24568
 183.75264  0.24958
 183.77421  0.24176
 183.79580  0.23390
 183.81738  0.24135
 183.83896  0.24485
 183.86054  0.23952
 183.88212  0.24031
 183.90370  0.24430
 183.92527  0.23529
 183.94685  0.24428
 183.96842  0.24079
 183.99001  0.23810
 184.01158  0.24040
 184.03317  0.23801
 184.05475  0.23148
 184.07632  0.24240
 184.09789  0.23590
 184.11947  0.23528
 184.14105  0.24220
 184.16263  0.23872
 184.18420  0.24202
 184.20578  0.23171
 184.22736  0.22857
 184.24894  0.24695
 184.27050  0.23307
 184.29208  0.23536
 184.31366  0.24230
 184.33523  0.23269
 184.35681  0.23184
 184.37839  0.23644
 184.39995  0.24347
 184.42154  0.22747
 184.44312  0.22905
 184.46468  0.24121
 184.48626  0.22291
 184.50782  0.23096
 184.52941  0.23579
 184.55098  0.23328
 184.57256  0.22668
 184.59413  0.23112
 184.61569  0.23360
 184.63728  0.22420
 184.65884  0.21958
 184.68042  0.22200
 184.70199  0.22206
 184.72357  0.23145
 184.74513  0.22475
 184.76672  0.22441
 184.78828  0.20664
 184.80985  0.22516
 184.83142  0.21856
 184.85300  0.22661
 184.87457  0.22019
 184.89613  0.22356
 184.91772  0.21844
 184.93928  0.20734
 184.96086  0.20358
 184.98243  0.20065
 185.00399  0.20289
 185.02557  0.18417
 185.04713  0.17999
 185.06870  0.17135
 185.09028  0.17479
 185.11185  0.17264
 185.13341  0.18004
 185.15497  0.18566
 185.17656  0.18167
 185.19812  0.19041
 185.21969  0.19506
 185.24125  0.19528
 185.26284  0.19515
 185.28440  0.19598
 185.30597  0.20063
 185.32753  0.19743
 185.34909  0.20077
 185.37067  0.19739
 185.39223  0.20812
 185.41381  0.17500
 185.43537  0.19905
 185.45694  0.20543
 185.47850  0.21074
 185.50007  0.20177
 185.52163  0.20602
 185.54319  0.20873
 185.56477  0.20192
 185.58634  0.21040
 185.60791  0.20950
 185.62947  0.21944
 185.65104  0.20343
 185.67260  0.20922
 185.69417  0.21209
 185.71573  0.20584
 185.73729  0.20351
 185.75886  0.20557
 185.78042  0.21464
 185.80199  0.20505
 185.82354  0.19312
 185.84511  0.20540
 185.86667  0.20037
 185.88824  0.19760
 185.90980  0.20928
 185.93136  0.20607
 185.95293  0.21423
 185.97449  0.20692
 185.99606  0.22116
 186.01761  0.20955
 186.03918  0.19559
 186.06074  0.20677
 186.08230  0.19608
 186.10387  0.21036
 186.12542  0.20468
 186.14699  0.20266
 186.16855  0.20368
 186.19012  0.18922
 186.21166  0.19513
 186.23323  0.18574
 186.25480  0.19786
 186.27636  0.19424
 186.29791  0.19760
 186.31947  0.18631
 186.34104  0.20040
 186.36259  0.20063
 186.38416  0.19960
 186.40572  0.19021
 186.42727  0.20080
 186.44884  0.19601
 186.47039  0.20071
 186.49195  0.19059
 186.51351  0.20776
 186.53507  0.19561
 186.55663  0.19630
 186.57818  0.19423
 186.59974  0.19913
 186.62130  0.19933
 186.64286  0.20322
 186.66442  0.19820
 186.68598  0.19785
 186.70752  0.19675
 186.72909  0.18886
 186.75064  0.19331
 186.77221  0.19002
 186.79375  0.19634
 186.81532  0.18916
 186.83687  0.19529
 186.85843  0.18561
 186.87999  0.18416
 186.90153  0.19162
 186.92310  0.18517
 186.94465  0.18733
 186.96620  0.19027
 186.98776  0.19672
 187.00932  0.18991
 187.03086  0.18030
 187.05244  0.19225
 187.07398  0.18265
 187.09553  0.18561
 187.11708  0.17760
 187.13864  0.18018
 187.16020  0.19026
 187.18174  0.18503
 187.20330  0.19657
 187.22486  0.17955
 187.24641  0.18011
 187.26796  0.17353
 187.28951  0.17252
 187.31106  0.17819
 187.33262  0.17358
 187.35418  0.17118
 187.37572  0.17592
 187.39728  0.18146
 187.41882  0.18683
 187.44038  0.18444
 187.46192  0.17751
 187.48348  0.17334
 187.50502  0.18058
 187.52657  0.17308
 187.54814  0.17731
 187.56969  0.17277
 187.59124  0.17777
 187.61279  0.17068
 187.63434  0.17847
 187.65589  0.18770
 187.67744  0.18492
 187.69899  0.17519
 187.72053  0.17485
 187.74207  0.18091
 187.76362  0.17295
 187.78518  0.17670
 187.80672  0.17300
 187.82828  0.17391
 187.84982  0.17030
 187.87138  0.16983
 187.89292  0.17758
 187.91448  0.19304
 187.93601  0.19161
 187.95755  0.17662
 187.97911  0.18417
 188.00065  0.18523
 188.02221  0.19353
 188.04375  0.19017
 188.06529  0.18582
 188.08684  0.18851
 188.10840  0.19280
 188.12994  0.19298
 188.15147  0.18614
 188.17303  0.18416
 188.19457  0.18688
 188.21611  0.18350
 188.23766  0.18838
 188.25921  0.18914
 188.28074  0.19217
 188.30230  0.18082
 188.32384  0.17138
 188.34538  0.17671
 188.36693  0.18064
 188.38848  0.18630
 188.41002  0.17981
 188.43156  0.17382
 188.45310  0.17217
 188.47465  0.18690
 188.49619  0.17398
 188.51773  0.18992
 188.53929  0.17897
 188.56082  0.18509
 188.58237  0.17629
 188.60390  0.17072
 188.62545  0.17885
 188.64699  0.17785
 188.66853  0.17685
 188.69007  0.17808
 188.71160  0.17677
 188.73316  0.17621
 188.75469  0.17795
 188.77625  0.17226
 188.79778  0.17539
 188.81931  0.17642
 188.84086  0.17946
 188.86239  0.17663
 188.88393  0.17370
 188.90548  0.18236
 188.92702  0.17274
 188.94855  0.17960
 188.97010  0.17401
 188.99163  0.17892
 189.01317  0.18013
 189.03472  0.17143
 189.05625  0.17910
 189.07779  0.17442
 189.09932  0.17294
 189.12087  0.17777
 189.14240  0.17070
 189.16394  0.17301
 189.18547  0.17520
 189.20701  0.17172
 189.22854  0.17569
 189.25010  0.17915
 189.27163  0.18064
 189.29316  0.17079
 189.31470  0.17705
 189.33623  0.18179
 189.35777  0.17385
 189.37930  0.17738
 189.40084  0.17570
 189.42237  0.18175
 189.44391  0.18071
 189.46546  0.18135
 189.48700  0.17300
 189.50853  0.17808
 189.53006  0.18378
 189.55160  0.18195
 189.57313  0.18482
 189.59467  0.18231
 189.61618  0.17937
 189.63772  0.18322
 189.65925  0.17726
 189.68079  0.17805
 189.70232  0.18037
 189.72386  0.17818
 189.74539  0.17824
 189.76693  0.18094
 189.78846  0.17926
 189.80999  0.18321
 189.83152  0.17896
 189.85305  0.18003
 189.87459  0.17992
 189.89612  0.18682
 189.91766  0.18128
 189.93917  0.18991
 189.96071  0.18290
 189.98224  0.19308
 190.00378  0.17757
 190.02530  0.17783
 190.04683  0.18116
 190.06837  0.18546
 190.08990  0.17690
 190.11143  0.17566
 190.13296  0.18094
 190.15450  0.18732
 190.17601  0.18365
 190.19755  0.18236
 190.21908  0.18848
 190.24061  0.17159
 190.26214  0.18597
 190.28365  0.18313
 190.30519  0.18644
 190.32672  0.18972
 190.34825  0.19041
 190.36978  0.18199
 190.39130  0.17479
 190.41283  0.18236
 190.43436  0.18617
 190.45589  0.18718
 190.47741  0.18855
 190.49894  0.18791
 190.52047  0.18809
 190.54200  0.17932
 190.56351  0.19480
 190.58505  0.19812
 190.60657  0.19379
 190.62809  0.19998
 190.64962  0.19582
 190.67115  0.19551
 190.69268  0.19364
 190.71420  0.19609
 190.73572  0.19371
 190.75726  0.19861
 190.77877  0.19738
 190.80030  0.19905
 190.82183  0.20394
 190.84334  0.20031
 190.86487  0.19904
 190.88638  0.19562
 190.90792  0.20451
 190.92944  0.20201
 190.95096  0.20908
 190.97248  0.20262
 190.99402  0.20905
 191.01553  0.20070
 191.03706  0.20222
 191.05857  0.19762
 191.08009  0.19555
 191.10163  0.20825
 191.12314  0.21031
 191.14467  0.21246
 191.16618  0.21245
 191.18770  0.20687
 191.20922  0.21009
 191.23074  0.21299
 191.25226  0.21177
 191.27378  0.20710
 191.29530  0.20734
 191.31682  0.20895
 191.33835  0.21343
 191.35987  0.21950
 191.38139  0.21536
 191.40291  0.21926
 191.42442  0.22360
 191.44593  0.22936
 191.46746  0.22930
 191.48897  0.22316
 191.51050  0.23328
 191.53201  0.22103
 191.55354  0.22540
 191.57505  0.22632
 191.59658  0.22792
 191.61809  0.22530
 191.63962  0.22743
 191.66112  0.22808
 191.68263  0.22830
 191.70416  0.22060
 191.72567  0.22370
 191.74720  0.22987
 191.76871  0.22834
 191.79022  0.22319
 191.81174  0.23227
 191.83326  0.23490
 191.85478  0.23295
 191.87629  0.23040
 191.89780  0.23776
 191.91933  0.24421
 191.94083  0.23435
 191.96234  0.24206
 191.98386  0.24259
 192.00536  0.24414
 192.02689  0.24723
 192.04840  0.24514
 192.06991  0.24115
 192.09143  0.23906
 192.11295  0.24445
 192.13445  0.24190
 192.15598  0.22092
 192.17748  0.20394
 192.19900  0.20108
 192.22050  0.20978
 192.24202  0.21800
 192.26353  0.20826
 192.28504  0.18619
 192.30655  0.21214
 192.32807  0.22679
 192.34958  0.22060
 192.37109  0.23333
 192.39260  0.24430
 192.41412  0.23128
 192.43563  0.21836
 192.45714  0.22867
 192.47865  0.24934
 192.50015  0.26820
 192.52167  0.26014
 192.54317  0.24028
 192.56467  0.22293
 192.58620  0.24552
 192.60770  0.26548
 192.62921  0.27837
 192.65072  0.27704
 192.67223  0.25452
 192.69373  0.23844
 192.71526  0.26549
 192.73676  0.27893
 192.75827  0.28263
 192.77977  0.29683
 192.80129  0.28851
 192.82279  0.27631
 192.84430  0.25722
 192.86580  0.25560
 192.88730  0.28260
 192.90881  0.29826
 192.93032  0.30599
 192.95183  0.30554
 192.97333  0.30658
 192.99484  0.30992
 193.01634  0.29510
 193.03785  0.27817
 193.05935  0.30191
 193.08086  0.31370
 193.10236  0.31770
 193.12387  0.32925
 193.14537  0.33060
 193.16688  0.32883
 193.18838  0.32417
 193.20988  0.31767
 193.23139  0.30666
 193.25289  0.32077
 193.27440  0.33411
 193.29590  0.33767
 193.31741  0.34467
 193.33891  0.34427
 193.36042  0.35014
 193.38192  0.34407
 193.40343  0.35015
 193.42492  0.34266
 193.44643  0.33472
 193.46792  0.33507
 193.48943  0.35646
 193.51093  0.35524
 193.53244  0.36154
 193.55394  0.36679
 193.57542  0.36191
 193.59693  0.35864
 193.61843  0.37150
 193.63994  0.36535
 193.66143  0.36610
 193.68293  0.35143
 193.70443  0.35627
 193.72594  0.36584
 193.74743  0.37336
 193.76894  0.37205
 193.79044  0.37518
 193.81193  0.38096
 193.83343  0.37889
 193.85494  0.37499
 193.87643  0.38630
 193.89794  0.38893
 193.91942  0.38990
 193.94092  0.37948
 193.96243  0.38242
 193.98391  0.38523
 194.00542  0.39693
 194.02691  0.40210
 194.04842  0.39997
 194.06990  0.39410
 194.09141  0.39379
 194.11290  0.40198
 194.13441  0.41158
 194.15589  0.41381
 194.17740  0.40699
 194.19888  0.40116
 194.22038  0.40824
 194.24188  0.40968
 194.26337  0.41604
 194.28487  0.42641
 194.30636  0.42576
 194.32785  0.42694
 194.34935  0.42849
 194.37084  0.42319
 194.39233  0.42391
 194.41384  0.42612
 194.43532  0.42822
 194.45682  0.41541
 194.47832  0.39077
 194.49981  0.37667
 194.52130  0.37673
 194.54279  0.38500
 194.56429  0.38547
 194.58578  0.35966
 194.60727  0.40679
 194.62876  0.41073
 194.65025  0.38402
 194.67173  0.38507
 194.69324  0.42542
 194.71473  0.44109
 194.73622  0.41570
 194.75770  0.38271
 194.77920  0.41276
 194.80068  0.43851
 194.82218  0.45117
 194.84366  0.44455
 194.86516  0.40796
 194.88664  0.41469
 194.90815  0.44841
 194.92963  0.46655
 194.95113  0.47323
 194.97261  0.46831
 194.99411  0.43507
 195.01558  0.42061
 195.03707  0.44786
 195.05856  0.48000
 195.08004  0.48705
 195.10153  0.48068
 195.12302  0.48138
 195.14451  0.46714
 195.16600  0.45374
 195.18749  0.45827
 195.20898  0.47125
 195.23045  0.48755
 195.25194  0.48792
 195.27343  0.50060
 195.29492  0.49105
 195.31641  0.48770
 195.33790  0.48042
 195.35938  0.47913
 195.38086  0.49501
 195.40235  0.50344
 195.42384  0.50370
 195.44532  0.51164
 195.46680  0.50734
 195.48830  0.51001
 195.50977  0.51113
 195.53125  0.49974
 195.55274  0.49521
 195.57421  0.49881
 195.59571  0.51006
 195.61719  0.51687
 195.63867  0.52269
 195.66016  0.51841
 195.68164  0.52209
 195.70312  0.51692
 195.72461  0.51819
 195.74608  0.51885
 195.76758  0.52022
 195.78905  0.51649
 195.81054  0.51943
 195.83201  0.52703
 195.85350  0.53086
 195.87497  0.53108
 195.89647  0.53644
 195.91794  0.53136
 195.93943  0.54173
 195.96090  0.53862
 195.98237  0.53651
 196.00386  0.53789
 196.02533  0.53792
 196.04683  0.54383
 196.06830  0.54302
 196.08978  0.53989
 196.11126  0.54235
 196.13274  0.55448
 196.15421  0.55197
 196.17570  0.55754
 196.19717  0.55471
 196.21865  0.55077
 196.24012  0.56042
 196.26161  0.55629
 196.28308  0.56062
 196.30456  0.56623
 196.32603  0.57021
 196.34751  0.56525
 196.36900  0.56429
 196.39047  0.57278
 196.41194  0.57255
 196.43342  0.57663
 196.45489  0.56907
 196.47636  0.57544
 196.49786  0.57868
 196.51932  0.57251
 196.54080  0.57628
 196.56227  0.57942
 196.58375  0.58305
 196.60522  0.58532
 196.62670  0.59079
 196.64817  0.58812
 196.66965  0.58879
 196.69112  0.59103
 196.71260  0.58647
 196.73407  0.59097
 196.75554  0.59720
 196.77701  0.59739
 196.79849  0.60740
 196.81996  0.60053
 196.84144  0.60403
 196.86291  0.60385
 196.88437  0.61094
 196.90584  0.60690
 196.92732  0.60254
 196.94879  0.58477
 196.97027  0.58432
 196.99174  0.57573
 197.01321  0.59792
 197.03467  0.58914
 197.05614  0.59234
 197.07762  0.61145
 197.09909  0.60573
 197.12055  0.59304
 197.14202  0.59886
 197.16350  0.62404
 197.18497  0.62676
 197.20644  0.60276
 197.22790  0.60625
 197.24938  0.61657
 197.27084  0.62628
 197.29232  0.63990
 197.31379  0.62470
 197.33525  0.61696
 197.35672  0.62437
 197.37818  0.64207
 197.39965  0.64816
 197.42113  0.64812
 197.44258  0.64605
 197.46406  0.63565
 197.48552  0.63410
 197.50700  0.64914
 197.52845  0.66288
 197.54993  0.66731
 197.57138  0.67017
 197.59285  0.67402
 197.61432  0.66868
 197.63579  0.66888
 197.65725  0.67613
 197.67870  0.68342
 197.70018  0.68441
 197.72164  0.68769
 197.74312  0.68755
 197.76457  0.68703
 197.78603  0.69446
 197.80750  0.69201
 197.82897  0.69143
 197.85042  0.69645
 197.87190  0.69639
 197.89335  0.70710
 197.91482  0.70726
 197.93629  0.71154
 197.95775  0.70668
 197.97920  0.70944
 198.00067  0.71615
 198.02214  0.71215
 198.04360  0.71048
 198.06505  0.71583
 198.08652  0.71843
 198.10797  0.71773
 198.12944  0.72179
 198.15090  0.70341
 198.17237  0.71138
 198.19382  0.69701
 198.21528  0.69966
 198.23674  0.68862
 198.25819  0.69018
 198.27966  0.67724
 198.30111  0.66279
 198.32258  0.65643
 198.34403  0.65895
 198.36549  0.66858
 198.38695  0.67355
 198.40841  0.67819
 198.42986  0.68598
 198.45133  0.68735
 198.47278  0.69377
 198.49425  0.70245
 198.51570  0.71361
 198.53716  0.72283
 198.55862  0.73274
 198.58008  0.74232
 198.60154  0.75209
 198.62298  0.75902
 198.64444  0.76883
 198.66590  0.77228
 198.68736  0.78547
 198.70882  0.79013
 198.73027  0.79528
 198.75172  0.80073
 198.77318  0.80443
 198.79464  0.81158
 198.81609  0.81300
 198.83754  0.81847
 198.85900  0.82964
 198.88046  0.83124
 198.90190  0.83622
 198.92336  0.84073
 198.94482  0.84153
 198.96627  0.84147
 198.98772  0.85042
 199.00917  0.85169
 199.03062  0.86428
 199.05208  0.87088
 199.07354  0.87788
 199.09498  0.87710
 199.11644  0.88708
 199.13788  0.88443
 199.15934  0.88893
 199.18078  0.89725
 199.20225  0.89593
 199.22369  0.90613
 199.24515  0.90406
 199.26659  0.90871
 199.28805  0.91167
 199.30949  0.91760
 199.33095  0.92012
 199.35239  0.92368
 199.37384  0.92265
 199.39529  0.93520
 199.41674  0.93760
 199.43820  0.93666
 199.45965  0.94393
 199.48108  0.94042
 199.50255  0.94614
 199.52399  0.94527
 199.54544  0.94985
 199.56689  0.94820
 199.58834  0.95128
 199.60978  0.95994
 199.63123  0.96448
 199.65268  0.96805
 199.67413  0.96259
 199.69557  0.98469
 199.71701  0.98971
 199.73845  0.99165
 199.75992  0.99863
 199.78136  1.00004
 199.80280  1.00349
 199.82424  1.00993
 199.84569  1.01505
 199.86713  1.01545
 199.88858  1.03015
 199.91003  1.02548
 199.93148  1.03357
 199.95292  1.03123
 199.97436  1.02978
 199.99581  1.05668
 200.01725  1.06394
 200.03869  1.05630
 200.06013  1.05611
 200.08158  1.05939
 200.10302  1.06908
 200.12447  1.07643
 200.14591  1.07756
 200.16736  1.09546
 200.18878  1.10257
 200.21023  1.09938
 200.23167  1.09924
 200.25312  1.10441
 200.27455  1.10896
 200.29600  1.10960
 200.31744  1.11595
 200.33889  1.11779
 200.36031  1.13078
 200.38176  1.12819
 200.40320  1.12252
 200.42465  1.13233
 200.44607  1.12741
 200.46752  1.14525
 200.48896  1.14958
 200.51041  1.16075
 200.53183  1.16183
 200.55328  1.16158
 200.57472  1.16331
 200.59615  1.16178
 200.61759  1.16782
 200.63904  1.17907
 200.66046  1.17946
 200.68191  1.17977
 200.70335  1.19780
 200.72478  1.19576
 200.74622  1.19965
 200.76765  1.20266
 200.78909  1.21895
 200.81053  1.21208
 200.83197  1.21114
 200.85340  1.22274
 200.87484  1.22357
 200.89627  1.23060
 200.91771  1.24013
 200.93914  1.23793
 200.96058  1.24143
 200.98201  1.24585
 201.00345  1.24467
 201.02489  1.25627
 201.04631  1.26787
 201.06776  1.26760
 201.08918  1.27014
 201.11063  1.28005
 201.13205  1.28974
 201.15349  1.29328
 201.17493  1.30198
 201.19636  1.29819
 201.21778  1.31155
 201.23922  1.31187
 201.26065  1.31311
 201.28209  1.32130
 201.30351  1.31813
 201.32494  1.32543
 201.34638  1.33323
 201.36782  1.33389
 201.38924  1.33697
 201.41067  1.34457
 201.43210  1.34664
 201.45353  1.33760
 201.47497  1.35457
 201.49640  1.35495
 201.51782  1.35902
 201.53925  1.36509
 201.56068  1.35882
 201.58210  1.36792
 201.60354  1.37860
 201.62496  1.38234
 201.64639  1.39855
 201.66782  1.40184
 201.68925  1.39942
 201.71067  1.41101
 201.73211  1.40851
 201.75353  1.40927
 201.77496  1.41667
 201.79639  1.42532
 201.81782  1.42195
 201.83924  1.43241
 201.86068  1.43299
 201.88209  1.43937
 201.90352  1.43417
 201.92494  1.44912
 201.94638  1.44569
 201.96780  1.46699
 201.98923  1.46728
 202.01064  1.46735
 202.03207  1.47555
 202.05350  1.47199
 202.07493  1.47679
 202.09634  1.48605
 202.11777  1.49175
 202.13920  1.50273
 202.16063  1.50605
 202.18204  1.51913
 202.20347  1.51738
 202.22489  1.52505
 202.24631  1.51722
 202.26774  1.53583
 202.28917  1.54358
 202.31058  1.54702
 202.33201  1.54999
 202.35342  1.54548
 202.37485  1.55398
 202.39626  1.56586
 202.41769  1.57211
 202.43912  1.57931
 202.46053  1.57576
 202.48196  1.58857
 202.50338  1.59669
 202.52480  1.59104
 202.54622  1.60429
 202.56763  1.61688
 202.58906  1.61625
 202.61047  1.62610
 202.63190  1.63363
 202.65331  1.63461
 202.67474  1.65516
 202.69615  1.64694
 202.71757  1.65741
 202.73899  1.66147
 202.76041  1.66984
 202.78182  1.67824
 202.80325  1.68100
 202.82466  1.68417
 202.84608  1.68842
 202.86748  1.69304
 202.88892  1.70355
 202.91033  1.71775
 202.93174  1.71044
 202.95315  1.72340
 202.97457  1.72041
 202.99599  1.72296
 203.01741  1.72421
 203.03882  1.73598
 203.06024  1.75229
 203.08165  1.75758
 203.10306  1.75634
 203.12447  1.76239
 203.14591  1.76866
 203.16731  1.77667
 203.18873  1.77735
 203.21014  1.78054
 203.23156  1.79397
 203.25297  1.79935
 203.27438  1.79984
 203.29579  1.79838
 203.31721  1.79484
 203.33862  1.80363
 203.36004  1.79313
 203.38144  1.77767
 203.40286  1.78558
 203.42426  1.78501
 203.44567  1.78497
 203.46708  1.77840
 203.48850  1.79216
 203.50991  1.80809
 203.53133  1.80614
 203.55273  1.80898
 203.57414  1.83208
 203.59554  1.84578
 203.61696  1.85455
 203.63837  1.85681
 203.65979  1.85931
 203.68118  1.86261
 203.70260  1.87253
 203.72401  1.88367
 203.74543  1.89181
 203.76682  1.90402
 203.78824  1.91559
 203.80964  1.92537
 203.83105  1.93278
 203.85246  1.95092
 203.87386  1.98133
 203.89527  1.98127
 203.91668  1.98787
 203.93808  2.00150
 203.95950  2.01650
 203.98089  2.02563
 204.00231  2.02998
 204.02371  2.03611
 204.04512  2.06052
 204.06653  2.07829
 204.08793  2.07574
 204.10934  2.09462
 204.13074  2.11215
 204.15214  2.12065
 204.17355  2.12575
 204.19495  2.13059
 204.21636  2.13347
 204.23776  2.14222
 204.25916  2.15328
 204.28057  2.15936
 204.30197  2.16322
 204.32339  2.18447
 204.34478  2.19065
 204.36618  2.19485
 204.38757  2.21713
 204.40899  2.20539
 204.43039  2.22027
 204.45179  2.22472
 204.47320  2.24146
 204.49460  2.24867
 204.51599  2.26887
 204.53739  2.28556
 204.55879  2.29141
 204.58021  2.30933
 204.60160  2.31141
 204.62300  2.32152
 204.64439  2.33874
 204.66580  2.32951
 204.68719  2.34548
 204.70859  2.36218
 204.72999  2.34853
 204.75140  2.36667
 204.77280  2.37394
 204.79420  2.38872
 204.81559  2.40269
 204.83699  2.42678
 204.85839  2.43105
 204.87979  2.44447
 204.90118  2.45501
 204.92259  2.45263
 204.94398  2.46385
 204.96537  2.47798
 204.98676  2.50515
 205.00816  2.51144
 205.02955  2.52701
 205.05096  2.54694
 205.07235  2.56397
 205.09375  2.57018
 205.11515  2.56381
 205.13653  2.57472
 205.15793  2.59918
 205.17933  2.60590
 205.20072  2.62485
 205.22212  2.61108
 205.24350  2.63567
 205.26491  2.64127
 205.28630  2.64653
 205.30769  2.66143
 205.32908  2.65842
 205.35048  2.67242
 205.37187  2.68132
 205.39326  2.69793
 205.41465  2.70201
 205.43604  2.71249
 205.45743  2.71194
 205.47884  2.73019
 205.50022  2.75016
 205.52162  2.75323
 205.54300  2.77623
 205.56440  2.80143
 205.58578  2.80974
 205.60718  2.82901
 205.62856  2.83980
 205.64996  2.84624
 205.67134  2.84701
 205.69274  2.87567
 205.71413  2.88699
 205.73552  2.89578
 205.75691  2.90874
 205.77830  2.92405
 205.79969  2.93510
 205.82107  2.94410
 205.84247  2.97001
 205.86385  2.96947
 205.88523  2.97481
 205.90663  2.98608
 205.92801  3.00572
 205.94939  3.01309
 205.97079  3.02903
 205.99217  3.03637
 206.01356  3.04215
 206.03494  3.05190
 206.05634  3.06804
 206.07772  3.08817
 206.09910  3.08550
 206.12048  3.10633
 206.14187  3.12610
 206.16326  3.13541
 206.18465  3.14923
 206.20603  3.14710
 206.22742  3.16683
 206.24879  3.17765
 206.27018  3.18459
 206.29156  3.20292
 206.31295  3.22775
 206.33432  3.24278
 206.35571  3.24970
 206.37709  3.25974
 206.39848  3.27096
 206.41985  3.28320
 206.44124  3.30267
 206.46262  3.32388
 206.48401  3.34375
 206.50538  3.36735
 206.52677  3.39145
 206.54815  3.39073
 206.56954  3.42129
 206.59091  3.43319
 206.61230  3.45591
 206.63368  3.47106
 206.65505  3.50664
 206.67644  3.52464
 206.69782  3.54268
 206.71920  3.57464
 206.74058  3.59047
 206.76195  3.61284
 206.78333  3.62214
 206.80472  3.64524
 206.82610  3.66278
 206.84747  3.69707
 206.86885  3.71021
 206.89023  3.74182
 206.91160  3.77940
 206.93298  3.78528
 206.95436  3.80866
 206.97573  3.84248
 206.99711  3.86798
 207.01848  3.87982
 207.03986  3.90904
 207.06125  3.92560
 207.08261  3.95418
 207.10400  3.97514
 207.12536  4.00134
 207.14675  4.02668
 207.16811  4.03367
 207.18950  4.05761
 207.21086  4.06426
 207.23225  4.08565
 207.25361  4.11052
 207.27498  4.13715
 207.29636  4.14893
 207.31773  4.18131
 207.33911  4.19258
 207.36048  4.20431
 207.38185  4.21711
 207.40323  4.23912
 207.42459  4.24854
 207.44597  4.28533
 207.46735  4.28642
 207.48872  4.31400
 207.51009  4.33317
 207.53147  4.36152
 207.55284  4.38110
 207.57420  4.37703
 207.59557  4.40281
 207.61694  4.43834
 207.63832  4.43699
 207.65969  4.46841
 207.68106  4.47354
 207.70242  4.49269
 207.72379  4.51289
 207.74516  4.54506
 207.76653  4.56859
 207.78791  4.59298
 207.80928  4.60331
 207.83064  4.61740
 207.85201  4.62490
 207.87337  4.65390
 207.89475  4.66445
 207.91611  4.68013
 207.93748  4.70681
 207.95884  4.73597
 207.98022  4.74673
 208.00158  4.75073
 208.02295  4.77598
 208.04431  4.79405
 208.06567  4.81085
 208.08703  4.82469
 208.10840  4.85308
 208.12978  4.86767
 208.15114  4.88540
 208.17251  4.92615
 208.19387  4.92349
 208.21523  4.95542
 208.23659  4.98365
 208.25797  4.98805
 208.27933  5.00060
 208.30070  5.01881
 208.32205  5.03994
 208.34342  5.09186
 208.36478  5.13501
 208.38614  5.14439
 208.40750  5.16023
 208.42887  5.17355
 208.45022  5.20561
 208.47159  5.22668
 208.49295  5.25538
 208.51431  5.28001
 208.53567  5.32000
 208.55703  5.35488
 208.57839  5.37403
 208.59977  5.38534
 208.62111  5.40844
 208.64249  5.44165
 208.66383  5.44560
 208.68520  5.48880
 208.70656  5.51488
 208.72792  5.53773
 208.74928  5.55502
 208.77063  5.57323
 208.79200  5.56726
 208.81335  5.59327
 208.83472  5.59621
 208.85607  5.63559
 208.87742  5.65061
 208.89879  5.69625
 208.92014  5.69148
 208.94149  5.71969
 208.96286  5.73456
 208.98421  5.77579
 209.00557  5.79331
 209.02693  5.83001
 209.04829  5.85627
 209.06963  5.87228
 209.09099  5.88891
 209.11234  5.90759
 209.13371  5.92051
 209.15506  5.94955
 209.17641  5.97438
 209.19776  5.99076
 209.21912  6.01717
 209.24047  6.05825
 209.26184  6.09994
 209.28319  6.12151
 209.30454  6.11974
 209.32590  6.13273
 209.34725  6.16063
 209.36860  6.18112
 209.38995  6.22214
 209.41131  6.24201
 209.43265  6.28365
 209.45401  6.29699
 209.47536  6.32548
 209.49671  6.33682
 209.51806  6.36517
 209.53942  6.38739
 209.56077  6.40572
 209.58211  6.43665
 209.60345  6.45267
 209.62481  6.47909
 209.64616  6.49998
 209.66752  6.53057
 209.68886  6.56902
 209.71020  6.59604
 209.73156  6.60963
 209.75291  6.62025
 209.77427  6.62042
 209.79561  6.63436
 209.81695  6.65037
 209.83830  6.68513
 209.85966  6.69829
 209.88099  6.71529
 209.90235  6.75772
 209.92369  6.78513
 209.94504  6.80139
 209.96638  6.82497
 209.98774  6.83880
 210.00907  6.87455
 210.03043  6.88699
 210.05176  6.89357
 210.07312  6.90168
 210.09445  6.91792
 210.11581  6.93507
 210.13715  6.96975
 210.15850  6.97121
 210.17985  6.99308
 210.20118  6.99305
 210.22253  7.03443
 210.24387  7.06300
 210.26521  7.05663
 210.28656  7.10097
 210.30790  7.15025
 210.32925  7.20854
 210.35059  7.24832
 210.37192  7.27881
 210.39328  7.30808
 210.41461  7.32169
 210.43596  7.32883
 210.45730  7.36935
 210.47864  7.39794
 210.49998  7.42928
 210.52132  7.45965
 210.54266  7.50704
 210.56401  7.51823
 210.58534  7.54823
 210.60668  7.55657
 210.62802  7.59482
 210.64937  7.62590
 210.67071  7.66567
 210.69204  7.71406
 210.71338  7.74593
 210.73472  7.76844
 210.75606  7.78385
 210.77739  7.78965
 210.79873  7.84465
 210.82006  7.86319
 210.84140  7.92465
 210.86274  7.95285
 210.88408  7.97828
 210.90541  7.99039
 210.92675  8.01133
 210.94808  8.06661
 210.96943  8.10878
 210.99076  8.11195
 211.01210  8.14217
 211.03344  8.16911
 211.05477  8.19277
 211.07611  8.17562
 211.09745  8.19736
 211.11879  8.22436
 211.14010  8.22522
 211.16145  8.26350
 211.18278  8.27282
 211.20412  8.30036
 211.22545  8.34297
 211.24678  8.36789
 211.26811  8.38610
 211.28945  8.43580
 211.31077  8.47216
 211.33211  8.52484
 211.35344  8.56096
 211.37478  8.58676
 211.39611  8.60895
 211.41744  8.65373
 211.43877  8.67019
 211.46010  8.68560
 211.48144  8.69653
 211.50276  8.73971
 211.52410  8.75786
 211.54542  8.77554
 211.56676  8.78814
 211.58808  8.78681
 211.60942  8.82822
 211.63073  8.86421
 211.65208  8.89451
 211.67339  8.88984
 211.69473  8.92590
 211.71605  8.94789
 211.73739  8.97647
 211.75871  8.99936
 211.78005  9.05340
 211.80138  9.09759
 211.82269  9.10666
 211.84404  9.13018
 211.86535  9.16719
 211.88668  9.19251
 211.90801  9.20117
 211.92934  9.26000
 211.95065  9.27526
 211.97198  9.31342
 211.99331  9.33729
 212.01464  9.37308
 212.03595  9.37616
 212.05728  9.39831
 212.07860  9.40979
 212.09994  9.47494
 212.12126  9.53297
 212.14258  9.60031
 212.16391  9.62977
 212.18523  9.62927
 212.20655  9.63351
 212.22787  9.68674
 212.24919  9.73949
 212.27051  9.81251
 212.29184  9.85864
 212.31315  9.89256
 212.33448  9.95758
 212.35580  9.96604
 212.37712  9.99942
 212.39844  10.03736
 212.41977  10.08898
 212.44108  10.11125
 212.46241  10.15634
 212.48374  10.16887
 212.50505  10.18187
 212.52638  10.22053
 212.54770  10.26887
 212.56902  10.30638
 212.59032  10.33404
 212.61165  10.33610
 212.63297  10.34946
 212.65429  10.42001
 212.67561  10.47502
 212.69692  10.50847
 212.71824  10.54641
 212.73956  10.57414
 212.76088  10.61860
 212.78219  10.68336
 212.80352  10.72480
 212.82484  10.73967
 212.84615  10.76502
 212.86746  10.81669
 212.88877  10.82682
 212.91009  10.87752
 212.93142  10.84684
 212.95272  10.91293
 212.97405  10.96334
 212.99535  10.97285
 213.01667  10.97289
 213.03797  11.01566
 213.05930  11.06683
 213.08060  11.07218
 213.10193  11.16935
 213.12323  11.16054
 213.14456  11.19535
 213.16587  11.22599
 213.18718  11.25352
 213.20850  11.26272
 213.22980  11.32711
 213.25112  11.33753
 213.27242  11.37240
 213.29374  11.42384
 213.31505  11.48323
 213.33636  11.53016
 213.35767  11.52577
 213.37899  11.57501
 213.40029  11.64146
 213.42160  11.62732
 213.44292  11.65960
 213.46423  11.66638
 213.48554  11.74001
 213.50684  11.73200
 213.52816  11.79142
 213.54946  11.78945
 213.57077  11.84615
 213.59208  11.92227
 213.61340  11.96269
 213.63470  12.02595
 213.65601  11.99160
 213.67731  12.05704
 213.69862  12.03987
 213.71992  12.05377
 213.74123  12.11035
 213.76254  12.05992
 213.78385  12.15988
 213.80516  12.10696
 213.82646  12.18845
 213.84777  12.25211
 213.86907  12.23682
 213.89038  12.34457
 213.91168  12.33487
 213.93300  12.41702
 213.95428  12.37045
 213.97559  12.42826
 213.99689  12.43594
 214.01820  12.54410
 214.03952  12.51384
 214.06082  12.53369
 214.08211  12.58008
 214.10341  12.62321
 214.12473  12.62191
 214.14603  12.70052
 214.16732  12.70576
 214.18862  12.80858
 214.20994  12.83519
 214.23122  12.91004
 214.25253  12.91332
 214.27383  13.02272
 214.29513  13.03002
 214.31643  13.14825
 214.33774  13.11273
 214.35904  13.24019
 214.38034  13.30058
 214.40164  13.32312
 214.42294  13.32279
 214.44423  13.40311
 214.46553  13.41984
 214.48683  13.42158
 214.50813  13.50986
 214.52943  13.55254
 214.55073  13.57529
 214.57203  13.61242
 214.59333  13.66680
 214.61462  13.62001
 214.63592  13.69572
 214.65722  13.76106
 214.67852  13.70221
 214.69982  13.82368
 214.72111  13.87537
 214.74240  13.93262
 214.76370  13.86524
 214.78500  13.96044
 214.80629  13.97797
 214.82758  14.06995
 214.84887  14.02246
 214.87018  14.08620
 214.89147  14.09243
 214.91277  14.12866
 214.93405  14.13231
 214.95535  14.14271
 214.97665  14.27290
 214.99795  14.23680
 215.01923  14.21051
 215.04053  14.25820
 215.06182  14.34561
 215.08311  14.36415
 215.10440  14.40887
 215.12569  14.43456
 215.14699  14.42983
 215.16828  14.44170
 215.18957  14.44003
 215.21086  14.59731
 215.23215  14.58249
 215.25344  14.59945
 215.27474  14.60622
 215.29602  14.62865
 215.31732  14.64994
 215.33860  14.67304
 215.35990  14.74320
 215.38117  14.67189
 215.40247  14.77236
 215.42376  14.79126
 215.44505  14.73110
 215.46634  14.74886
 215.48763  14.86903
 215.50891  14.72452
 215.53020  14.76560
 215.55149  14.84595
 215.57278  14.82719
 215.59406  14.85836
 215.61535  14.86731
 215.63664  14.92394
 215.65791  14.89388
 215.67921  14.89951
 215.70050  14.91011
 215.72178  15.00151
 215.74307  14.92748
 215.76434  15.05331
 215.78564  14.93260
 215.80691  15.04136
 215.82820  15.05911
 215.84948  15.01612
 215.87077  15.03120
 215.89204  14.96986
 215.91334  15.03987
 215.93462  15.07143
 215.95590  14.97734
 215.97719  15.06354
 215.99847  15.07941
 216.01975  15.06317
 216.04102  15.06356
 216.06232  15.03923
 216.08359  15.10630
 216.10489  15.13225
 216.12616  15.14993
 216.14744  15.13923
 216.16872  15.17871
 216.19000  15.22399
 216.21129  15.18212
 216.23256  15.14504
 216.25384  15.21042
 216.27512  15.20346
 216.29640  15.29807
 216.31767  15.16892
 216.33895  15.11253
 216.36023  15.22352
 216.38152  15.11999
 216.40279  15.27695
 216.42407  15.25280
 216.44535  15.16601
 216.46662  15.18934
 216.48791  15.19789
 216.50918  15.24748
 216.53046  15.28130
 216.55173  15.20439
 216.57301  15.31158
 216.59428  15.34683
 216.61556  15.22353
 216.63683  15.35521
 216.65811  15.25420
 216.67939  15.26995
 216.70066  15.39541
 216.72194  15.30124
 216.74321  15.28199
 216.76448  15.35641
 216.78575  15.31715
 216.80703  15.32744
 216.82830  15.34026
 216.84958  15.31273
 216.87084  15.31775
 216.89212  15.27147
 216.91340  15.24307
 216.93467  15.22193
 216.95594  15.21683
 216.97721  15.26899
 216.99849  15.17660
 217.01974  15.22370
 217.04102  15.14466
 217.06229  15.20508
 217.08356  15.24363
 217.10483  15.17065
 217.12611  15.22783
 217.14738  15.14255
 217.16865  15.21590
 217.18991  15.17929
 217.21118  15.20962
 217.23245  15.10970
 217.25372  15.16099
 217.27499  15.18845
 217.29626  15.18596
 217.31752  15.17726
 217.33879  15.12112
 217.36006  15.15785
 217.38134  15.17977
 217.40259  15.04265
 217.42386  15.11863
 217.44513  15.04233
 217.46640  15.08108
 217.48765  14.98458
 217.50893  15.04041
 217.53019  15.04216
 217.55145  15.07458
 217.57273  15.02745
 217.59399  14.99503
 217.61526  14.98448
 217.63651  14.92938
 217.65778  14.86551
 217.67905  14.83332
 217.70031  14.92129
 217.72157  14.89551
 217.74283  14.84525
 217.76409  14.80112
 217.78535  14.69603
 217.80662  14.53426
 217.82789  14.64550
 217.84916  14.53840
 217.87041  14.66468
 217.89168  14.66609
 217.91293  14.58881
 217.93420  14.56834
 217.95545  14.58798
 217.97672  14.54230
 217.99797  14.59986
 218.01924  14.48114
 218.04051  14.43414
 218.06175  14.31644
 218.08301  14.21131
 218.10427  14.31247
 218.12553  14.26833
 218.14679  14.09743
 218.16805  14.11453
 218.18931  14.21714
 218.21056  14.35022
 218.23182  14.28995
 218.25308  14.22314
 218.27435  14.18631
 218.29559  14.21855
 218.31685  14.08911
 218.33811  14.04313
 218.35937  14.10233
 218.38061  14.11290
 218.40188  14.06934
 218.42313  14.04367
 218.44438  14.02302
 218.46565  14.01036
 218.48689  13.93199
 218.50815  13.69509
 218.52941  13.58248
 218.55066  13.58357
 218.57192  13.64022
 218.59317  13.70277
 218.61442  13.86278
 218.63567  13.95496
 218.65694  13.83099
 218.67818  13.68283
 218.69943  13.58077
 218.72068  13.71011
 218.74193  13.86287
 218.76319  13.75445
 218.78444  13.77317
 218.80568  13.91269
 218.82695  13.88093
 218.84820  13.88434
 218.86944  13.85968
 218.89070  13.94664
 218.91194  13.94173
 218.93319  13.86104
 218.95445  13.91031
 218.97570  13.88220
 218.99694  13.79279
 219.01819  13.75213
 219.03943  13.74059
 219.06069  13.76973
 219.08194  13.69272
 219.10318  13.63092
 219.12443  13.69685
 219.14567  13.73071
 219.16692  13.58170
 219.18817  13.73048
 219.20942  13.57047
 219.23066  13.67561
 219.25191  13.56711
 219.27316  13.63223
 219.29440  13.59991
 219.31565  13.62238
 219.33689  13.59299
 219.35814  13.62151
 219.37938  13.45856
 219.40063  13.57821
 219.42187  13.52405
 219.44312  13.49721
 219.46437  13.49796
 219.48561  13.45822
 219.50686  13.42790
 219.52808  13.49360
 219.54933  13.41213
 219.57057  13.41720
 219.59182  13.31749
 219.61305  13.35731
 219.63430  13.35322
 219.65555  13.32924
 219.67679  13.29830
 219.69802  13.34107
 219.71927  13.27302
 219.74052  13.28630
 219.76174  13.26804
 219.78299  13.17188
 219.80423  13.16782
 219.82547  13.17008
 219.84672  13.14671
 219.86794  13.06627
 219.88919  13.03421
 219.91042  13.06664
 219.93167  13.04221
 219.95289  12.95979
 219.97414  12.99846
 219.99537  12.90174
 220.01662  12.88922
 220.03785  12.89749
 220.05909  12.88658
 220.08033  12.81627
 220.10157  12.88945
 220.12280  12.76635
 220.14403  12.73341
 220.16528  12.77683
 220.18650  12.68083
 220.20774  12.71926
 220.22899  12.66160
 220.25021  12.59210
 220.27145  12.56834
 220.29267  12.46673
 220.31392  12.49401
 220.33515  12.42409
 220.35638  12.26453
 220.37761  12.27527
 220.39884  12.23793
 220.42009  12.27398
 220.44132  12.32585
 220.46255  12.40524
 220.48378  12.42636
 220.50501  12.45414
 220.52624  12.46942
 220.54747  12.55747
 220.56870  12.61122
 220.58993  12.64701
 220.61117  12.60155
 220.63239  12.65782
 220.65363  12.65287
 220.67485  12.66013
 220.69609  12.65647
 220.71731  12.64122
 220.73855  12.61939
 220.75977  12.68168
 220.78101  12.69833
 220.80224  12.63269
 220.82345  12.65311
 220.84469  12.68411
 220.86591  12.64203
 220.88715  12.70036
 220.90837  12.63075
 220.92959  12.68153
 220.95082  12.63641
 220.97205  12.69700
 220.99329  12.67227
 221.01450  12.72114
 221.03573  12.67421
 221.05696  12.64303
 221.07818  12.64873
 221.09940  12.63500
 221.12064  12.69729
 221.14186  12.59291
 221.16308  12.64583
 221.18430  12.63729
 221.20553  12.62439
 221.22676  12.61458
 221.24797  12.66420
 221.26921  12.60622
 221.29041  12.61817
 221.31165  12.55794
 221.33287  12.58307
 221.35409  12.54316
 221.37531  12.52823
 221.39652  12.50086
 221.41776  12.54214
 221.43897  12.49226
 221.46020  12.56672
 221.48141  12.52775
 221.50263  12.53005
 221.52387  12.54287
 221.54508  12.44564
 221.56630  12.51473
 221.58751  12.42382
 221.60874  12.45835
 221.62995  12.46335
 221.65117  12.44650
 221.67239  12.44121
 221.69360  12.45398
 221.71484  12.38945
 221.73605  12.38020
 221.75727  12.35434
 221.77848  12.27672
 221.79969  12.12700
