# wl 	 %tx
 240.92241  6.98446
 240.94372  7.13277
 240.96505  7.23374
 240.98639  7.27489
 241.00770  7.29459
 241.02902  7.23703
 241.05036  7.22300
 241.07167  7.27877
 241.09301  7.32328
 241.11432  7.31518
 241.13565  7.33846
 241.15699  7.40171
 241.17830  7.41592
 241.19962  7.33877
 241.22095  7.29261
 241.24227  7.20576
 241.26359  7.09202
 241.28492  6.98403
 241.30623  6.88001
 241.32756  6.82492
 241.34888  6.82571
 241.37021  6.79012
 241.39153  6.67738
 241.41284  6.67642
 241.43417  6.60163
 241.45549  6.60426
 241.47682  6.58380
 241.49813  6.47161
 241.51945  6.45973
 241.54078  6.42602
 241.56209  6.36760
 241.58341  6.31980
 241.60474  6.29085
 241.62606  6.25774
 241.64737  6.19709
 241.66870  6.19132
 241.69002  6.13512
 241.71133  6.06638
 241.73265  6.02695
 241.75398  6.05476
 241.77530  5.97851
 241.79661  5.94704
 241.81793  5.90363
 241.83924  5.84433
 241.86058  5.81909
 241.88189  5.76970
 241.90320  5.73236
 241.92452  5.69039
 241.94583  5.67412
 241.96715  5.64030
 241.98847  5.58531
 242.00980  5.55928
 242.03111  5.47238
 242.05243  5.47892
 242.07374  5.44448
 242.09506  5.41064
 242.11637  5.35699
 242.13769  5.30818
 242.15901  5.30060
 242.18032  5.29291
 242.20163  5.24722
 242.22295  5.18496
 242.24427  5.15210
 242.26559  5.14080
 242.28690  5.07981
 242.30821  5.08011
 242.32953  5.02841
 242.35084  5.01146
 242.37216  4.95357
 242.39346  4.93311
 242.41477  4.90150
 242.43609  4.85625
 242.45741  4.82839
 242.47872  4.78809
 242.50004  4.77386
 242.52135  4.73100
 242.54265  4.69599
 242.56397  4.66509
 242.58528  4.63448
 242.60659  4.58826
 242.62792  4.58749
 242.64921  4.52376
 242.67053  4.51480
 242.69185  4.48975
 242.71314  4.46017
 242.73447  4.42511
 242.75578  4.40179
 242.77709  4.37589
 242.79840  4.34892
 242.81971  4.30928
 242.84102  4.28985
 242.86233  4.25508
 242.88364  4.22360
 242.90494  4.20786
 242.92626  4.17691
 242.94757  4.15067
 242.96887  4.11573
 242.99019  4.08877
 243.01148  4.06456
 243.03280  4.04232
 243.05410  4.01127
 243.07541  3.99311
 243.09672  3.95656
 243.11803  3.93370
 243.13934  3.92057
 243.16065  3.89522
 243.18195  3.84690
 243.20327  3.83941
 243.22456  3.79692
 243.24588  3.78159
 243.26718  3.76040
 243.28849  3.73011
 243.30980  3.71806
 243.33110  3.68179
 243.35241  3.66653
 243.37372  3.63382
 243.39501  3.62093
 243.41632  3.59312
 243.43763  3.55291
 243.45893  3.53266
 243.48024  3.51405
 243.50154  3.49305
 243.52284  3.46909
 243.54415  3.44673
 243.56546  3.43099
 243.58676  3.40098
 243.60806  3.38141
 243.62936  3.36915
 243.65067  3.33933
 243.67198  3.31615
 243.69327  3.29213
 243.71458  3.27379
 243.73588  3.24199
 243.75719  3.23324
 243.77850  3.21337
 243.79979  3.18842
 243.82109  3.17021
 243.84240  3.13788
 243.86369  3.13875
 243.88500  3.11388
 243.90629  3.08453
 243.92759  3.07404
 243.94890  3.04044
 243.97019  3.02643
 243.99149  3.00513
 244.01280  2.98791
 244.03409  2.96862
 244.05539  2.94897
 244.07670  2.92408
 244.09799  2.90257
 244.11930  2.89277
 244.14060  2.88240
 244.16189  2.84626
 244.18320  2.83870
 244.20450  2.81718
 244.22579  2.80208
 244.24710  2.78041
 244.26840  2.76177
 244.28969  2.75179
 244.31098  2.72797
 244.33228  2.70899
 244.35359  2.69276
 244.37488  2.67474
 244.39618  2.65485
 244.41747  2.63411
 244.43877  2.62413
 244.46007  2.60843
 244.48137  2.59047
 244.50265  2.57824
 244.52396  2.55848
 244.54525  2.53618
 244.56654  2.52635
 244.58784  2.50973
 244.60914  2.48587
 244.63043  2.47920
 244.65173  2.46099
 244.67302  2.44539
 244.69431  2.42354
 244.71561  2.41381
 244.73691  2.40233
 244.75820  2.38804
 244.77950  2.36936
 244.80079  2.35685
 244.82208  2.33230
 244.84336  2.32656
 244.86467  2.31512
 244.88597  2.29543
 244.90725  2.27329
 244.92856  2.26474
 244.94984  2.25331
 244.97113  2.23902
 244.99242  2.22704
 245.01371  2.20974
 245.03501  2.19522
 245.05629  2.17392
 245.07759  2.16600
 245.09888  2.15186
 245.12016  2.13532
 245.14147  2.12784
 245.16275  2.11277
 245.18405  2.09934
 245.20534  2.08462
 245.22662  2.06964
 245.24792  2.06281
 245.26921  2.04815
 245.29049  2.03613
 245.31178  2.02286
 245.33308  1.99689
 245.35436  1.99734
 245.37565  1.98884
 245.39693  1.96952
 245.41823  1.95702
 245.43952  1.94121
 245.46080  1.93655
 245.48209  1.91317
 245.50337  1.91773
 245.52467  1.89956
 245.54596  1.88780
 245.56724  1.87266
 245.58852  1.86634
 245.60981  1.85269
 245.63109  1.84101
 245.65239  1.82736
 245.67367  1.82031
 245.69496  1.81120
 245.71626  1.79913
 245.73754  1.77996
 245.75882  1.77483
 245.78011  1.77114
 245.80139  1.75486
 245.82268  1.73850
 245.84396  1.73284
 245.86524  1.72171
 245.88654  1.71053
 245.90782  1.70136
 245.92908  1.69076
 245.95037  1.67716
 245.97165  1.65285
 245.99295  1.66410
 246.01423  1.65117
 246.03551  1.63932
 246.05680  1.63164
 246.07808  1.62186
 246.09936  1.61214
 246.12064  1.60045
 246.14192  1.59191
 246.16321  1.58831
 246.18449  1.57573
 246.20577  1.56130
 246.22705  1.55267
 246.24833  1.54005
 246.26962  1.54007
 246.29090  1.52457
 246.31217  1.51522
 246.33346  1.50496
 246.35474  1.50312
 246.37601  1.48785
 246.39730  1.48186
 246.41858  1.47588
 246.43986  1.46336
 246.46114  1.45607
 246.48242  1.44573
 246.50370  1.44071
 246.52498  1.43480
 246.54624  1.41717
 246.56753  1.41680
 246.58880  1.41019
 246.61009  1.39819
 246.63137  1.38676
 246.65264  1.37426
 246.67393  1.37219
 246.69520  1.36333
 246.71648  1.35751
 246.73775  1.35010
 246.75903  1.34478
 246.78031  1.33440
 246.80158  1.32397
 246.82286  1.32159
 246.84413  1.31138
 246.86541  1.29847
 246.88669  1.29809
 246.90796  1.28630
 246.92924  1.28042
 246.95051  1.27307
 246.97178  1.26520
 246.99306  1.26029
 247.01434  1.24801
 247.03560  1.24667
 247.05689  1.23689
 247.07816  1.23367
 247.09943  1.22480
 247.12070  1.21592
 247.14198  1.21221
 247.16326  1.19912
 247.18453  1.19457
 247.20579  1.18796
 247.22708  1.17768
 247.24835  1.17888
 247.26962  1.16723
 247.29089  1.16224
 247.31216  1.15599
 247.33343  1.14733
 247.35470  1.14841
 247.37598  1.13408
 247.39726  1.13406
 247.41852  1.12098
 247.43979  1.11614
 247.46106  1.11020
 247.48233  1.10573
 247.50361  1.10238
 247.52487  1.09107
 247.54614  1.08827
 247.56741  1.08302
 247.58868  1.07440
 247.60996  1.06636
 247.63122  1.06311
 247.65249  1.05426
 247.67376  1.04604
 247.69503  1.04493
 247.71630  1.03578
 247.73757  1.02987
 247.75882  1.02826
 247.78010  1.02433
 247.80137  1.01547
 247.82263  1.01282
 247.84391  1.00363
 247.86517  0.99949
 247.88645  0.99891
 247.90770  0.98631
 247.92897  0.98379
 247.95024  0.97809
 247.97151  0.97541
 247.99276  0.96802
 248.01404  0.95673
 248.03530  0.96088
 248.05658  0.95079
 248.07783  0.94843
 248.09909  0.94243
 248.12037  0.93576
 248.14162  0.93721
 248.16290  0.92712
 248.18416  0.92132
 248.20541  0.91627
 248.22669  0.91263
 248.24794  0.90856
 248.26921  0.90047
 248.29048  0.89721
 248.31173  0.89749
 248.33301  0.88937
 248.35426  0.88984
 248.37553  0.88176
 248.39679  0.87208
 248.41805  0.87058
 248.43931  0.86648
 248.46058  0.86306
 248.48183  0.85534
 248.50311  0.85343
 248.52436  0.84748
 248.54563  0.84358
 248.56688  0.83902
 248.58813  0.83525
 248.60941  0.83368
 248.63066  0.83161
 248.65193  0.82169
 248.67319  0.81977
 248.69444  0.81358
 248.71571  0.81182
 248.73697  0.80947
 248.75822  0.79844
 248.77948  0.80054
 248.80074  0.79317
 248.82200  0.79378
 248.84325  0.78603
 248.86452  0.78107
 248.88578  0.77977
 248.90703  0.77531
 248.92828  0.77175
 248.94954  0.76435
 248.97081  0.76200
 248.99207  0.76073
 249.01332  0.75588
 249.03457  0.75396
 249.05583  0.74791
 249.07708  0.74470
 249.09834  0.74219
 249.11959  0.73540
 249.14086  0.73586
 249.16212  0.73052
 249.18337  0.72760
 249.20463  0.72525
 249.22588  0.72085
 249.24713  0.71495
 249.26840  0.71230
 249.28965  0.70967
 249.31090  0.70699
 249.33216  0.70234
 249.35341  0.69775
 249.37467  0.69582
 249.39592  0.69410
 249.41716  0.68967
 249.43842  0.68481
 249.45967  0.68257
 249.48093  0.67899
 249.50218  0.67581
 249.52343  0.67553
 249.54469  0.66884
 249.56593  0.66723
 249.58719  0.66551
 249.60844  0.66083
 249.62969  0.66022
 249.65095  0.65516
 249.67218  0.65457
 249.69344  0.65000
 249.71470  0.64859
 249.73595  0.64462
 249.75719  0.64098
 249.77844  0.63875
 249.79969  0.63444
 249.82094  0.63200
 249.84219  0.62803
 249.86345  0.62367
 249.88469  0.62378
 249.90594  0.61976
 249.92720  0.61677
 249.94843  0.61483
 249.96969  0.60984
 249.99093  0.61004
 250.01218  0.60607
 250.03344  0.60386
 250.05468  0.60432
 250.07594  0.59676
 250.09717  0.59281
 250.11842  0.59349
 250.13967  0.59059
 250.16092  0.59287
 250.18216  0.58635
 250.20340  0.57973
 250.22465  0.57946
 250.24590  0.57673
 250.26715  0.57557
 250.28838  0.57343
 250.30964  0.56834
 250.33088  0.56685
 250.35212  0.56351
 250.37337  0.56280
 250.39461  0.55956
 250.41586  0.55557
 250.43711  0.55400
 250.45835  0.55034
 250.47959  0.54915
 250.50082  0.54705
 250.52208  0.54533
 250.54332  0.54314
 250.56456  0.54081
 250.58580  0.53895
 250.60705  0.53332
 250.62830  0.53334
 250.64953  0.53405
 250.67078  0.53033
 250.69201  0.52759
 250.71325  0.52407
 250.73451  0.52402
 250.75574  0.52046
 250.77699  0.51760
 250.79823  0.51774
 250.81946  0.51607
 250.84071  0.51238
 250.86194  0.50820
 250.88319  0.50449
 250.90442  0.50792
 250.92566  0.50352
 250.94690  0.50080
 250.96814  0.49890
 250.98939  0.49774
 251.01062  0.49514
 251.03186  0.49370
 251.05310  0.49210
 251.07434  0.49010
 251.09557  0.48754
 251.11682  0.48595
 251.13805  0.48435
 251.15930  0.48194
 251.18052  0.48162
 251.20175  0.48008
 251.22300  0.47703
 251.24424  0.47561
 251.26548  0.47371
 251.28672  0.47121
 251.30794  0.46818
 251.32918  0.46854
 251.35042  0.46413
 251.37166  0.46335
 251.39288  0.46178
 251.41412  0.46026
 251.43536  0.45884
 251.45658  0.45841
 251.47783  0.45673
 251.49907  0.45420
 251.52029  0.45180
 251.54153  0.44885
 251.56277  0.44606
 251.58400  0.44846
 251.60523  0.44319
 251.62647  0.44262
 251.64770  0.44110
 251.66893  0.43910
 251.69016  0.43839
 251.71140  0.43554
 251.73262  0.43428
 251.75387  0.43137
 251.77509  0.42961
 251.79633  0.42764
 251.81755  0.42627
 251.83879  0.42471
 251.86002  0.42624
 251.88125  0.42264
 251.90248  0.42065
 251.92372  0.41888
 251.94494  0.41855
 251.96617  0.41637
 251.98740  0.41745
 252.00863  0.41395
 252.02985  0.41368
 252.05109  0.41101
 252.07232  0.40803
 252.09354  0.40484
 252.11479  0.40269
 252.13601  0.40278
 252.15723  0.40350
 252.17846  0.40187
 252.19969  0.39956
 252.22092  0.39813
 252.24214  0.39797
 252.26336  0.39777
 252.28461  0.39358
 252.30583  0.39395
 252.32706  0.38912
 252.34828  0.39075
 252.36950  0.38830
 252.39073  0.38741
 252.41195  0.38650
 252.43320  0.38470
 252.45442  0.38281
 252.47564  0.37956
 252.49687  0.38107
 252.51809  0.37974
 252.53932  0.37742
 252.56054  0.37532
 252.58176  0.37585
 252.60299  0.37341
 252.62421  0.37244
 252.64544  0.37106
 252.66666  0.37052
 252.68788  0.36817
 252.70911  0.36609
 252.73033  0.36393
 252.75156  0.36565
 252.77276  0.36392
 252.79398  0.36272
 252.81521  0.36003
 252.83643  0.35891
 252.85767  0.35883
 252.87889  0.35662
 252.90011  0.35637
 252.92132  0.35575
 252.94254  0.35450
 252.96377  0.35301
 252.98499  0.35176
 253.00620  0.35001
 253.02743  0.35016
 253.04865  0.35007
 253.06988  0.34678
 253.09108  0.34590
 253.11230  0.34362
 253.13353  0.34319
 253.15474  0.34108
 253.17597  0.34280
 253.19719  0.34028
 253.21839  0.33834
 253.23962  0.33749
 253.26083  0.33684
 253.28206  0.33601
 253.30328  0.33466
 253.32448  0.33414
 253.34571  0.33356
 253.36692  0.33061
 253.38815  0.33056
 253.40935  0.32789
 253.43057  0.32639
 253.45179  0.32629
 253.47301  0.32517
 253.49422  0.32413
 253.51543  0.32397
 253.53665  0.32077
 253.55786  0.32221
 253.57908  0.31852
 253.60030  0.32066
 253.62150  0.31834
 253.64273  0.31793
 253.66394  0.31642
 253.68514  0.31530
 253.70638  0.31370
 253.72758  0.31235
 253.74880  0.31165
 253.77002  0.31224
 253.79122  0.31115
 253.81244  0.30912
 253.83364  0.31044
 253.85487  0.30932
 253.87608  0.30719
 253.89728  0.30492
 253.91850  0.30306
 253.93970  0.30322
 253.96093  0.30168
 253.98214  0.30102
 254.00334  0.30109
 254.02456  0.29900
 254.04576  0.29978
 254.06698  0.29829
 254.08818  0.29731
 254.10939  0.29619
 254.13060  0.29542
 254.15181  0.29384
 254.17302  0.29381
 254.19423  0.29169
 254.21543  0.29112
 254.23665  0.28992
 254.25785  0.29079
 254.27907  0.28996
 254.30027  0.28673
 254.32148  0.28846
 254.34269  0.28546
 254.36390  0.28630
 254.38511  0.28524
 254.40632  0.28161
 254.42753  0.28162
 254.44873  0.28058
 254.46992  0.27987
 254.49114  0.28041
 254.51234  0.28098
 254.53356  0.27875
 254.55476  0.27777
 254.57595  0.27634
 254.59717  0.27261
 254.61837  0.27299
 254.63959  0.27429
 254.66078  0.27310
 254.68198  0.27235
 254.70320  0.27020
 254.72439  0.26998
 254.74560  0.26933
 254.76681  0.26918
 254.78800  0.26874
 254.80921  0.26840
 254.83042  0.26758
 254.85162  0.26419
 254.87282  0.26412
 254.89402  0.26430
 254.91523  0.26312
 254.93643  0.26236
 254.95763  0.26069
 254.97884  0.26034
 255.00004  0.26032
 255.02124  0.25885
 255.04243  0.25867
 255.06365  0.25808
 255.08484  0.25583
 255.10604  0.25781
 255.12724  0.25431
 255.14843  0.25474
 255.16965  0.25325
 255.19084  0.25366
 255.21204  0.25218
 255.23324  0.25087
 255.25443  0.24974
 255.27563  0.24992
 255.29683  0.24886
 255.31803  0.24995
 255.33922  0.24898
 255.36044  0.24780
 255.38163  0.24721
 255.40282  0.24497
 255.42402  0.24595
 255.44522  0.24434
 255.46642  0.24429
 255.48761  0.24248
 255.50880  0.24258
 255.53000  0.24074
 255.55121  0.24097
 255.57241  0.23926
 255.59360  0.23962
 255.61479  0.23925
 255.63599  0.23803
 255.65718  0.23668
 255.67838  0.23569
 255.69956  0.23537
 255.72076  0.23564
 255.74195  0.23399
 255.76314  0.23527
 255.78434  0.23313
 255.80553  0.23151
 255.82673  0.23177
 255.84792  0.23114
 255.86911  0.23094
 255.89031  0.23066
 255.91150  0.22903
 255.93270  0.22745
 255.95389  0.22840
 255.97508  0.22648
 255.99628  0.22768
 256.01747  0.22521
 256.03867  0.22515
 256.05984  0.22471
 256.08104  0.22284
 256.10223  0.22211
 256.12342  0.22353
 256.14462  0.22227
 256.16581  0.22100
 256.18701  0.21939
 256.20817  0.21899
 256.22936  0.21975
 256.25056  0.21861
 256.27175  0.21790
 256.29295  0.21651
 256.31414  0.21739
 256.33530  0.21629
 256.35650  0.21341
 256.37769  0.21463
 256.39889  0.21423
 256.42008  0.21370
 256.44128  0.21396
 256.46244  0.21219
 256.48363  0.21124
 256.50483  0.21084
 256.52602  0.21033
 256.54719  0.21066
 256.56838  0.20866
 256.58957  0.20767
 256.61077  0.20817
 256.63192  0.20646
 256.65312  0.20623
 256.67431  0.20562
 256.69551  0.20536
 256.71667  0.20529
 256.73786  0.20331
 256.75906  0.20302
 256.78022  0.20268
 256.80142  0.20196
 256.82261  0.20169
 256.84377  0.20161
 256.86497  0.20034
 256.88616  0.20001
 256.90733  0.19925
 256.92852  0.19831
 256.94972  0.19942
 256.97088  0.19762
 256.99207  0.19862
 257.01324  0.19574
 257.03443  0.19546
 257.05563  0.19613
 257.07679  0.19571
 257.09797  0.19510
 257.11914  0.19412
 257.14033  0.19351
 257.16153  0.19337
 257.18269  0.19204
 257.20389  0.19167
 257.22505  0.19172
 257.24624  0.18999
 257.26741  0.19041
 257.28860  0.18991
 257.30977  0.18951
 257.33096  0.18843
 257.35212  0.18782
 257.37332  0.18700
 257.39448  0.18756
 257.41568  0.18621
 257.43684  0.18499
 257.45804  0.18566
 257.47920  0.18508
 257.50038  0.18431
 257.52155  0.18380
 257.54274  0.18326
 257.56391  0.18351
 257.58507  0.18178
 257.60626  0.18181
 257.62743  0.18064
 257.64862  0.18102
 257.66979  0.18116
 257.69095  0.17986
 257.71215  0.17896
 257.73331  0.17990
 257.75450  0.17716
 257.77567  0.17669
 257.79683  0.17612
 257.81803  0.17533
 257.83919  0.17532
 257.86034  0.17551
 257.88154  0.17453
 257.90270  0.17416
 257.92387  0.17344
 257.94506  0.17347
 257.96623  0.17387
 257.98739  0.17200
 258.00855  0.17233
 258.02975  0.17087
 258.05091  0.16988
 258.07208  0.17013
 258.09327  0.16961
 258.11444  0.16883
 258.13560  0.16798
 258.15676  0.16814
 258.17795  0.16773
 258.19911  0.16677
 258.22028  0.16603
 258.24144  0.16638
 258.26260  0.16560
 258.28380  0.16523
 258.30496  0.16424
 258.32613  0.16341
 258.34729  0.16398
 258.36846  0.16319
 258.38962  0.16232
 258.41081  0.16241
 258.43198  0.16095
 258.45314  0.16096
 258.47430  0.16205
 258.49546  0.16099
 258.51663  0.15951
 258.53779  0.15970
 258.55898  0.15985
 258.58015  0.15888
 258.60131  0.15800
 258.62248  0.15770
 258.64364  0.15829
 258.66480  0.15633
 258.68597  0.15712
 258.70713  0.15644
 258.72830  0.15510
 258.74945  0.15526
 258.77062  0.15304
 258.79178  0.15370
 258.81294  0.15359
 258.83411  0.15372
 258.85527  0.15352
 258.87644  0.15234
 258.89760  0.15120
 258.91877  0.15150
 258.93993  0.15026
 258.96109  0.14967
 258.98226  0.14933
 259.00342  0.14837
 259.02458  0.14935
 259.04574  0.14843
 259.06690  0.14817
 259.08807  0.14750
 259.10923  0.14699
 259.13040  0.14601
 259.15156  0.14661
 259.17273  0.14472
 259.19389  0.14499
 259.21502  0.14389
 259.23619  0.14346
 259.25735  0.14432
 259.27851  0.14238
 259.29967  0.14249
 259.32084  0.14268
 259.34200  0.14177
 259.36316  0.14152
 259.38430  0.14011
 259.40546  0.14076
 259.42663  0.14047
 259.44779  0.13987
 259.46896  0.13897
 259.49009  0.13901
 259.51124  0.13818
 259.53241  0.13752
 259.55357  0.13796
 259.57474  0.13691
 259.59587  0.13710
 259.61704  0.13678
 259.63820  0.13556
 259.65936  0.13532
 259.68050  0.13499
 259.70166  0.13449
 259.72283  0.13512
 259.74398  0.13345
 259.76512  0.13407
 259.78628  0.13294
 259.80744  0.13244
 259.82858  0.13191
 259.84974  0.13175
 259.87091  0.13174
 259.89204  0.13178
 259.91320  0.13075
 259.93437  0.13039
 259.95549  0.13012
 259.97666  0.12850
 259.99782  0.12944
 260.01896  0.12884
 260.04012  0.12779
 260.06125  0.12848
 260.08242  0.12785
 260.10358  0.12663
 260.12472  0.12687
 260.14588  0.12686
 260.16701  0.12622
 260.18817  0.12574
 260.20933  0.12430
 260.23047  0.12466
 260.25163  0.12492
 260.27277  0.12380
 260.29393  0.12494
 260.31507  0.12396
 260.33623  0.12308
 260.35736  0.12245
 260.37852  0.12272
 260.39965  0.12115
 260.42082  0.12161
 260.44195  0.12042
 260.46312  0.12088
 260.48425  0.11973
 260.50541  0.11866
 260.52655  0.11910
 260.54771  0.11857
 260.56884  0.11872
 260.58997  0.11944
 260.61114  0.11755
 260.63227  0.11732
 260.65343  0.11672
 260.67457  0.11567
 260.69573  0.11641
 260.71687  0.11603
 260.73800  0.11596
 260.75916  0.11580
 260.78029  0.11444
 260.80142  0.11461
 260.82259  0.11450
 260.84372  0.11418
 260.86486  0.11425
 260.88602  0.11393
 260.90716  0.11182
 260.92829  0.11233
 260.94944  0.11191
 260.97058  0.11140
 260.99171  0.11099
 261.01288  0.11122
 261.03401  0.11214
 261.05515  0.11095
 261.07631  0.10933
 261.09744  0.10970
 261.11857  0.10921
 261.13970  0.10876
 261.16087  0.10932
 261.18200  0.10875
 261.20314  0.10842
 261.22427  0.10806
 261.24541  0.10715
 261.26657  0.10719
 261.28770  0.10784
 261.30883  0.10688
 261.32996  0.10679
 261.35110  0.10601
 261.37226  0.10493
 261.39340  0.10585
 261.41453  0.10508
 261.43566  0.10531
 261.45680  0.10525
 261.47792  0.10462
 261.49906  0.10402
 261.52022  0.10362
 261.54136  0.10224
 261.56249  0.10242
 261.58362  0.10322
 261.60476  0.10244
 261.62589  0.10322
 261.64702  0.10120
 261.66815  0.10064
 261.68929  0.10115
 261.71042  0.10083
 261.73155  0.10042
 261.75269  0.10041
 261.77385  0.09942
 261.79499  0.09898
 261.81611  0.09840
 261.83725  0.09850
 261.85838  0.09883
 261.87951  0.09864
 261.90065  0.09805
 261.92178  0.09733
 261.94292  0.09721
 261.96404  0.09656
 261.98515  0.09631
 262.00628  0.09700
 262.02742  0.09700
 262.04855  0.09688
 262.06968  0.09553
 262.09082  0.09569
 262.11195  0.09493
 262.13308  0.09438
 262.15421  0.09546
 262.17535  0.09505
 262.19648  0.09424
 262.21761  0.09409
 262.23872  0.09333
 262.25985  0.09089
 262.28098  0.09189
 262.30211  0.09197
 262.32325  0.09270
 262.34438  0.09261
 262.36551  0.09166
 262.38662  0.09166
 262.40775  0.09103
 262.42888  0.09025
 262.45001  0.09130
 262.47115  0.09064
 262.49225  0.09085
 262.51339  0.08994
 262.53452  0.08854
 262.55565  0.08936
 262.57678  0.08942
 262.59788  0.08910
 262.61902  0.09024
 262.64015  0.08891
 262.66129  0.08805
 262.68239  0.08759
 262.70352  0.08692
 262.72465  0.08722
 262.74575  0.08715
 262.76689  0.08679
 262.78802  0.08738
 262.80913  0.08619
 262.83026  0.08534
 262.85139  0.08602
 262.87249  0.08614
 262.89362  0.08542
 262.91476  0.08552
 262.93586  0.08513
 262.95700  0.08433
 262.97813  0.08509
 262.99923  0.08421
 263.02036  0.08439
 263.04149  0.08463
 263.06260  0.08368
 263.08373  0.08333
 263.10484  0.08289
 263.12597  0.08160
 263.14707  0.08235
 263.16820  0.08251
 263.18933  0.08245
 263.21044  0.08226
 263.23157  0.08138
 263.25268  0.08129
 263.27380  0.08083
 263.29491  0.08053
 263.31604  0.08115
 263.33715  0.08173
 263.35828  0.08120
 263.37938  0.08080
 263.40052  0.08000
 263.42161  0.07961
 263.44275  0.07900
 263.46385  0.07922
 263.48496  0.07888
 263.50609  0.07890
 263.52720  0.07776
 263.54832  0.07761
 263.56942  0.07706
 263.59056  0.07701
 263.61166  0.07744
 263.63277  0.07790
 263.65390  0.07785
 263.67500  0.07742
 263.69613  0.07662
 263.71723  0.07596
 263.73834  0.07642
 263.75947  0.07660
 263.78058  0.07635
 263.80167  0.07661
 263.82281  0.07560
 263.84391  0.07473
 263.86502  0.07474
 263.88615  0.07524
 263.90725  0.07518
 263.92835  0.07512
 263.94948  0.07494
 263.97059  0.07455
 263.99169  0.07371
 264.01280  0.07314
 264.03393  0.07322
 264.05503  0.07328
 264.07613  0.07412
 264.09723  0.07424
 264.11837  0.07278
 264.13947  0.07293
 264.16058  0.07200
 264.18167  0.07221
 264.20278  0.07257
 264.22391  0.07250
 264.24501  0.07268
 264.26612  0.07234
 264.28721  0.07176
 264.30832  0.07125
 264.32945  0.07103
 264.35056  0.07167
 264.37166  0.07165
 264.39277  0.07159
 264.41386  0.07175
 264.43496  0.06991
 264.45607  0.07004
 264.47717  0.06961
 264.49828  0.07067
 264.51941  0.07086
 264.54051  0.06989
 264.56161  0.06943
 264.58272  0.06876
 264.60382  0.06880
 264.62492  0.06862
 264.64602  0.06889
 264.66712  0.06848
 264.68823  0.06837
 264.70933  0.06846
 264.73044  0.06771
 264.75154  0.06758
 264.77264  0.06761
 264.79374  0.06792
 264.81484  0.06851
 264.83595  0.06833
 264.85705  0.06788
 264.87815  0.06698
 264.89925  0.06644
 264.92036  0.06634
 264.94146  0.06705
 264.96257  0.06738
 264.98367  0.06677
 265.00476  0.06659
 265.02587  0.06581
 265.04694  0.06566
 265.06805  0.06554
 265.08915  0.06508
 265.11025  0.06587
 265.13135  0.06532
 265.15246  0.06568
 265.17356  0.06536
 265.19466  0.06465
 265.21573  0.06454
 265.23683  0.06437
 265.25794  0.06479
 265.27904  0.06439
 265.30015  0.06422
 265.32124  0.06438
 265.34232  0.06343
 265.36342  0.06363
 265.38452  0.06377
 265.40563  0.06447
 265.42669  0.06404
 265.44780  0.06375
 265.46890  0.06347
 265.49001  0.06283
 265.51111  0.06242
 265.53219  0.06239
 265.55328  0.06310
 265.57438  0.06272
 265.59546  0.06295
 265.61656  0.06159
 265.63767  0.06210
 265.65873  0.06179
 265.67984  0.06174
 265.70094  0.06188
 265.72205  0.06160
 265.74312  0.06208
 265.76421  0.06125
 265.78529  0.06113
 265.80639  0.06073
 265.82750  0.06184
 265.84856  0.06234
 265.86967  0.06205
 265.89077  0.06130
 265.91185  0.06097
 265.93295  0.06042
 265.95401  0.06052
 265.97512  0.06028
 265.99622  0.06099
 266.01730  0.06070
 266.03840  0.06068
 266.05947  0.06075
 266.08057  0.05977
 266.10165  0.05954
 266.12275  0.05967
 266.14383  0.06004
 266.16492  0.06035
 266.18599  0.06019
 266.20710  0.05929
 266.22817  0.05877
 266.24928  0.05919
 266.27034  0.05849
 266.29145  0.05493
 266.31252  0.05455
 266.33363  0.05937
 266.35470  0.05891
 266.37579  0.05863
 266.39687  0.05813
 266.41794  0.05847
 266.43905  0.05858
 266.46011  0.05880
 266.48122  0.05827
 266.50229  0.05807
 266.52337  0.05814
 266.54447  0.05816
 266.56554  0.05773
 266.58661  0.05807
 266.60771  0.05780
 266.62879  0.05817
 266.64989  0.05810
 266.67096  0.05753
 266.69203  0.05693
 266.71311  0.05713
 266.73421  0.05714
 266.75528  0.05757
 266.77635  0.05759
 266.79745  0.05730
 266.81853  0.05706
 266.83960  0.05660
 266.86067  0.05620
 266.88177  0.05679
 266.90285  0.05682
 266.92392  0.05699
 266.94499  0.05678
 266.96609  0.05666
 266.98717  0.05593
 267.00824  0.05592
 267.02931  0.05629
 267.05041  0.05675
 267.07148  0.05623
 267.09256  0.05619
 267.11363  0.05663
 267.13470  0.05596
 267.15577  0.05602
 267.17688  0.05541
 267.19795  0.05581
 267.21901  0.05626
 267.24009  0.05644
 267.26116  0.05599
 267.28224  0.05544
 267.30331  0.05567
 267.32438  0.05591
 267.34545  0.05580
 267.36656  0.05290
 267.38763  0.05248
 267.40870  0.05336
 267.42977  0.05563
 267.45084  0.05491
 267.47192  0.05463
 267.49298  0.05319
 267.51406  0.05509
 267.53513  0.05477
 267.55621  0.05420
 267.57728  0.05336
 267.59835  0.05419
 267.61942  0.05413
 267.64050  0.05487
 267.66157  0.05502
 267.68263  0.05467
 267.70371  0.05461
 267.72478  0.05516
 267.74586  0.05445
 267.76692  0.05423
 267.78800  0.05427
 267.80904  0.05456
 267.83012  0.05455
 267.85118  0.05475
 267.87226  0.05456
 267.89333  0.05497
 267.91440  0.05403
 267.93547  0.05466
 267.95654  0.05441
 267.97762  0.05512
 267.99866  0.05485
 268.01973  0.05465
 268.04080  0.05438
 268.06188  0.05414
 268.08295  0.05409
 268.10403  0.05435
 268.12506  0.05467
 268.14613  0.05440
 268.16721  0.05435
 268.18828  0.05387
 268.20935  0.05414
 268.23039  0.05388
 268.25147  0.05393
 268.27254  0.05410
 268.29361  0.05415
 268.31465  0.05444
 268.33573  0.05427
 268.35680  0.05422
 268.37783  0.05375
 268.39891  0.05378
 268.41998  0.05410
 268.44106  0.05411
 268.46209  0.05428
 268.48317  0.05433
 268.50424  0.05348
 268.52529  0.05420
 268.54635  0.05412
 268.56743  0.05391
 268.58847  0.05427
 268.60954  0.05451
 268.63058  0.05405
 268.65165  0.05400
 268.67273  0.05389
 268.69376  0.05364
 268.71484  0.05416
 268.73588  0.05430
 268.75696  0.05450
 268.77803  0.05470
 268.79907  0.05409
 268.82014  0.05348
 268.84119  0.05369
 268.86225  0.05420
 268.88329  0.05390
 268.90437  0.05412
 268.92541  0.05456
 268.94648  0.05417
 268.96752  0.05411
 268.98860  0.05377
 269.00964  0.05411
 269.03071  0.05458
 269.05175  0.05408
 269.07283  0.05481
 269.09387  0.05468
 269.11493  0.05448
 269.13598  0.05454
 269.15705  0.05474
 269.17810  0.05415
 269.19913  0.05391
 269.22021  0.05466
 269.24125  0.05447
 269.26232  0.05511
 269.28336  0.05701
 269.30441  0.05433
 269.32548  0.05452
 269.34652  0.05479
 269.36756  0.05511
 269.38863  0.05460
 269.40968  0.05497
 269.43071  0.05441
 269.45179  0.05419
 269.47283  0.05485
 269.49387  0.05471
 269.51494  0.05523
 269.53599  0.05478
 269.55703  0.05492
 269.57810  0.05504
 269.59914  0.05501
 269.62019  0.05472
 269.64123  0.05518
 269.66229  0.05546
 269.68334  0.05528
 269.70438  0.05536
 269.72542  0.05563
 269.74649  0.05519
 269.76754  0.05513
 269.78858  0.05519
 269.80962  0.05538
 269.83066  0.05572
 269.85171  0.05540
 269.87278  0.05573
 269.89382  0.05583
 269.91486  0.05557
 269.93590  0.05612
 269.95694  0.05625
 269.97798  0.05609
 269.99903  0.05587
 270.02010  0.05551
 270.04114  0.05425
 270.06218  0.05666
 270.08323  0.05613
 270.10426  0.05586
 270.12531  0.05663
 270.14635  0.05712
 270.16740  0.05763
 270.18843  0.05768
 270.20947  0.05722
 270.23052  0.05679
 270.25155  0.05663
 270.27260  0.05688
 270.29364  0.05680
 270.31469  0.05735
 270.33572  0.05719
 270.35677  0.05749
 270.37781  0.05738
 270.39885  0.05693
 270.41989  0.05748
 270.44094  0.05735
 270.46198  0.05775
 270.48301  0.05782
 270.50406  0.05804
 270.52510  0.05797
 270.54614  0.05801
 270.56718  0.05827
 270.58823  0.05835
 270.60927  0.05849
 270.63031  0.05891
 270.65132  0.05862
 270.67237  0.05901
 270.69340  0.05900
 270.71445  0.05901
 270.73549  0.05949
 270.75653  0.05926
 270.77757  0.05899
 270.79858  0.05948
 270.81963  0.05905
 270.84066  0.05953
 270.86171  0.05959
 270.88275  0.05983
 270.90376  0.05993
 270.92480  0.05974
 270.94585  0.06002
 270.96689  0.06047
 270.98790  0.06031
 271.00894  0.06057
 271.02999  0.06038
 271.05102  0.06053
 271.07203  0.06100
 271.09308  0.06110
 271.11411  0.06137
 271.13513  0.06121
 271.15617  0.06155
 271.17721  0.06180
 271.19825  0.06147
 271.21927  0.06130
 271.24031  0.06190
 271.26135  0.06221
 271.28236  0.06211
 271.30341  0.06228
 271.32441  0.06245
 271.34546  0.06232
 271.36650  0.06256
 271.38750  0.06273
 271.40855  0.06353
 271.42956  0.06359
 271.45061  0.06321
 271.47164  0.06377
 271.49266  0.06383
 271.51370  0.06401
 271.53471  0.06387
 271.55575  0.06434
 271.57677  0.06465
 271.59780  0.06473
 271.61882  0.06548
 271.63986  0.06515
 271.66087  0.06508
 271.68191  0.06537
 271.70292  0.06591
 271.72396  0.06586
 271.74497  0.06602
 271.76602  0.06665
 271.78702  0.06630
 271.80807  0.06646
 271.82908  0.06680
 271.85013  0.06658
 271.87113  0.06688
 271.89215  0.06766
 271.91319  0.06787
 271.93420  0.06812
 271.95524  0.06835
 271.97626  0.06825
 271.99726  0.06794
 272.01831  0.06815
 272.03932  0.06891
 272.06032  0.06898
 272.08137  0.06943
 272.10238  0.06976
 272.12339  0.06997
 272.14443  0.07021
 272.16545  0.06982
 272.18645  0.07051
 272.20750  0.07054
 272.22851  0.07148
 272.24952  0.07210
 272.27056  0.07210
 272.29158  0.07222
 272.31258  0.07213
 272.33360  0.07219
 272.35464  0.07267
 272.37566  0.07303
 272.39666  0.07381
 272.41767  0.07376
 272.43869  0.07373
 272.45972  0.07430
 272.48074  0.07414
 272.50175  0.07422
 272.52276  0.07496
 272.54377  0.07537
 272.56482  0.07597
 272.58582  0.07527
 272.60684  0.07604
 272.62785  0.07590
 272.64886  0.07615
 272.66987  0.07701
 272.69089  0.07747
 272.71189  0.07806
 272.73294  0.07831
 272.75395  0.07818
 272.77495  0.07787
 272.79597  0.07410
 272.81698  0.07865
 272.83799  0.08007
 272.85900  0.07956
 272.88002  0.08093
 272.90102  0.08096
 272.92204  0.08099
 272.94305  0.08109
 272.96406  0.08157
 272.98507  0.08176
 273.00609  0.08273
 273.02709  0.08283
 273.04811  0.08332
 273.06911  0.08397
 273.09013  0.08405
 273.11114  0.08383
 273.13215  0.08432
 273.15316  0.08495
 273.17417  0.08531
 273.19518  0.08571
 273.21619  0.08601
 273.23721  0.08680
 273.25818  0.08705
 273.27920  0.08674
 273.30021  0.08770
 273.32122  0.08791
 273.34223  0.08850
 273.36325  0.08892
 273.38425  0.08967
 273.40524  0.08980
 273.42625  0.08997
 273.44726  0.09022
 273.46827  0.09065
 273.48929  0.09085
 273.51029  0.09213
 273.53128  0.09231
 273.55229  0.09245
 273.57329  0.09313
 273.59431  0.09332
 273.61528  0.09394
 273.63630  0.09383
 273.65731  0.09470
 273.67832  0.09521
 273.69930  0.09571
 273.72032  0.09653
 273.74132  0.09662
 273.76234  0.09702
 273.78332  0.09685
 273.80433  0.09793
 273.82534  0.09889
 273.84633  0.10007
 273.86733  0.10047
 273.88835  0.10069
 273.90933  0.10022
 273.93034  0.10131
 273.95135  0.10158
 273.97232  0.10202
 273.99334  0.10266
 274.01432  0.10358
 274.03533  0.10402
 274.05634  0.10405
 274.07733  0.10444
 274.09833  0.10451
 274.11932  0.10525
 274.14033  0.10663
 274.16131  0.10654
 274.18232  0.10711
 274.20334  0.10820
 274.22431  0.10856
 274.24533  0.10895
 274.26630  0.10947
 274.28732  0.10981
 274.30830  0.11126
 274.32931  0.11118
 274.35029  0.11204
 274.37131  0.11204
 274.39228  0.11292
 274.41327  0.11328
 274.43427  0.11391
 274.45525  0.11488
 274.47627  0.11487
 274.49724  0.11583
 274.51826  0.11648
 274.53924  0.11644
 274.56022  0.11670
 274.58123  0.11718
 274.60222  0.11773
 274.62322  0.11848
 274.64421  0.11978
 274.66518  0.12043
 274.68620  0.12096
 274.70718  0.12100
 274.72816  0.12189
 274.74917  0.12205
 274.77016  0.12294
 274.79113  0.12373
 274.81215  0.12431
 274.83312  0.12548
 274.85411  0.12553
 274.87509  0.12549
 274.89610  0.12581
 274.91708  0.12609
 274.93806  0.12739
 274.95904  0.12760
 274.98005  0.12856
 275.00103  0.12863
 275.02201  0.12952
 275.04300  0.12945
 275.06400  0.12938
 275.08499  0.13073
 275.10597  0.13130
 275.12695  0.13192
 275.14793  0.13278
 275.16891  0.13295
 275.18992  0.13335
 275.21091  0.13370
 275.23188  0.13406
 275.25287  0.13454
 275.27384  0.13542
 275.29483  0.13604
 275.31581  0.13758
 275.33679  0.13709
 275.35780  0.13730
 275.37879  0.13732
 275.39976  0.13837
 275.42075  0.13940
 275.44172  0.13984
 275.46270  0.14047
 275.48369  0.14094
 275.50466  0.14053
 275.52565  0.14059
 275.54662  0.14124
 275.56761  0.14174
 275.58859  0.14179
 275.60957  0.14295
 275.63055  0.14382
 275.65153  0.14403
 275.67251  0.14363
 275.69350  0.14383
 275.71447  0.14443
 275.73546  0.14472
 275.75644  0.14575
 275.77742  0.14638
 275.79840  0.14684
 275.81935  0.14666
 275.84033  0.14673
 275.86131  0.14713
 275.88229  0.14652
 275.90328  0.14832
 275.92425  0.14756
 275.94524  0.14797
 275.96622  0.14797
 275.98717  0.14884
 276.00815  0.14735
 276.02913  0.14844
 276.05011  0.14855
 276.07109  0.14968
 276.09207  0.14879
 276.11302  0.14980
 276.13400  0.15020
 276.15498  0.14945
 276.17597  0.14993
 276.19691  0.14940
 276.21790  0.14903
 276.23887  0.15026
 276.25986  0.14862
 276.28080  0.15063
 276.30179  0.14993
 276.32277  0.14995
 276.34375  0.15030
 276.36470  0.14956
 276.38568  0.14973
 276.40666  0.14978
 276.42762  0.14947
 276.44859  0.14957
 276.46958  0.14964
 276.49052  0.14863
 276.51151  0.14880
 276.53249  0.14881
 276.55344  0.14781
 276.57442  0.14767
 276.59537  0.14723
 276.61635  0.14709
 276.63734  0.14763
 276.65828  0.14718
 276.67927  0.14770
 276.70021  0.14646
 276.72120  0.14654
 276.74214  0.14565
 276.76312  0.14694
 276.78408  0.14577
 276.80505  0.14689
 276.82601  0.14539
 276.84698  0.14431
 276.86797  0.14421
 276.88892  0.14385
 276.90987  0.14354
 276.93085  0.14390
 276.95180  0.14336
 276.97278  0.14253
 276.99373  0.14207
 277.01471  0.14208
 277.03567  0.14086
 277.05664  0.13970
 277.07760  0.14026
 277.09854  0.13951
 277.11953  0.13955
 277.14048  0.13954
 277.16146  0.13797
 277.18241  0.13833
 277.20336  0.13673
 277.22434  0.13677
 277.24529  0.13581
 277.26624  0.13610
 277.28723  0.13535
 277.30817  0.13431
 277.32913  0.13369
 277.35010  0.13388
 277.37106  0.13273
 277.39200  0.13266
 277.41299  0.13257
 277.43394  0.13055
 277.45489  0.13074
 277.47584  0.13085
 277.49682  0.12968
 277.51777  0.12853
 277.53872  0.12803
 277.55967  0.12692
 277.58066  0.12648
 277.60160  0.12645
 277.62255  0.12597
 277.64350  0.12610
 277.66445  0.12400
 277.68540  0.12341
 277.70638  0.12305
 277.72734  0.12228
 277.74828  0.12243
 277.76924  0.12160
 277.79018  0.12083
 277.81114  0.12016
 277.83208  0.11913
 277.85307  0.11826
 277.87402  0.11795
 277.89497  0.11746
 277.91592  0.11639
 277.93687  0.11583
 277.95782  0.11590
 277.97877  0.11468
 277.99972  0.11398
 278.02067  0.11353
 278.04162  0.11261
 278.06258  0.11269
 278.08352  0.11091
 278.10448  0.11147
 278.12542  0.11048
 278.14638  0.10997
 278.16732  0.10819
 278.18828  0.10870
 278.20922  0.10730
 278.23018  0.10796
 278.25113  0.10653
 278.27208  0.10575
 278.29303  0.10499
 278.31398  0.10502
 278.33493  0.10409
 278.35588  0.10317
 278.37683  0.10214
 278.39775  0.10260
 278.41870  0.10152
 278.43966  0.10078
 278.46060  0.10009
 278.48156  0.09934
 278.50250  0.09896
 278.52346  0.09810
 278.54437  0.09781
 278.56533  0.09762
 278.58627  0.09747
 278.60723  0.09680
 278.62817  0.09615
 278.64910  0.09511
 278.67005  0.09513
 278.69100  0.09372
 278.71195  0.09318
 278.73290  0.09290
 278.75382  0.09265
 278.77477  0.09214
 278.79572  0.09070
 278.81663  0.09034
 278.83759  0.08892
 278.85853  0.08826
 278.87949  0.08868
 278.90041  0.08849
 278.92136  0.08769
 278.94231  0.08680
 278.96323  0.08683
 278.98418  0.08657
 279.00513  0.08524
 279.02605  0.08472
 279.04700  0.08501
 279.06792  0.08395
 279.08887  0.08438
 279.10982  0.08366
 279.13074  0.08261
 279.15169  0.08254
 279.17262  0.08209
 279.19356  0.08086
 279.21452  0.08076
 279.23543  0.08055
 279.25639  0.07986
 279.27730  0.07948
 279.29826  0.07850
 279.31917  0.07843
 279.34013  0.07786
 279.36104  0.07726
 279.38200  0.07689
 279.40291  0.07577
 279.42387  0.07603
 279.44478  0.07548
 279.46574  0.07556
 279.48666  0.07487
 279.50761  0.07434
 279.52853  0.07420
 279.54945  0.07335
 279.57040  0.07360
 279.59132  0.07287
 279.61227  0.07257
 279.63319  0.07188
 279.65411  0.07193
 279.67506  0.07137
 279.69598  0.07102
 279.71693  0.07025
 279.73785  0.06962
 279.75877  0.07027
 279.77972  0.06908
 279.80064  0.06799
 279.82156  0.06869
 279.84251  0.06790
 279.86343  0.06791
 279.88435  0.06683
 279.90527  0.06715
 279.92623  0.06714
 279.94714  0.06646
 279.96807  0.06580
 279.98898  0.06555
 280.00994  0.06508
 280.03085  0.06471
 280.05178  0.06483
 280.07269  0.06490
 280.09365  0.06492
 280.11456  0.06341
 280.13549  0.06368
 280.15640  0.06329
 280.17733  0.06257
 280.19824  0.06212
 280.21920  0.06208
 280.24011  0.06182
 280.26104  0.06222
 280.28195  0.06109
 280.30288  0.06068
 280.32379  0.06048
 280.34472  0.06079
 280.36563  0.06031
 280.38659  0.06007
 280.40750  0.05946
 280.42843  0.05975
 280.44934  0.05880
 280.47027  0.05908
 280.49118  0.05886
 280.51211  0.05758
 280.53302  0.05771
 280.55395  0.05764
 280.57486  0.05770
 280.59579  0.05718
 280.61670  0.05683
 280.63763  0.05623
 280.65854  0.05639
 280.67947  0.05583
 280.70038  0.05536
 280.72131  0.05548
 280.74222  0.05557
 280.76315  0.05513
 280.78407  0.05464
 280.80496  0.05439
 280.82587  0.05418
 280.84680  0.05393
 280.86771  0.05350
 280.88864  0.05352
 280.90955  0.05330
 280.93048  0.05318
 280.95139  0.05314
 280.97229  0.05232
 280.99320  0.05246
 281.01413  0.05219
 281.03504  0.05180
 281.05597  0.05210
 281.07688  0.05173
 281.09778  0.05126
 281.11869  0.05119
 281.13962  0.05071
 281.16053  0.05109
 281.18143  0.05085
 281.20234  0.05004
 281.22327  0.05031
 281.24418  0.05008
 281.26508  0.05002
 281.28599  0.04976
 281.30692  0.04920
 281.32783  0.04947
 281.34873  0.04891
 281.36964  0.04838
 281.39057  0.04893
 281.41145  0.04841
 281.43238  0.04825
 281.45329  0.04778
 281.47419  0.04805
 281.49510  0.04784
 281.51600  0.04767
 281.53691  0.04748
 281.55784  0.04762
 281.57872  0.04689
 281.59965  0.04701
 281.62053  0.04626
 281.64146  0.04691
 281.66237  0.04685
 281.68327  0.04664
 281.70418  0.04604
 281.72508  0.04585
 281.74599  0.04575
 281.76689  0.04563
 281.78780  0.04537
 281.80870  0.04555
 281.82961  0.04538
 281.85050  0.04538
 281.87142  0.04494
 281.89231  0.04496
 281.91323  0.04395
 281.93412  0.04420
 281.95504  0.04446
 281.97593  0.04465
 281.99682  0.04438
 282.01774  0.04429
 282.03863  0.04385
 282.05955  0.04367
 282.08044  0.04314
 282.10133  0.04346
 282.12225  0.04328
 282.14314  0.04321
 282.16406  0.04354
 282.18495  0.04339
 282.20584  0.04249
 282.22676  0.04247
 282.24765  0.04269
 282.26854  0.04246
 282.28942  0.04180
 282.31035  0.04227
 282.33123  0.04209
 282.35213  0.04169
 282.37304  0.04197
 282.39394  0.04196
 282.41483  0.04183
 282.43572  0.04149
 282.45664  0.04137
 282.47753  0.04127
 282.49842  0.04130
 282.51931  0.04128
 282.54020  0.04095
 282.56112  0.04095
 282.58201  0.04062
 282.60289  0.04019
 282.62379  0.04070
 282.64467  0.04088
 282.66557  0.04061
 282.68648  0.04053
 282.70738  0.04023
 282.72826  0.04025
 282.74916  0.04003
 282.77004  0.03995
 282.79094  0.03973
 282.81182  0.03960
 282.83271  0.03967
 282.85360  0.03943
 282.87449  0.03933
 282.89541  0.03941
 282.91630  0.03942
 282.93719  0.03923
 282.95808  0.03908
 282.97897  0.03903
 282.99986  0.03891
 283.02075  0.03913
 283.04164  0.03904
 283.06253  0.03914
 283.08342  0.03867
 283.10430  0.03850
 283.12520  0.03818
 283.14605  0.03854
 283.16695  0.03861
 283.18783  0.03862
 283.20873  0.03856
 283.22961  0.03857
 283.25051  0.03807
 283.27139  0.03821
 283.29228  0.03846
 283.31317  0.03803
 283.33406  0.03786
 283.35492  0.03807
 283.37581  0.03794
 283.39670  0.03784
 283.41759  0.03786
 283.43848  0.03760
 283.45937  0.03701
 283.48022  0.03713
 283.50112  0.03754
 283.52200  0.03774
 283.54290  0.03772
 283.56378  0.03761
 283.58465  0.03766
 283.60554  0.03727
 283.62643  0.03746
 283.64732  0.03712
 283.66817  0.03713
 283.68907  0.03715
 283.70995  0.03730
 283.73082  0.03739
 283.75170  0.03727
 283.77260  0.03708
 283.79345  0.03697
 283.81435  0.03675
 283.83523  0.03662
 283.85609  0.03701
 283.87698  0.03697
 283.89787  0.03692
 283.91873  0.03684
 283.93962  0.03685
 283.96051  0.03694
 283.98137  0.03693
 284.00225  0.03652
 284.02312  0.03666
 284.04400  0.03671
 284.06487  0.03700
 284.08575  0.03709
 284.10665  0.03740
 284.12750  0.03883
 284.14839  0.04123
