# wl 	 %tx
 203.29385  5.11278
 203.31536  5.12411
 203.33684  5.15317
 203.35833  5.18010
 203.37983  5.20071
 203.40133  5.22128
 203.42281  5.25574
 203.44431  5.27187
 203.46580  5.29455
 203.48729  5.32327
 203.50879  5.34411
 203.53028  5.36404
 203.55176  5.38538
 203.57327  5.38412
 203.59476  5.39004
 203.61624  5.42475
 203.63774  5.45095
 203.65923  5.47066
 203.68072  5.48171
 203.70222  5.50125
 203.72370  5.54225
 203.74519  5.55607
 203.76668  5.59271
 203.78817  5.59877
 203.80965  5.63291
 203.83115  5.68004
 203.85264  5.66483
 203.87413  5.71499
 203.89561  5.75036
 203.91711  5.78404
 203.93860  5.81458
 203.96009  5.84041
 203.98157  5.84197
 204.00307  5.89169
 204.02456  5.90742
 204.04605  5.93707
 204.06753  5.94860
 204.08901  5.99576
 204.11052  6.03040
 204.13200  6.06675
 204.15348  6.09217
 204.17497  6.11311
 204.19646  6.11865
 204.21795  6.13416
 204.23943  6.18768
 204.26091  6.19050
 204.28240  6.20878
 204.30390  6.24422
 204.32538  6.30312
 204.34686  6.29445
 204.36836  6.34022
 204.38984  6.38449
 204.41132  6.39821
 204.43280  6.42842
 204.45429  6.44748
 204.47579  6.48205
 204.49727  6.49672
 204.51875  6.54762
 204.54024  6.56266
 204.56171  6.59768
 204.58321  6.61327
 204.60469  6.67064
 204.62618  6.68274
 204.64766  6.70097
 204.66914  6.74619
 204.69062  6.77740
 204.71211  6.79701
 204.73359  6.81588
 204.75507  6.85105
 204.77655  6.88008
 204.79804  6.91408
 204.81952  6.91703
 204.84100  6.97695
 204.86247  6.98864
 204.88398  7.03991
 204.90544  7.06371
 204.92692  7.10944
 204.94840  7.13513
 204.96989  7.17676
 204.99137  7.18955
 205.01285  7.19774
 205.03433  7.26721
 205.05582  7.28436
 205.07730  7.31712
 205.09878  7.35484
 205.12026  7.39174
 205.14175  7.41131
 205.16323  7.42360
 205.18469  7.48412
 205.20617  7.50066
 205.22766  7.53641
 205.24914  7.57209
 205.27062  7.57771
 205.29210  7.62513
 205.31358  7.65592
 205.33506  7.72753
 205.35654  7.72749
 205.37802  7.78232
 205.39949  7.80859
 205.42097  7.83243
 205.44245  7.87180
 205.46393  7.89587
 205.48540  7.94190
 205.50688  7.97833
 205.52836  8.00636
 205.54983  8.01182
 205.57132  8.08327
 205.59280  8.11914
 205.61426  8.14968
 205.63574  8.17593
 205.65721  8.20824
 205.67869  8.26635
 205.70017  8.25572
 205.72164  8.28868
 205.74313  8.34384
 205.76459  8.37793
 205.78607  8.41048
 205.80754  8.42838
 205.82903  8.48625
 205.85051  8.50171
 205.87197  8.54171
 205.89345  8.58435
 205.91492  8.63029
 205.93639  8.66947
 205.95787  8.68851
 205.97933  8.73624
 206.00082  8.75881
 206.02229  8.78531
 206.04377  8.81305
 206.06523  8.85195
 206.08670  8.90600
 206.10818  8.97167
 206.12965  8.97097
 206.15113  8.99289
 206.17260  9.02884
 206.19407  9.09238
 206.21555  9.12739
 206.23701  9.15553
 206.25849  9.20267
 206.27997  9.21923
 206.30143  9.27072
 206.32289  9.35052
 206.34437  9.36764
 206.36585  9.40353
 206.38731  9.45229
 206.40878  9.49329
 206.43025  9.53244
 206.45173  9.56677
 206.47320  9.60738
 206.49466  9.67271
 206.51613  9.68307
 206.53760  9.72566
 206.55908  9.78877
 206.58054  9.84457
 206.60202  9.86637
 206.62348  9.93169
 206.64495  9.96076
 206.66641  9.97955
 206.68788  10.02772
 206.70935  10.05993
 206.73081  10.14550
 206.75229  10.16165
 206.77377  10.20458
 206.79523  10.23585
 206.81670  10.30475
 206.83816  10.30989
 206.85963  10.39606
 206.88110  10.40634
 206.90256  10.47114
 206.92403  10.51949
 206.94550  10.57947
 206.96697  10.57955
 206.98842  10.63343
 207.00988  10.67335
 207.03135  10.75041
 207.05282  10.75002
 207.07428  10.79602
 207.09576  10.83315
 207.11722  10.87527
 207.13869  10.91580
 207.16015  11.02046
 207.18161  10.99585
 207.20307  11.05159
 207.22454  11.10632
 207.24600  11.13761
 207.26748  11.19394
 207.28894  11.22755
 207.31039  11.25328
 207.33185  11.29743
 207.35333  11.35242
 207.37479  11.38673
 207.39624  11.44345
 207.41771  11.51558
 207.43918  11.51219
 207.46063  11.54617
 207.48209  11.59466
 207.50356  11.64479
 207.52502  11.70313
 207.54648  11.74456
 207.56795  11.80831
 207.58940  11.82264
 207.61087  11.86147
 207.63233  11.89917
 207.65378  11.94991
 207.67525  11.97454
 207.69671  12.03221
 207.71817  12.10474
 207.73964  12.13569
 207.76109  12.20166
 207.78256  12.19632
 207.80401  12.24389
 207.82547  12.27072
 207.84693  12.31466
 207.86840  12.35997
 207.88985  12.46215
 207.91131  12.46254
 207.93277  12.52588
 207.95422  12.55958
 207.97568  12.64308
 207.99713  12.64959
 208.01861  12.67579
 208.04006  12.74530
 208.06152  12.76147
 208.08297  12.81243
 208.10443  12.85133
 208.12589  12.92310
 208.14734  12.91530
 208.16879  12.98108
 208.19027  13.03171
 208.21171  13.06455
 208.23316  13.12410
 208.25463  13.18668
 208.27609  13.21285
 208.29754  13.26419
 208.31899  13.28799
 208.34045  13.31560
 208.36191  13.40731
 208.38336  13.39090
 208.40481  13.48192
 208.42627  13.50207
 208.44773  13.51909
 208.46918  13.60224
 208.49063  13.62917
 208.51209  13.68012
 208.53354  13.72236
 208.55499  13.77833
 208.57645  13.78750
 208.59791  13.82747
 208.61936  13.86072
 208.64081  13.91667
 208.66226  14.00684
 208.68372  13.99499
 208.70516  14.08420
 208.72661  14.08495
 208.74806  14.11384
 208.76952  14.14678
 208.79097  14.20535
 208.81242  14.22662
 208.83387  14.34556
 208.85533  14.34719
 208.87678  14.35497
 208.89823  14.46132
 208.91969  14.44605
 208.94114  14.49201
 208.96258  14.55773
 208.98403  14.59566
 209.00549  14.62564
 209.02694  14.66883
 209.04838  14.71822
 209.06982  14.72318
 209.09128  14.79743
 209.11273  14.84776
 209.13418  14.86637
 209.15563  14.92248
 209.17707  14.96307
 209.19852  14.96444
 209.21997  15.04944
 209.24142  15.04153
 209.26288  15.08632
 209.28432  15.16129
 209.30576  15.18834
 209.32722  15.17743
 209.34867  15.27236
 209.37011  15.32414
 209.39156  15.30961
 209.41301  15.41899
 209.43445  15.40670
 209.45590  15.46314
 209.47735  15.46464
 209.49879  15.52390
 209.52024  15.57311
 209.54167  15.62805
 209.56312  15.64648
 209.58458  15.71176
 209.60602  15.73451
 209.62746  15.74469
 209.64890  15.83049
 209.67036  15.86311
 209.69179  15.87359
 209.71324  15.88986
 209.73468  15.95895
 209.75613  15.98834
 209.77757  16.03231
 209.79902  16.08112
 209.82046  16.07650
 209.84191  16.10046
 209.86334  16.19677
 209.88479  16.20687
 209.90624  16.24673
 209.92769  16.20729
 209.94912  16.35781
 209.97055  16.36851
 209.99201  16.37103
 210.01345  16.41032
 210.03488  16.47494
 210.05634  16.50139
 210.07777  16.53468
 210.09921  16.54907
 210.12066  16.59627
 210.14210  16.60022
 210.16353  16.66393
 210.18498  16.69050
 210.20642  16.74108
 210.22786  16.76654
 210.24929  16.83828
 210.27074  16.87453
 210.29218  16.88895
 210.31362  16.93385
 210.33506  16.96054
 210.35649  16.97483
 210.37795  17.02554
 210.39938  17.01572
 210.42082  17.09071
 210.44225  17.14855
 210.46369  17.14080
 210.48513  17.23182
 210.50656  17.21299
 210.52800  17.29704
 210.54945  17.28443
 210.57089  17.29535
 210.59232  17.36186
 210.61376  17.40919
 210.63520  17.42583
 210.65663  17.43630
 210.67807  17.46338
 210.69951  17.53603
 210.72095  17.56986
 210.74238  17.60998
 210.76381  17.65277
 210.78526  17.66977
 210.80669  17.66722
 210.82812  17.73127
 210.84954  17.72872
 210.87099  17.78405
 210.89242  17.82388
 210.91385  17.86200
 210.93529  17.86959
 210.95673  17.89329
 210.97817  17.96774
 210.99960  17.96100
 211.02103  18.02684
 211.04246  18.03503
 211.06390  18.08824
 211.08533  18.09946
 211.10677  18.12651
 211.12819  18.17966
 211.14963  18.22254
 211.17106  18.24175
 211.19250  18.24375
 211.21392  18.33569
 211.23536  18.37928
 211.25680  18.37351
 211.27822  18.42366
 211.29965  18.45098
 211.32109  18.47490
 211.34252  18.51108
 211.36395  18.55895
 211.38538  18.61668
 211.40680  18.57303
 211.42825  18.63408
 211.44968  18.64692
 211.47110  18.64474
 211.49254  18.73366
 211.51396  18.71544
 211.53539  18.75394
 211.55681  18.77083
 211.57826  18.82241
 211.59968  18.86927
 211.62111  18.86337
 211.64253  18.91052
 211.66397  18.90052
 211.68539  18.94202
 211.70682  19.00931
 211.72824  19.02638
 211.74969  19.03060
 211.77111  19.07406
 211.79252  19.09921
 211.81397  19.10428
 211.83539  19.10798
 211.85682  19.13289
 211.87824  19.22901
 211.89967  19.21712
 211.92110  19.25462
 211.94252  19.29821
 211.96394  19.30432
 211.98538  19.34520
 212.00680  19.37522
 212.02822  19.38498
 212.04965  19.39871
 212.07108  19.45678
 212.09250  19.51585
 212.11392  19.54235
 212.13535  19.52863
 212.15678  19.53418
 212.17820  19.59215
 212.19962  19.57833
 212.22105  19.61868
 212.24247  19.64246
 212.26388  19.68167
 212.28533  19.70149
 212.30675  19.68577
 212.32817  19.73760
 212.34958  19.79244
 212.37101  19.77718
 212.39243  19.83158
 212.41385  19.83042
 212.43528  19.86141
 212.45670  19.91120
 212.47812  19.88333
 212.49953  19.94679
 212.52096  19.93959
 212.54238  19.95252
 212.56380  19.99053
 212.58522  20.02920
 212.60665  20.00118
 212.62807  20.05620
 212.64948  20.03523
 212.67091  20.09766
 212.69233  20.14580
 212.71375  20.13768
 212.73517  20.17583
 212.75660  20.16586
 212.77802  20.19665
 212.79942  20.24329
 212.82084  20.27091
 212.84227  20.29070
 212.86369  20.30156
 212.88510  20.32300
 212.90653  20.34704
 212.92794  20.38642
 212.94935  20.41057
 212.97077  20.38198
 212.99220  20.43861
 213.01361  20.48997
 213.03502  20.45203
 213.05644  20.46425
 213.07787  20.49717
 213.09927  20.46369
 213.12069  20.50739
 213.14212  20.52677
 213.16352  20.52882
 213.18494  20.59788
 213.20636  20.55695
 213.22778  20.62564
 213.24919  20.60828
 213.27060  20.60631
 213.29203  20.65788
 213.31344  20.62773
 213.33485  20.67308
 213.35627  20.71261
 213.37768  20.68006
 213.39910  20.71025
 213.42050  20.77144
 213.44192  20.78651
 213.46333  20.76116
 213.48475  20.78553
 213.50616  20.78901
 213.52758  20.79152
 213.54899  20.77922
 213.57039  20.85009
 213.59181  20.86284
 213.61322  20.85591
 213.63464  20.85811
 213.65604  20.92195
 213.67746  20.81450
 213.69888  20.85397
 213.72028  20.90025
 213.74168  20.93536
 213.76311  20.90895
 213.78452  20.92636
 213.80592  20.96269
 213.82734  20.96320
 213.84875  20.98806
 213.87015  20.98856
 213.89157  20.92612
 213.91299  21.05163
 213.93439  20.98323
 213.95579  20.98211
 213.97720  21.03295
 213.99862  21.03065
 214.02003  21.04425
 214.04143  21.04930
 214.06284  21.07302
 214.08425  21.06835
 214.10565  21.08755
 214.12705  21.07111
 214.14848  21.10954
 214.16989  21.10722
 214.19129  21.17328
 214.21270  21.13791
 214.23411  21.17216
 214.25551  21.15439
 214.27691  21.14349
 214.29833  21.16779
 214.31973  21.22597
 214.34113  21.19468
 214.36254  21.23292
 214.38395  21.23298
 214.40535  21.25058
 214.42676  21.21084
 214.44817  21.29345
 214.46957  21.22973
 214.49098  21.23229
 214.51238  21.25557
 214.53378  21.26889
 214.55518  21.24352
 214.57658  21.30667
 214.59800  21.28944
 214.61940  21.29696
 214.64080  21.31041
 214.66221  21.31297
 214.68361  21.28220
 214.70501  21.28972
 214.72641  21.31975
 214.74783  21.31159
 214.76921  21.31407
 214.79062  21.36034
 214.81202  21.30730
 214.83343  21.32723
 214.85482  21.38030
 214.87623  21.37464
 214.89764  21.36160
 214.91903  21.31867
 214.94043  21.40748
 214.96183  21.33325
 214.98323  21.40551
 215.00464  21.37331
 215.02604  21.39371
 215.04744  21.39801
 215.06884  21.39407
 215.09023  21.33751
 215.11163  21.38899
 215.13304  21.40264
 215.15443  21.39192
 215.17584  21.39979
 215.19723  21.37736
 215.21864  21.42689
 215.24003  21.42670
 215.26143  21.45891
 215.28283  21.41464
 215.30423  21.42439
 215.32562  21.42681
 215.34701  21.41268
 215.36842  21.43234
 215.38981  21.39411
 215.41121  21.38670
 215.43261  21.42254
 215.45400  21.41860
 215.47540  21.42135
 215.49679  21.45632
 215.51819  21.41457
 215.53959  21.46024
 215.56098  21.43664
 215.58238  21.45644
 215.60378  21.46891
 215.62517  21.45963
 215.64656  21.48441
 215.66795  21.44015
 215.68936  21.46215
 215.71075  21.46893
 215.73214  21.48912
 215.75353  21.49115
 215.77492  21.51777
 215.79632  21.45153
 215.81772  21.45769
 215.83911  21.50078
 215.86050  21.48081
 215.88190  21.51197
 215.90328  21.50396
 215.92467  21.51455
 215.94607  21.50341
 215.96747  21.46899
 215.98886  21.51539
 216.01025  21.51686
 216.03165  21.50720
 216.05304  21.50136
 216.07442  21.52031
 216.09581  21.50005
 216.11721  21.48746
 216.13860  21.51616
 216.15999  21.54365
 216.18138  21.54048
 216.20277  21.52946
 216.22416  21.47067
 216.24553  21.57474
 216.26693  21.51151
 216.28832  21.55171
 216.30971  21.53207
 216.33111  21.52682
 216.35249  21.55068
 216.37388  21.57359
 216.39528  21.54825
 216.41665  21.53117
 216.43804  21.52054
 216.45943  21.55336
 216.48083  21.59264
 216.50221  21.55093
 216.52359  21.55469
 216.54499  21.61270
 216.56637  21.52569
 216.58776  21.56174
 216.60913  21.50450
 216.63053  21.61222
 216.65192  21.56014
 216.67329  21.53075
 216.69469  21.55150
 216.71608  21.58824
 216.73745  21.54797
 216.75884  21.53376
 216.78022  21.53485
 216.80161  21.59522
 216.82300  21.54529
 216.84438  21.64725
 216.86577  21.54111
 216.88714  21.57244
 216.90853  21.47407
 216.92991  21.54561
 216.95130  21.57446
 216.97267  21.57000
 216.99407  21.57275
 217.01545  21.59266
 217.03683  21.63295
 217.05821  21.59010
 217.07960  21.62632
 217.10098  21.59792
 217.12235  21.54516
 217.14375  21.59723
 217.16512  21.57180
 217.18651  21.63037
 217.20789  21.59324
 217.22927  21.64373
 217.25065  21.65805
 217.27203  21.63493
 217.29341  21.61518
 217.31480  21.59621
 217.33617  21.64543
 217.35755  21.62187
 217.37893  21.62516
 217.40031  21.64098
 217.42169  21.63807
 217.44307  21.65101
 217.46444  21.60952
 217.48583  21.61034
 217.50721  21.66065
 217.52859  21.62569
 217.54996  21.69776
 217.57133  21.60886
 217.59271  21.60173
 217.61409  21.63861
 217.63547  21.66828
 217.65686  21.63813
 217.67823  21.59517
 217.69960  21.69905
 217.72099  21.61592
 217.74236  21.63668
 217.76373  21.61096
 217.78510  21.59567
 217.80649  21.64672
 217.82786  21.59459
 217.84923  21.66726
 217.87062  21.68571
 217.89199  21.62579
 217.91336  21.63113
 217.93473  21.61575
 217.95612  21.61973
 217.97749  21.63055
 217.99886  21.63073
 218.02023  21.60522
 218.04160  21.55443
 218.06298  21.45020
 218.08435  21.57462
 218.10573  21.54497
 218.12710  21.53524
 218.14848  21.52321
 218.16984  21.58021
 218.19122  21.57115
 218.21259  21.56536
 218.23397  21.55786
 218.25533  21.50990
 218.27670  21.50503
 218.29808  21.61031
 218.31946  21.51346
 218.34082  21.61439
 218.36219  21.55247
 218.38357  21.60268
 218.40493  21.57869
 218.42630  21.53768
 218.44769  21.49637
 218.46904  21.56786
 218.49042  21.56738
 218.51177  21.61148
 218.53316  21.60681
 218.55453  21.57415
 218.57589  21.41189
 218.59727  21.39938
 218.61863  21.39619
 218.64000  21.41533
 218.66136  21.47406
 218.68274  21.46706
 218.70410  21.52580
 218.72547  21.54078
 218.74684  21.57537
 218.76821  21.58709
 218.78957  21.59278
 218.81094  21.60315
 218.83231  21.63154
 218.85367  21.67863
 218.87504  21.65079
 218.89641  21.60354
 218.91776  21.62543
 218.93914  21.61131
 218.96051  21.56312
 218.98186  21.60818
 219.00324  21.64061
 219.02459  21.63576
 219.04596  21.62716
 219.06732  21.65159
 219.08869  21.74133
 219.11006  21.71751
 219.13142  21.66875
 219.15277  21.68677
 219.17416  21.75388
 219.19551  21.64617
 219.21687  21.68766
 219.23823  21.75123
 219.25960  21.69784
 219.28095  21.69695
 219.30233  21.67895
 219.32369  21.64709
 219.34505  21.75049
 219.36641  21.70509
 219.38778  21.68177
 219.40914  21.63572
 219.43049  21.67618
 219.45185  21.67381
 219.47322  21.69140
 219.49458  21.70478
 219.51593  21.69263
 219.53730  21.66908
 219.55866  21.73058
 219.58002  21.67592
 219.60138  21.68764
 219.62274  21.67477
 219.64410  21.66575
 219.66546  21.69028
 219.68682  21.69764
 219.70818  21.65097
 219.72952  21.65435
 219.75089  21.68492
 219.77225  21.68681
 219.79361  21.66238
 219.81497  21.72472
 219.83633  21.66660
 219.85767  21.62069
 219.87903  21.67432
 219.90040  21.58383
 219.92176  21.67072
 219.94310  21.61596
 219.96447  21.62961
 219.98582  21.69877
 220.00718  21.63554
 220.02853  21.64215
 220.04989  21.61237
 220.07125  21.57014
 220.09259  21.66415
 220.11396  21.66435
 220.13532  21.64445
 220.15666  21.61767
 220.17803  21.63445
 220.19937  21.64276
 220.22073  21.63869
 220.24208  21.68976
 220.26344  21.58152
 220.28479  21.66067
 220.30614  21.63184
 220.32750  21.59766
 220.34885  21.62420
 220.37020  21.56774
 220.39156  21.58258
 220.41291  21.61273
 220.43426  21.62459
 220.45561  21.58686
 220.47696  21.56705
 220.49831  21.59244
 220.51966  21.58614
 220.54102  21.57528
 220.56236  21.57402
 220.58372  21.51298
 220.60507  21.53474
 220.62641  21.50438
 220.64777  21.53300
 220.66912  21.51113
 220.69046  21.49842
 220.71182  21.45699
 220.73317  21.53153
 220.75452  21.51335
 220.77586  21.48568
 220.79722  21.47804
 220.81857  21.52339
 220.83991  21.50583
 220.86125  21.50343
 220.88261  21.50635
 220.90396  21.45513
 220.92530  21.49633
 220.94666  21.49517
 220.96800  21.43869
 220.98934  21.51372
 221.01068  21.50763
 221.03204  21.47523
 221.05338  21.49425
 221.07472  21.51798
 221.09607  21.46840
 221.11742  21.43355
 221.13876  21.46105
 221.16011  21.43111
 221.18145  21.47193
 221.20279  21.44348
 221.22415  21.44429
 221.24549  21.47813
 221.26683  21.45009
 221.28817  21.42872
 221.30953  21.40906
 221.33087  21.44897
 221.35221  21.40592
 221.37356  21.41770
 221.39491  21.41243
 221.41625  21.41816
 221.43758  21.39104
 221.45893  21.39784
 221.48027  21.40772
 221.50161  21.41583
 221.52296  21.37600
 221.54429  21.40305
 221.56563  21.35017
 221.58699  21.41019
 221.60833  21.35548
 221.62966  21.35968
 221.65101  21.39521
 221.67235  21.36844
 221.69368  21.41625
 221.71503  21.38480
 221.73637  21.41842
 221.75770  21.35686
 221.77904  21.34147
 221.80039  21.37179
 221.82172  21.39423
 221.84306  21.33468
 221.86440  21.33480
 221.88574  21.35901
 221.90708  21.33326
 221.92842  21.41062
 221.94976  21.34701
 221.97109  21.40664
 221.99244  21.32899
 222.01377  21.33659
 222.03511  21.36146
 222.05644  21.32802
 222.07778  21.32347
 222.09912  21.35699
 222.12045  21.33081
 222.14180  21.36077
 222.16312  21.32531
 222.18445  21.34736
 222.20580  21.32132
 222.22713  21.36808
 222.24847  21.33369
 222.26981  21.36144
 222.29114  21.31348
 222.31246  21.33093
 222.33381  21.35327
 222.35514  21.31652
 222.37647  21.29377
 222.39781  21.35050
 222.41915  21.29635
 222.44048  21.29370
 222.46180  21.29267
 222.48314  21.31900
 222.50448  21.32536
 222.52581  21.30162
 222.54715  21.34805
 222.56848  21.29710
 222.58980  21.30058
 222.61113  21.30038
 222.63247  21.30808
 222.65379  21.32131
 222.67514  21.26397
 222.69647  21.30332
 222.71780  21.35819
 222.73913  21.33888
 222.76046  21.32239
 222.78179  21.29813
 222.80312  21.33738
 222.82445  21.37491
 222.84578  21.33792
 222.86711  21.37728
 222.88845  21.34056
 222.90976  21.38959
 222.93108  21.33524
 222.95241  21.36606
 222.97375  21.34470
 222.99508  21.36993
 223.01640  21.36747
 223.03774  21.36176
 223.05907  21.34496
 223.08038  21.32064
 223.10172  21.37896
 223.12304  21.41296
 223.14437  21.40901
 223.16571  21.36297
 223.18702  21.39634
 223.20835  21.42283
 223.22967  21.45114
 223.25101  21.40351
 223.27232  21.40755
 223.29365  21.38579
 223.31499  21.43043
 223.33630  21.43036
 223.35762  21.41310
 223.37896  21.42167
 223.40027  21.45859
 223.42160  21.43233
 223.44292  21.45828
 223.46425  21.42392
 223.48558  21.48825
 223.50690  21.40966
 223.52823  21.50076
 223.54954  21.52117
 223.57086  21.53515
 223.59219  21.47372
 223.61351  21.54265
 223.63482  21.51378
 223.65616  21.54100
 223.67747  21.51536
 223.69880  21.54852
 223.72012  21.50960
 223.74143  21.50699
 223.76276  21.52990
 223.78408  21.54373
 223.80539  21.51970
 223.82672  21.61094
 223.84804  21.54887
 223.86937  21.59424
 223.89068  21.59528
 223.91200  21.58455
 223.93332  21.58329
 223.95464  21.64942
 223.97595  21.60678
 223.99728  21.63812
 224.01859  21.70061
 224.03992  21.66361
 224.06124  21.66820
 224.08255  21.73083
 224.10386  21.70746
 224.12518  21.74533
 224.14651  21.72218
 224.16782  21.72288
 224.18914  21.77276
 224.21046  21.75966
 224.23177  21.77100
 224.25309  21.79540
 224.27440  21.80251
 224.29571  21.80278
 224.31702  21.84187
 224.33835  21.90160
 224.35966  21.93964
 224.38097  21.93437
 224.40229  21.88584
 224.42360  21.88099
 224.44491  21.93792
 224.46624  21.97576
 224.48755  21.94165
 224.50886  21.98711
 224.53018  22.00253
 224.55149  22.01705
 224.57281  22.01636
 224.59413  21.98691
 224.61544  22.00360
 224.63674  22.03735
 224.65806  22.07222
 224.67937  22.08029
 224.70068  22.07475
 224.72200  22.10840
 224.74330  22.07477
 224.76461  22.08444
 224.78592  22.16510
 224.80724  22.13106
 224.82854  22.16236
 224.84985  22.17629
 224.87117  22.16309
 224.89249  22.22449
 224.91378  22.19875
 224.93510  22.25373
 224.95640  22.23561
 224.97771  22.23611
 224.99903  22.25654
 225.02033  22.31868
 225.04164  22.31717
 225.06295  22.28708
 225.08426  22.38605
 225.10557  22.35738
 225.12688  22.31470
 225.14819  22.37132
 225.16949  22.38361
 225.19080  22.25524
 225.21211  22.29692
 225.23342  22.57644
 225.25471  22.36973
 225.27602  22.45937
 225.29733  22.43652
 225.31863  22.46473
 225.33995  22.55319
 225.36125  22.49557
 225.38254  22.52948
 225.40387  22.58011
 225.42516  22.54384
 225.44646  22.66046
 225.46778  22.52695
 225.48908  22.60108
 225.51037  22.59279
 225.53170  22.64992
 225.55299  22.69547
 225.57429  22.62972
 225.59560  22.60795
 225.61691  22.69968
 225.63820  22.68465
 225.65951  22.74463
 225.68081  22.74668
 225.70210  22.79968
 225.72342  22.72763
 225.74472  22.81214
 225.76602  22.76209
 225.78731  22.88074
 225.80862  22.76836
 225.82992  22.80492
 225.85121  22.90242
 225.87252  22.77789
 225.89382  22.85937
 225.91511  22.97796
 225.93642  22.91040
 225.95772  22.91459
 225.97901  22.96483
 226.00032  22.88372
 226.02162  23.02194
 226.04291  22.97430
 226.06422  22.89617
 226.08552  23.06846
 226.10681  23.03873
 226.12812  23.01307
 226.14942  23.01266
 226.17071  23.07921
 226.19200  23.06968
 226.21330  23.09867
 226.23460  23.16053
 226.25590  23.04987
 226.27720  23.11959
 226.29848  23.11741
 226.31979  23.07593
 226.34108  23.09364
 226.36238  23.19745
 226.38366  23.12649
 226.40497  23.18288
 226.42626  23.21994
 226.44756  23.25156
 226.46885  23.24047
 226.49015  23.14928
 226.51143  23.29585
 226.53274  23.27314
 226.55403  23.19125
 226.57531  23.23666
 226.59662  23.27221
 226.61792  23.28215
 226.63920  23.38989
 226.66051  23.36831
 226.68179  23.26164
 226.70308  23.35553
 226.72437  23.28844
 226.74567  23.36903
 226.76695  23.36948
 226.78826  23.34760
 226.80954  23.47686
 226.83082  23.36236
 226.85213  23.36432
 226.87341  23.44891
 226.89471  23.38525
 226.91600  23.35005
 226.93728  23.52476
 226.95858  23.44833
 226.97987  23.39559
 227.00115  23.53225
 227.02244  23.35219
 227.04374  23.53818
 227.06502  23.42548
 227.08631  23.41062
 227.10759  23.61396
 227.12889  23.37374
 227.15017  23.55744
 227.17146  23.52870
 227.19275  23.49345
 227.21404  23.48665
 227.23532  23.52057
 227.25661  23.51546
 227.27789  23.56509
 227.29919  23.62890
 227.32048  23.55809
 227.34176  23.56359
 227.36304  23.53778
 227.38433  23.50370
 227.40561  23.61872
 227.42689  23.56896
 227.44819  23.62375
 227.46947  23.54985
 227.49075  23.72814
 227.51204  23.62197
 227.53332  23.63845
 227.55460  23.49612
 227.57589  23.51172
 227.59717  23.61765
 227.61846  23.58101
 227.63975  23.69532
 227.66103  23.63988
 227.68231  23.69756
 227.70359  23.62147
 227.72487  23.63586
 227.74615  23.59245
 227.76744  23.69747
 227.78872  23.62052
 227.81000  23.60925
 227.83128  23.71522
 227.85256  23.58768
 227.87384  23.62218
 227.89513  23.61315
 227.91640  23.71189
 227.93768  23.68962
 227.95897  23.66865
 227.98024  23.69007
 228.00152  23.64342
 228.02281  23.65633
 228.04407  23.62536
 228.06536  23.53090
 228.08665  23.75171
 228.10791  23.50582
 228.12919  23.71144
 228.15047  23.61240
 228.17175  23.58926
 228.19303  23.79447
 228.21431  23.56154
 228.23559  23.68931
 228.25686  23.67910
 228.27815  23.58592
 228.29941  23.63343
 228.32068  23.54071
 228.34197  23.72327
 228.36324  23.49065
 228.38452  23.60714
 228.40579  23.67888
 228.42708  23.51496
 228.44834  23.61921
 228.46961  23.57744
 228.49090  23.62996
 228.51216  23.59051
 228.53343  23.61891
 228.55472  23.54584
 228.57599  23.60923
 228.59725  23.52584
 228.61853  23.55553
 228.63981  23.42778
 228.66108  23.49100
 228.68235  23.53246
 228.70362  23.54161
 228.72490  23.66135
 228.74618  23.51191
 228.76744  23.59758
 228.78871  23.45851
 228.80998  23.41653
 228.83125  23.48918
 228.85252  23.40081
 228.87381  23.48500
 228.89507  23.46947
 228.91634  23.52849
 228.93762  23.51117
 228.95888  23.44029
 228.98015  23.31788
 229.00142  23.54831
 229.02269  23.35870
 229.04396  23.40985
 229.06523  23.40952
 229.08650  23.39350
 229.10776  23.56453
 229.12904  23.37856
 229.15029  23.41867
 229.17156  23.30791
 229.19283  23.32622
 229.21410  23.29487
 229.23536  23.44374
 229.25664  23.40043
 229.27791  23.16707
 229.29916  23.31999
 229.32043  23.20571
 229.34170  23.34575
 229.36297  23.38017
 229.38424  23.29297
 229.40549  23.18158
 229.42676  23.32151
 229.44803  23.23792
 229.46929  23.26013
 229.49055  23.26707
 229.51183  23.26467
 229.53308  23.32917
 229.55434  23.22020
 229.57562  23.24470
 229.59687  23.14672
 229.61814  23.06813
 229.63940  23.14010
 229.66066  23.16090
 229.68193  23.17383
 229.70319  23.19615
 229.72446  23.16895
 229.74571  23.03552
 229.76698  23.00698
 229.78823  22.99632
 229.80950  23.08749
 229.83076  22.93801
 229.85203  23.03468
 229.87328  23.13574
 229.89454  23.00699
 229.91580  23.02753
 229.93705  22.87905
 229.95832  23.06217
 229.97958  22.81328
 230.00083  22.89847
 230.02211  23.07894
 230.04336  22.98547
 230.06461  22.93197
 230.08587  22.72172
 230.10714  22.90191
 230.12839  22.71539
 230.14965  23.03340
 230.17090  22.81000
 230.19217  22.83200
 230.21343  22.74523
 230.23468  22.79915
 230.25594  22.79832
 230.27719  22.57799
 230.29844  22.91534
 230.31971  22.69355
 230.34097  22.69926
 230.36222  22.63320
 230.38348  22.67595
 230.40473  22.68708
 230.42598  22.66138
 230.44724  22.70001
 230.46849  22.65960
 230.48974  22.51974
 230.51100  22.67965
 230.53225  22.57116
 230.55350  22.58057
 230.57476  22.59690
 230.59601  22.50976
 230.61727  22.43712
 230.63853  22.56175
 230.65978  22.42311
 230.68103  22.57975
 230.70227  22.55586
 230.72352  22.38101
 230.74477  22.41289
 230.76604  22.40004
 230.78729  22.37349
 230.80854  22.47014
 230.82978  22.53344
 230.85103  22.25943
 230.87228  22.47792
 230.89354  22.42016
 230.91478  22.31568
 230.93603  22.41415
 230.95729  22.27823
 230.97853  22.33005
 230.99978  22.29616
 231.02104  22.23106
 231.04227  22.40867
 231.06352  22.24497
 231.08479  22.27430
 231.10602  22.29799
 231.12727  22.29944
 231.14852  22.19923
 231.16977  22.28654
 231.19100  22.20046
 231.21226  22.28466
 231.23350  22.16262
 231.25475  22.24051
 231.27600  22.17773
 231.29725  22.25297
 231.31848  22.12244
 231.33974  22.26436
 231.36098  22.18414
 231.38223  22.13521
 231.40347  22.19797
 231.42471  22.06185
 231.44596  22.07001
 231.46721  22.18130
 231.48844  22.07139
 231.50970  22.05954
 231.53094  22.05782
 231.55217  22.19070
 231.57343  22.05282
 231.59467  22.11074
 231.61591  22.05128
 231.63715  22.06747
 231.65839  22.04177
 231.67964  22.19865
 231.70088  21.97934
 231.72212  21.99733
 231.74335  22.09853
 231.76460  22.06675
 231.78583  21.95101
 231.80709  22.08716
 231.82833  22.08924
 231.84957  22.04028
 231.87080  22.12232
 231.89205  22.03388
 231.91328  22.14152
 231.93452  21.93410
 231.95576  21.95738
 231.97700  22.09826
 231.99823  22.05010
 232.01948  22.00571
 232.04072  22.00588
 232.06195  21.91320
 232.08320  22.00800
 232.10443  21.98829
 232.12567  21.90037
 232.14690  22.04174
 232.16813  22.05948
 232.18937  21.97034
 232.21061  22.08282
 232.23185  21.86570
 232.25310  21.93504
 232.27432  22.03280
 232.29555  21.95866
 232.31680  22.01108
 232.33803  21.95928
 232.35925  21.99561
 232.38050  21.86327
 232.40173  22.00387
 232.42297  22.03635
 232.44420  21.83109
 232.46543  21.98272
 232.48667  21.94640
 232.50790  22.01912
 232.52914  21.94667
 232.55036  22.00685
 232.57160  21.91714
 232.59284  22.07835
 232.61406  21.93520
 232.63530  22.04183
 232.65652  21.90073
 232.67776  21.93492
 232.69899  21.93468
 232.72022  21.87753
 232.74144  21.86019
 232.76269  21.96502
 232.78391  21.94566
 232.80513  21.91626
 232.82638  21.98554
 232.84760  21.97807
 232.86884  21.80576
 232.89006  21.87663
 232.91128  22.04948
 232.93253  21.98178
 232.95375  21.98362
 232.97497  21.76885
 232.99621  22.16286
 233.01743  21.86849
 233.03865  21.98552
 233.05988  21.94975
 233.08112  21.94974
 233.10234  21.98778
 233.12357  22.01013
 233.14479  21.91126
 233.16601  22.07696
 233.18726  21.98840
 233.20848  21.93383
 233.22970  21.94779
 233.25093  22.00518
 233.27215  21.96137
 233.29337  22.00385
 233.31460  22.07018
 233.33582  21.92183
 233.35704  22.03873
 233.37827  21.99045
 233.39949  21.97125
 233.42072  22.06655
 233.44194  21.98348
 233.46316  22.01624
 233.48439  22.06399
 233.50561  22.03578
 233.52683  21.98717
 233.54806  22.04729
 233.56928  21.96145
 233.59050  22.01599
 233.61173  22.02825
 233.63295  22.16872
 233.65416  22.00310
 233.67539  22.01490
 233.69661  22.10558
 233.71783  22.02479
 233.73906  22.04102
 233.76026  22.04292
 233.78148  22.11765
 233.80271  22.15448
 233.82393  22.04391
 233.84515  22.12839
 233.86637  22.05358
 233.88759  21.99301
 233.90880  22.11211
 233.93002  22.11464
 233.95124  22.08315
 233.97246  22.13321
 233.99368  22.16699
 234.01488  22.07812
 234.03611  22.04694
 234.05733  22.13998
 234.07854  22.05565
 234.09977  22.09081
 234.12097  22.08047
 234.14219  22.08663
 234.16341  22.03828
 234.18463  22.11608
 234.20583  22.14391
 234.22705  22.13855
 234.24827  22.11812
 234.26948  22.08949
 234.29071  21.98722
 234.31191  22.13457
 234.33313  22.08234
 234.35435  22.09093
 234.37555  22.06137
 234.39677  22.17008
 234.41799  21.98218
 234.43919  22.01633
 234.46041  22.04151
 234.48161  22.18735
 234.50283  22.18638
 234.52405  22.02424
 234.54525  22.13493
 234.56646  22.08433
 234.58769  22.06357
 234.60889  22.09914
 234.63011  22.01062
 234.65131  21.98555
 234.67252  22.09525
 234.69373  22.05397
 234.71494  22.10670
 234.73614  21.99429
 234.75736  22.06817
 234.77856  22.03699
 234.79977  22.13874
 234.82100  22.05130
 234.84220  22.01689
 234.86339  22.09808
 234.88461  21.97779
 234.90581  21.99277
 234.92702  22.09165
 234.94823  22.02571
 234.96944  21.88768
 234.99065  21.93445
 235.01186  22.00874
 235.03306  21.85459
 235.05428  22.01523
 235.07548  21.78482
 235.09667  21.99355
 235.11788  21.90996
 235.13909  21.94691
 235.16029  21.82961
 235.18149  21.81700
 235.20270  21.85995
 235.22390  21.87858
 235.24512  21.77442
 235.26631  21.76301
 235.28751  21.81651
 235.30873  21.85372
 235.32992  21.84111
 235.35113  21.69711
 235.37234  21.67862
 235.39353  21.78418
 235.41474  21.72579
 235.43593  21.76183
 235.45714  21.60702
 235.47835  21.66153
 235.49954  21.61206
 235.52075  21.72444
 235.54195  21.53177
 235.56315  21.55126
 235.58434  21.55517
 235.60556  21.57071
 235.62675  21.57830
 235.64795  21.41376
 235.66915  21.42225
 235.69034  21.52463
 235.71156  21.44159
 235.73275  21.40018
 235.75394  21.32286
 235.77515  21.40408
 235.79634  21.44400
 235.81753  21.41854
 235.83875  21.13482
 235.85993  21.23298
 235.88112  21.11597
 235.90232  21.24987
 235.92353  21.24784
 235.94473  21.20090
 235.96592  21.14468
 235.98711  21.10313
 236.00831  21.09071
 236.02951  20.92588
 236.05070  21.07443
 236.07190  20.93477
 236.09309  20.95880
 236.11428  20.92132
 236.13548  20.98025
 236.15667  20.82239
 236.17786  20.85330
 236.19906  20.78199
 236.22025  20.68490
 236.24145  20.69624
 236.26264  20.70477
 236.28383  20.57514
 236.30503  20.60601
 236.32622  20.58147
 236.34741  20.75859
 236.36861  20.40698
 236.38980  20.56561
 236.41099  20.36176
 236.43219  20.36196
 236.45336  20.33482
 236.47455  20.39012
 236.49575  20.21919
 236.51694  20.18789
 236.53814  20.11741
 236.55932  20.14380
 236.58051  20.08413
 236.60171  20.03104
 236.62289  20.08211
 236.64407  19.98441
 236.66527  19.87668
 236.68646  19.90234
 236.70763  19.86448
 236.72883  19.79891
 236.75002  19.86384
 236.77120  19.59579
 236.79240  19.59106
 236.81359  19.68975
 236.83477  19.50680
 236.85596  19.50079
 236.87714  19.37788
 236.89833  19.44061
 236.91951  19.30537
 236.94070  19.31471
 236.96188  19.22870
 236.98307  19.24967
 237.00425  19.14309
 237.02545  18.98840
 237.04662  19.08415
 237.06782  18.87023
 237.08900  19.01423
 237.11017  18.79430
 237.13137  18.82815
 237.15254  18.71114
 237.17372  18.72454
 237.19492  18.55637
 237.21609  18.60259
 237.23727  18.54068
 237.25847  18.36349
 237.27964  18.53430
 237.30083  18.32145
 237.32200  18.19763
 237.34318  18.22962
 237.36437  18.19772
 237.38555  18.06493
 237.40672  18.09595
 237.42791  17.95172
 237.44908  17.94188
 237.47026  17.89693
 237.49144  17.78714
 237.51263  17.74642
 237.53382  17.74523
 237.55499  17.53100
 237.57616  17.55113
 237.59735  17.50290
 237.61852  17.46171
 237.63970  17.36467
 237.66088  17.37368
 237.68206  17.15854
 237.70323  17.15055
 237.72442  17.14813
 237.74558  16.96984
 237.76676  17.04289
 237.78793  16.87735
 237.80911  16.85399
 237.83029  16.76211
 237.85147  16.73838
 237.87264  16.62276
 237.89381  16.56068
 237.91499  16.65470
 237.93616  16.41618
 237.95734  16.41436
 237.97852  16.31720
 237.99969  16.21288
 238.02086  16.18707
 238.04204  16.08145
 238.06321  16.11452
 238.08438  15.95546
 238.10556  15.91489
 238.12672  15.78983
 238.14790  15.81616
 238.16907  15.67544
 238.19024  15.61172
 238.21142  15.58929
 238.23259  15.43660
 238.25376  15.48507
 238.27492  15.31422
 238.29610  15.28784
 238.31726  15.22288
 238.33844  15.16330
 238.35961  15.05230
 238.38078  15.07168
 238.40194  14.90555
 238.42313  14.85627
 238.44428  14.76571
 238.46545  14.68498
 238.48663  14.67915
 238.50779  14.57025
 238.52897  14.50314
 238.55013  14.49206
 238.57129  14.30605
 238.59246  14.31292
 238.61363  14.19276
 238.63479  14.21521
 238.65596  14.07647
 238.67714  14.04622
 238.69831  13.92430
 238.71947  13.86745
 238.74062  13.78918
 238.76179  13.73681
 238.78295  13.71632
 238.80413  13.56525
 238.82530  13.57485
 238.84646  13.46520
 238.86762  13.40828
 238.88878  13.34267
 238.90994  13.20614
 238.93111  13.21916
 238.95227  13.06818
 238.97343  13.02442
 238.99460  13.01189
 239.01576  12.89055
 239.03692  12.86786
 239.05809  12.76597
 239.07925  12.72020
 239.10042  12.62450
 239.12158  12.55793
 239.14273  12.47544
 239.16390  12.43431
 239.18505  12.35306
 239.20621  12.32198
 239.22738  12.24174
 239.24854  12.14647
 239.26970  12.12285
 239.29086  12.02825
 239.31201  11.93834
 239.33318  11.90871
 239.35434  11.81460
 239.37550  11.77479
 239.39665  11.66710
 239.41781  11.62307
 239.43897  11.56007
 239.46012  11.50018
 239.48128  11.42966
 239.50245  11.37819
 239.52359  11.28659
 239.54475  11.23399
 239.56591  11.16296
 239.58707  11.12266
 239.60821  11.04513
 239.62938  10.98204
 239.65052  10.91307
 239.67169  10.82852
 239.69284  10.80437
 239.71400  10.73470
 239.73515  10.65463
 239.75631  10.59258
 239.77745  10.53758
 239.79862  10.46580
 239.81977  10.42106
 239.84092  10.35642
 239.86208  10.29018
 239.88322  10.21475
 239.90438  10.16625
 239.92554  10.11282
 239.94668  10.06454
 239.96783  9.99785
 239.98899  9.91012
 240.01014  9.86850
 240.03129  9.79615
 240.05243  9.75365
 240.07359  9.68451
 240.09475  9.62021
 240.11589  9.56265
 240.13705  9.50543
 240.15819  9.46999
 240.17933  9.41350
 240.20049  9.32598
 240.22163  9.28159
 240.24280  9.20226
 240.26394  9.16038
 240.28509  9.12422
 240.30624  9.06164
 240.32739  9.01179
 240.34853  8.93814
 240.36968  8.89402
 240.39083  8.85482
 240.41198  8.78444
 240.43311  8.73955
 240.45425  8.67890
 240.47541  8.62192
 240.49655  8.57395
 240.51770  8.52286
 240.53885  8.47126
 240.55999  8.40815
 240.58115  8.33945
 240.60228  8.28516
 240.62342  8.25099
 240.64458  8.20772
 240.66572  8.13024
 240.68685  8.09369
 240.70800  8.03612
 240.72915  8.01120
 240.75030  7.94866
 240.77143  7.89072
 240.79257  7.86656
 240.81373  7.79268
 240.83485  7.74327
 240.85600  7.68946
 240.87714  7.64682
 240.89828  7.59936
 240.91944  7.55583
 240.94056  7.48107
 240.96171  7.45926
 240.98285  7.43010
 241.00399  7.37201
 241.02512  7.29337
 241.04627  7.25304
 241.06740  7.21674
 241.08856  7.17654
 241.10968  7.12942
 241.13081  7.08898
 241.15197  7.04342
 241.17310  6.99110
 241.19422  6.92080
 241.21538  6.90270
 241.23651  6.84795
 241.25765  6.80585
 241.27879  6.76142
 241.29992  6.73048
 241.32106  6.67378
 241.34220  6.63667
 241.36333  6.60490
 241.38447  6.53873
 241.40560  6.49645
 241.42674  6.45826
 241.44788  6.44399
 241.46901  6.37310
 241.49015  6.35154
 241.51128  6.30236
 241.53240  6.23884
 241.55354  6.19637
 241.57467  6.18565
 241.59581  6.14077
 241.61694  6.08869
 241.63807  6.04607
 241.65921  6.01833
 241.68034  5.98564
 241.70146  5.92452
 241.72260  5.89435
 241.74373  5.87289
 241.76487  5.83276
 241.78600  5.79072
 241.80713  5.75817
 241.82827  5.70069
 241.84939  5.69772
 241.87053  5.65029
 241.89165  5.59009
 241.91278  5.56252
 241.93391  5.52986
 241.95504  5.50853
 241.97617  5.45934
 241.99729  5.41694
 242.01842  5.36883
 242.03956  5.36313
 242.06069  5.32034
 242.08180  5.28030
 242.10294  5.23477
 242.12407  5.22335
 242.14519  5.16223
 242.16632  5.15699
 242.18744  5.10409
 242.20858  5.05605
 242.22970  5.05182
 242.25082  5.02192
 242.27196  4.97549
 242.29307  4.94644
 242.31420  4.92731
 242.33532  4.86652
 242.35645  4.84631
 242.37757  4.81518
 242.39870  4.78127
 242.41982  4.75709
 242.44096  4.73404
 242.46207  4.70385
 242.48319  4.66761
 242.50432  4.60902
 242.52543  4.60408
 242.54656  4.58428
 242.56769  4.55227
 242.58880  4.48719
 242.60992  4.48202
 242.63105  4.46793
 242.65218  4.41347
 242.67329  4.38678
 242.69440  4.37156
 242.71553  4.33050
 242.73665  4.30579
 242.75777  4.28892
 242.77889  4.27232
 242.80000  4.24138
 242.82113  4.17696
 242.84224  4.18730
 242.86335  4.14459
 242.88449  4.11058
 242.90561  4.09049
 242.92673  4.07779
 242.94784  4.02550
 242.96896  4.02703
 242.99008  3.96258
 243.01119  3.96158
 243.03231  3.93454
 243.05343  3.92182
 243.07453  3.87334
 243.09565  3.86009
 243.11677  3.81616
 243.13788  3.81914
 243.15900  3.76804
 243.18012  3.74660
 243.20124  3.74254
 243.22235  3.69210
 243.24345  3.67842
 243.26457  3.65763
 243.28569  3.64768
 243.30680  3.61308
 243.32791  3.58127
 243.34902  3.55115
 243.37015  3.55099
 243.39126  3.52217
 243.41236  3.49271
 243.43348  3.47248
 243.45458  3.46059
 243.47569  3.43181
 243.49682  3.39498
 243.51791  3.38435
 243.53904  3.36416
 243.56014  3.33904
 243.58125  3.30068
 243.60237  3.29597
 243.62347  3.29145
 243.64459  3.24706
 243.66569  3.23492
 243.68679  3.20425
 243.70791  3.19672
 243.72901  3.15641
 243.75014  3.12690
 243.77123  3.13853
 243.79235  3.11852
 243.81346  3.07951
 243.83455  3.06269
 243.85567  3.03225
 243.87678  3.02943
 243.89787  3.01391
 243.91898  2.97521
 243.94009  2.97670
 243.96119  2.96128
 243.98230  2.93164
 244.00340  2.90178
 244.02452  2.88736
 244.04562  2.88078
 244.06672  2.83819
 244.08783  2.81750
 244.10893  2.82083
 244.13002  2.79518
 244.15113  2.77354
 244.17225  2.74998
 244.19335  2.74724
 244.21445  2.71738
 244.23555  2.71226
 244.25666  2.69423
 244.27776  2.69059
 244.29886  2.63151
 244.31996  2.66412
 244.34106  2.60921
 244.36217  2.61727
 244.38325  2.59410
 244.40435  2.58564
 244.42546  2.54843
 244.44656  2.53911
 244.46766  2.51901
 244.48876  2.51974
 244.50986  2.48359
 244.53095  2.48352
 244.55205  2.46204
 244.57316  2.43593
 244.59426  2.42308
 244.61536  2.40667
 244.63645  2.38151
 244.65755  2.39132
 244.67866  2.36805
 244.69974  2.36605
 244.72084  2.33696
 244.74194  2.32589
 244.76303  2.30991
 244.78413  2.29156
 244.80522  2.27608
 244.82632  2.27260
 244.84743  2.24881
 244.86851  2.23807
 244.88961  2.24287
 244.91070  2.21575
 244.93180  2.19122
 244.95289  2.17926
 244.97399  2.17560
 244.99507  2.15830
 245.01616  2.13195
 245.03726  2.11833
 245.05836  2.11883
 245.07945  2.08813
 245.10054  2.09168
 245.12163  2.07923
 245.14273  2.06404
 245.16381  2.05119
 245.18490  2.04118
 245.20600  2.01113
 245.22709  2.01449
 245.24818  1.99514
 245.26926  1.97825
 245.29037  1.97690
 245.31145  1.95752
 245.33254  1.93766
 245.35363  1.94399
 245.37471  1.92845
 245.39580  1.93090
 245.41689  1.89059
 245.43799  1.86923
 245.45908  1.88494
 245.48016  1.85049
 245.50125  1.85145
 245.52234  1.85096
 245.54343  1.83855
 245.56451  1.81372
 245.58559  1.80390
 245.60669  1.78646
 245.62777  1.79338
 245.64885  1.77638
 245.66995  1.76435
 245.69101  1.74796
 245.71211  1.74722
 245.73319  1.73140
 245.75427  1.72464
 245.77536  1.71327
 245.79645  1.69623
 245.81753  1.69509
 245.83861  1.68231
 245.85969  1.66083
 245.88078  1.65729
 245.90185  1.65651
 245.92294  1.63900
 245.94403  1.62733
 245.96511  1.62511
 245.98619  1.60533
 246.00727  1.60795
 246.02836  1.58927
 246.04943  1.59014
 246.07051  1.56211
 246.09159  1.55783
 246.11268  1.54908
 246.13375  1.53593
 246.15484  1.53737
 246.17590  1.52913
 246.19700  1.51984
 246.21806  1.49785
 246.23916  1.50904
 246.26022  1.48490
 246.28131  1.47785
 246.30238  1.47592
 246.32347  1.46374
 246.34454  1.44915
 246.36561  1.44875
 246.38670  1.43904
 246.40777  1.43472
 246.42884  1.41571
 246.44992  1.41161
 246.47100  1.40688
 246.49207  1.39507
 246.51315  1.38279
 246.53423  1.39024
 246.55530  1.36883
 246.57638  1.36726
 246.59744  1.35817
 246.61852  1.33818
 246.63960  1.35159
 246.66067  1.32310
 246.68175  1.33525
 246.70282  1.31464
 246.72389  1.30920
 246.74496  1.30558
 246.76603  1.29934
 246.78711  1.28849
 246.80817  1.28629
 246.82925  1.28109
 246.85032  1.29055
 246.87139  1.32820
 246.89247  1.38925
