# wl 	 tx
238.4119198 0.1065512
238.4332633 0.1087914
238.4545969 0.1098496
238.4759404 0.1098620
238.4972739 0.1086406
238.5185975 0.1089807
238.5399510 0.1079930
238.5612745 0.1076150
238.5826081 0.1073510
238.6039516 0.1061955
238.6252852 0.1059484
238.6466187 0.1055153
238.6679622 0.1044674
238.6892958 0.1044364
238.7106193 0.1038340
238.7319728 0.1033665
238.7532964 0.1027786
238.7746299 0.1026950
238.7959635 0.1019198
238.8173070 0.1014844
238.8386406 0.1014020
238.8599641 0.1007480
238.8812977 0.0997190
238.9026312 0.1000456
238.9239748 0.0992900
238.9453083 0.0989807
238.9666319 0.0989364
238.9879654 0.0976021
239.0092990 0.0978497
239.0306225 0.0974962
239.0519561 0.0967331
239.0732996 0.0962459
239.0946332 0.0957322
239.1159667 0.0954202
239.1373003 0.0945178
239.1586238 0.0943026
239.1799574 0.0938886
239.2012910 0.0934285
239.2226145 0.0930512
239.2439481 0.0929896
239.2652816 0.0919658
239.2866052 0.0916471
239.3079388 0.0907503
239.3292723 0.0902583
239.3506059 0.0899441
239.3719294 0.0895620
239.3932630 0.0893190
239.4145966 0.0886304
239.4359101 0.0883305
239.4572437 0.0879197
239.4785673 0.0875186
239.4999008 0.0875057
239.5212344 0.0862897
239.5425580 0.0865867
239.5638916 0.0860266
239.5852051 0.0856899
239.6065387 0.0850274
239.6278723 0.0843032
239.6491958 0.0842392
239.6705294 0.0838302
239.6918430 0.0836032
239.7131766 0.0827433
239.7345101 0.0822617
239.7558337 0.0821882
239.7771573 0.0816581
239.7984809 0.0810229
239.8198145 0.0805488
239.8411280 0.0800556
239.8624616 0.0799194
239.8837952 0.0791291
239.9051088 0.0787686
239.9264324 0.0783265
239.9477659 0.0779824
239.9690795 0.0773288
239.9904131 0.0768814
240.0117467 0.0767809
240.0330603 0.0762946
240.0543939 0.0756680
240.0757075 0.0753838
240.0970410 0.0752181
240.1183546 0.0747474
240.1396782 0.0742967
240.1610018 0.0740583
240.1823254 0.0737431
240.2036390 0.0731748
240.2249726 0.0728939
240.2462862 0.0725814
240.2676198 0.0723889
240.2889334 0.0719426
240.3102670 0.0713061
240.3315806 0.0707720
240.3528942 0.0705267
240.3742278 0.0698182
240.3955414 0.0696470
240.4168750 0.0693191
240.4381886 0.0691803
240.4595022 0.0686797
240.4808358 0.0681005
240.5021494 0.0679364
240.5234630 0.0675938
240.5447966 0.0673444
240.5661102 0.0669842
240.5874238 0.0665574
240.6087474 0.0659495
240.6300710 0.0655068
240.6513846 0.0652839
240.6727082 0.0651554
240.6940218 0.0645812
240.7153454 0.0644744
240.7366690 0.0638854
240.7579826 0.0636179
240.7792963 0.0631389
240.8006099 0.0627290
240.8219435 0.0623090
240.8432571 0.0623437
240.8645707 0.0618292
240.8858843 0.0616270
240.9072079 0.0609148
240.9285216 0.0608403
240.9498352 0.0605713
240.9711488 0.0602177
240.9924624 0.0598916
241.0137860 0.0596454
241.0350997 0.0592884
241.0564133 0.0588340
241.0777469 0.0585399
241.0990605 0.0580638
241.1203541 0.0577770
241.1416778 0.0573141
241.1629914 0.0570527
241.1843050 0.0571019
241.2056186 0.0564562
241.2269323 0.0559582
241.2482459 0.0558398
241.2695695 0.0556613
241.2908831 0.0549829
241.3121968 0.0546673
241.3335104 0.0543274
241.3548240 0.0538655
241.3761277 0.0536522
241.3974413 0.0533827
241.4187549 0.0532359
241.4400786 0.0529256
241.4613922 0.0525445
241.4827058 0.0522038
241.5040095 0.0518819
241.5253231 0.0517281
241.5466368 0.0515093
241.5679504 0.0510400
241.5892540 0.0509615
241.6105677 0.0504830
241.6318813 0.0503175
241.6531850 0.0500506
241.6744986 0.0496873
241.6958122 0.0496025
241.7171259 0.0493158
241.7384295 0.0488706
241.7597432 0.0486215
241.7810468 0.0482089
241.8023605 0.0480543
241.8236741 0.0477130
241.8449778 0.0475463
241.8662914 0.0471315
241.8875951 0.0468680
241.9089087 0.0466720
241.9302224 0.0464593
241.9515260 0.0461101
241.9728397 0.0460295
241.9941333 0.0457479
242.0154570 0.0453011
242.0367506 0.0451357
242.0580643 0.0448379
242.0793679 0.0446100
242.1006716 0.0444066
242.1219852 0.0443610
242.1432889 0.0441068
242.1646026 0.0436251
242.1858962 0.0433928
242.2072199 0.0430987
242.2285135 0.0430289
242.2498172 0.0427259
242.2711309 0.0423324
242.2924345 0.0420747
242.3137282 0.0420060
242.3350519 0.0416117
242.3563455 0.0413354
242.3776492 0.0411636
242.3989629 0.0409102
242.4202665 0.0406910
242.4415602 0.0405190
242.4628639 0.0402095
242.4841775 0.0398388
242.5054812 0.0396441
242.5267849 0.0394664
242.5480786 0.0393630
242.5693822 0.0388861
242.5906959 0.0388109
242.6119996 0.0384481
242.6332932 0.0382751
242.6545969 0.0381854
242.6759006 0.0378343
242.6971943 0.0376985
242.7184980 0.0374026
242.7398116 0.0371441
242.7611153 0.0369838
242.7824090 0.0367659
242.8037127 0.0364939
242.8250163 0.0363632
242.8463100 0.0361398
242.8676137 0.0358755
242.8889174 0.0356692
242.9102111 0.0353988
242.9315148 0.0351837
242.9528184 0.0349906
242.9741121 0.0348419
242.9954158 0.0345935
243.0167195 0.0343212
243.0380132 0.0342068
243.0593169 0.0339535
243.0806006 0.0339595
243.1019043 0.0337114
243.1231980 0.0334499
243.1445017 0.0333572
243.1658053 0.0330103
243.1870990 0.0327983
243.2084027 0.0326110
243.2296864 0.0323972
243.2509901 0.0322259
243.2722838 0.0321166
243.2935875 0.0317484
243.3148912 0.0315978
243.3361749 0.0314110
243.3574686 0.0311553
243.3787723 0.0311190
243.4000760 0.0308331
243.4213597 0.0307238
243.4426634 0.0304675
243.4639571 0.0302623
243.4852408 0.0300902
243.5065445 0.0299102
243.5278482 0.0298629
243.5491319 0.0296362
243.5704257 0.0295110
243.5917294 0.0293012
243.6130131 0.0291070
243.6343168 0.0290149
243.6556005 0.0287618
243.6769042 0.0286474
243.6981879 0.0284090
243.7194816 0.0282278
243.7407853 0.0281551
243.7620690 0.0278852
243.7833728 0.0277454
243.8046565 0.0274130
243.8259602 0.0272550
243.8472439 0.0271426
243.8685376 0.0269034
243.8898313 0.0267709
243.9111151 0.0265742
243.9324088 0.0264761
243.9536925 0.0263156
243.9749962 0.0261922
243.9962799 0.0260020
244.0175637 0.0258461
244.0388674 0.0257001
244.0601511 0.0256191
244.0814348 0.0254499
244.1027386 0.0252636
244.1240223 0.0251134
244.1453060 0.0249129
244.1666097 0.0247867
244.1878935 0.0246419
244.2091772 0.0245269
244.2304609 0.0243257
244.2517647 0.0241426
244.2730484 0.0240485
244.2943321 0.0238330
244.3156159 0.0236853
244.3369196 0.0234828
244.3582033 0.0233472
244.3794871 0.0232150
244.4007708 0.0231464
244.4220545 0.0229613
244.4433483 0.0228088
244.4646420 0.0226457
244.4859257 0.0225425
244.5072095 0.0224073
244.5285032 0.0223158
244.5497870 0.0221510
244.5710707 0.0219477
244.5923544 0.0219194
244.6136382 0.0217370
244.6349219 0.0216765
244.6562057 0.0215316
244.6774894 0.0213427
244.6987832 0.0212139
244.7200669 0.0210419
244.7413507 0.0209861
244.7626344 0.0208268
244.7839181 0.0207130
244.8052019 0.0206022
244.8264856 0.0205055
244.8477694 0.0202509
244.8690631 0.0202396
244.8903269 0.0200981
244.9116107 0.0198684
244.9328944 0.0198621
244.9541882 0.0197736
244.9754719 0.0196060
244.9967557 0.0195202
245.0180194 0.0193620
245.0393132 0.0193591
245.0605969 0.0191427
245.0818807 0.0190780
245.1031645 0.0189552
245.1244382 0.0188393
245.1457220 0.0186892
245.1670057 0.0185554
245.1882695 0.0184274
245.2095533 0.0182890
245.2308470 0.0182832
245.2521108 0.0181360
245.2733946 0.0180790
245.2946783 0.0180251
245.3159521 0.0178654
245.3372359 0.0177099
245.3585196 0.0176140
245.3797934 0.0175694
245.4010772 0.0174684
245.4223509 0.0173896
245.4436347 0.0172355
245.4649185 0.0171185
245.4861923 0.0170915
245.5074760 0.0169351
245.5287398 0.0168602
245.5500236 0.0167908
245.5712974 0.0166343
245.5925811 0.0165348
245.6138549 0.0164858
245.6351187 0.0163742
245.6564025 0.0162305
245.6776762 0.0161395
245.6989600 0.0160481
245.7202338 0.0160003
245.7415176 0.0159110
245.7627814 0.0157781
245.7840552 0.0157627
245.8053389 0.0156295
245.8266127 0.0155289
245.8478765 0.0154123
245.8691703 0.0154264
245.8904341 0.0152691
245.9117079 0.0151593
245.9329717 0.0151280
245.9542554 0.0151209
245.9755292 0.0149783
245.9968030 0.0149251
246.0180668 0.0148328
246.0393506 0.0147201
246.0606244 0.0146157
246.0818982 0.0146312
246.1031620 0.0145008
246.1244358 0.0143886
246.1457196 0.0142952
246.1669934 0.0141812
246.1882572 0.0141210
246.2095310 0.0140159
246.2307948 0.0140239
246.2520686 0.0139177
246.2733424 0.0138638
246.2946062 0.0137538
246.3158800 0.0137183
246.3371438 0.0136144
246.3584176 0.0135901
246.3796914 0.0134344
246.4009552 0.0133511
246.4222290 0.0132557
246.4434928 0.0132400
246.4647666 0.0131463
246.4860404 0.0130846
246.5073042 0.0130363
246.5285780 0.0129807
246.5498418 0.0128725
246.5711156 0.0128046
246.5923894 0.0127245
246.6136532 0.0126799
246.6349270 0.0126101
246.6561809 0.0124887
246.6774447 0.0124445
246.6987185 0.0123919
246.7199923 0.0123107
246.7412561 0.0122151
246.7625299 0.0122110
246.7837838 0.0121347
246.8050576 0.0121067
246.8263214 0.0119759
246.8475952 0.0119385
246.8688490 0.0118304
246.8901129 0.0117861
246.9113867 0.0117302
246.9326405 0.0116756
246.9539143 0.0115849
246.9751781 0.0115834
246.9964320 0.0115266
247.0177058 0.0114568
247.0389796 0.0113886
247.0602335 0.0112607
247.0814973 0.0112301
247.1027711 0.0111550
247.1240249 0.0111178
247.1452988 0.0110524
247.1665526 0.0110053
247.1878164 0.0109796
247.2090703 0.0108613
247.2303441 0.0107875
247.2515979 0.0107438
247.2728718 0.0107438
247.2941256 0.0106714
247.3153894 0.0106082
247.3366433 0.0105510
247.3579171 0.0105268
247.3791709 0.0104803
247.4004448 0.0104353
247.4216986 0.0103879
247.4429525 0.0103464
247.4642163 0.0102827
247.4854701 0.0101943
247.5067240 0.0101771
247.5279978 0.0101054
247.5492517 0.0100798
247.5705055 0.0100141
247.5917793 0.0099875
247.6130332 0.0098732
247.6342870 0.0098111
247.6555609 0.0097890
247.6768147 0.0097203
247.6980686 0.0096579
247.7193224 0.0096356
247.7405863 0.0096097
247.7618401 0.0095189
247.7831040 0.0095230
247.8043578 0.0094433
247.8256117 0.0094483
247.8468656 0.0093753
247.8681294 0.0093166
247.8893833 0.0092956
247.9106471 0.0092322
247.9319010 0.0091772
247.9531548 0.0091018
247.9744087 0.0090701
247.9956625 0.0090148
248.0169164 0.0090066
248.0381703 0.0089358
248.0594241 0.0088709
248.0806780 0.0088681
248.1019319 0.0087746
248.1231857 0.0087500
248.1444396 0.0087548
248.1656934 0.0086661
248.1869473 0.0086307
248.2082112 0.0085982
248.2294650 0.0084998
248.2507189 0.0084766
248.2719728 0.0083948
248.2932266 0.0083932
248.3144805 0.0083697
248.3357144 0.0083317
248.3569783 0.0083041
248.3782321 0.0082252
248.3994860 0.0082155
248.4207399 0.0081684
248.4419937 0.0081099
248.4632276 0.0080799
248.4844815 0.0081111
248.5057454 0.0080500
248.5269992 0.0079451
248.5482331 0.0079547
248.5694870 0.0078662
248.5907409 0.0078660
248.6119848 0.0078376
248.6332387 0.0077847
248.6544925 0.0077514
248.6757364 0.0077324
248.6969903 0.0076744
248.7182442 0.0076187
248.7394781 0.0075978
248.7607320 0.0075783
248.7819858 0.0075344
248.8032297 0.0074904
248.8244836 0.0074646
248.8457275 0.0074250
248.8669814 0.0073453
248.8882153 0.0073707
248.9094692 0.0073534
248.9307131 0.0073249
248.9519670 0.0072887
248.9732009 0.0072358
248.9944647 0.0071895
249.0156986 0.0071846
249.0369525 0.0070993
249.0581964 0.0070901
249.0794303 0.0070766
249.1006842 0.0070200
249.1219281 0.0069938
249.1431820 0.0069609
249.1644259 0.0069539
249.1856598 0.0069241
249.2069137 0.0069077
249.2281576 0.0068468
249.2493915 0.0068283
249.2706454 0.0068226
249.2918893 0.0067355
249.3131232 0.0067565
249.3343671 0.0066953
249.3556210 0.0066888
249.3768649 0.0066634
249.3980989 0.0066613
249.4193428 0.0065979
249.4405967 0.0065557
249.4618306 0.0065390
249.4830745 0.0065017
249.5043084 0.0065145
249.5255523 0.0064865
249.5467962 0.0064544
249.5680301 0.0063839
249.5892840 0.0063791
249.6105280 0.0063251
249.6317619 0.0063179
249.6530058 0.0063128
249.6742397 0.0062818
249.6954836 0.0062500
249.7167176 0.0062139
249.7379615 0.0061973
249.7592054 0.0061357
249.7804393 0.0061272
249.8016832 0.0061459
249.8229172 0.0061222
249.8441611 0.0060672
249.8653950 0.0060610
249.8866389 0.0059969
249.9078728 0.0059961
249.9291168 0.0059854
249.9503407 0.0059593
249.9715846 0.0059495
249.9928186 0.0059287
250.0140625 0.0058819
250.0352964 0.0058632
250.0565403 0.0058282
250.0777643 0.0057638
250.0989982 0.0057519
250.1202421 0.0057708
250.1414761 0.0057522
250.1627200 0.0056966
250.1839439 0.0056635
250.2051879 0.0056735
250.2264218 0.0056720
250.2476458 0.0056384
250.2688897 0.0056193
250.2901236 0.0055840
250.3113476 0.0055734
250.3325915 0.0055196
250.3538254 0.0055331
250.3750494 0.0054712
250.3962933 0.0054715
250.4175273 0.0054818
250.4387512 0.0054151
250.4599952 0.0053996
250.4812191 0.0053778
250.5024630 0.0053732
250.5236870 0.0053413
250.5449209 0.0053408
250.5661449 0.0052945
250.5873888 0.0052862
250.6086128 0.0052633
250.6298467 0.0052572
250.6510707 0.0051821
250.6723146 0.0051857
250.6935386 0.0051890
250.7147725 0.0052029
250.7359965 0.0051673
250.7572205 0.0051365
250.7784644 0.0051100
250.7996884 0.0051120
250.8209323 0.0050900
250.8421563 0.0050863
250.8633802 0.0050394
250.8846142 0.0050336
250.9058381 0.0050419
250.9270621 0.0050044
250.9482861 0.0049643
250.9695300 0.0049623
250.9907540 0.0049389
251.0119780 0.0049263
251.0332019 0.0049095
251.0544359 0.0048767
251.0756599 0.0048801
251.0968838 0.0048625
251.1181178 0.0048342
251.1393417 0.0048238
251.1605657 0.0048038
251.1817997 0.0048004
251.2030237 0.0047720
251.2242476 0.0047541
251.2454716 0.0047328
251.2666956 0.0047326
251.2879195 0.0047243
251.3091435 0.0046974
251.3303675 0.0046727
251.3515915 0.0046671
251.3728154 0.0046406
251.3940394 0.0046332
251.4152634 0.0045945
251.4364874 0.0046166
251.4577114 0.0045799
251.4789353 0.0045798
251.5001593 0.0045601
251.5213833 0.0045376
251.5426173 0.0044996
251.5638412 0.0045029
251.5850652 0.0045002
251.6062692 0.0044678
251.6274932 0.0044506
251.6487172 0.0044604
251.6699412 0.0044436
251.6911652 0.0044024
251.7123891 0.0043901
251.7336031 0.0043813
251.7548271 0.0043579
251.7760511 0.0043520
251.7972751 0.0043748
251.8184791 0.0043447
251.8397031 0.0043095
251.8609271 0.0043074
251.8821411 0.0042863
251.9033651 0.0043067
251.9245891 0.0042787
251.9458131 0.0042661
251.9670171 0.0042420
251.9882411 0.0042212
252.0094551 0.0042120
252.0306791 0.0041853
252.0519030 0.0041994
252.0731071 0.0041742
252.0943311 0.0041702
252.1155451 0.0041514
252.1367691 0.0041273
252.1579731 0.0041316
252.1791971 0.0041144
252.2004111 0.0040752
252.2216351 0.0040698
252.2428391 0.0040963
252.2640731 0.0040605
252.2852771 0.0040509
252.3065011 0.0040206
252.3277151 0.0040412
252.3489191 0.0040155
252.3701431 0.0040003
252.3913571 0.0039937
252.4125811 0.0039834
252.4337852 0.0039726
252.4549992 0.0039763
252.4762232 0.0039457
252.4974272 0.0039412
252.5186412 0.0039170
252.5398652 0.0038952
252.5610693 0.0038955
252.5822833 0.0038813
252.6034873 0.0038751
252.6247113 0.0038542
252.6459253 0.0038521
252.6671293 0.0038357
252.6883434 0.0038479
252.7095474 0.0038205
252.7307614 0.0037994
252.7519854 0.0037833
252.7731895 0.0037816
252.7944035 0.0037729
252.8156075 0.0037625
252.8368215 0.0037692
252.8580256 0.0037418
252.8792396 0.0037284
252.9004436 0.0037253
252.9216577 0.0037116
252.9428617 0.0036890
252.9640757 0.0036952
252.9852798 0.0036707
253.0064938 0.0036885
253.0276978 0.0036631
253.0489118 0.0036258
253.0701159 0.0036135
253.0913299 0.0036346
253.1125340 0.0036441
253.1337480 0.0036170
253.1549520 0.0036138
253.1761661 0.0035938
253.1973701 0.0035786
253.2185841 0.0035688
253.2397782 0.0035573
253.2609822 0.0035454
253.2821963 0.0035444
253.3034003 0.0035585
253.3246143 0.0035227
253.3458084 0.0035012
253.3670124 0.0034913
253.3882265 0.0034883
253.4094305 0.0034760
253.4306246 0.0034784
253.4518286 0.0034711
253.4730427 0.0034935
253.4942367 0.0034359
253.5154408 0.0034403
253.5366548 0.0034267
253.5578489 0.0033887
253.5790529 0.0034007
253.6002670 0.0034134
253.6214610 0.0033767
253.6426651 0.0033865
253.6638592 0.0033739
253.6850732 0.0033620
253.7062773 0.0033413
253.7274713 0.0033391
253.7486854 0.0033384
253.7698794 0.0033487
253.7910835 0.0033337
253.8122776 0.0033066
253.8334916 0.0032927
253.8546857 0.0033053
253.8758797 0.0032933
253.8970838 0.0032899
253.9182779 0.0032711
253.9394919 0.0032784
253.9606860 0.0032586
253.9818801 0.0032660
254.0030841 0.0032393
254.0242782 0.0032293
254.0454923 0.0032246
254.0666863 0.0032190
254.0878804 0.0032050
254.1090645 0.0031888
254.1302785 0.0032081
254.1514726 0.0031748
254.1726667 0.0031674
254.1938608 0.0031683
254.2150648 0.0031698
254.2362589 0.0031689
254.2574530 0.0031443
254.2786471 0.0031517
254.2998412 0.0031364
254.3210552 0.0031114
254.3422493 0.0031079
254.3634434 0.0031149
254.3846375 0.0030874
254.4058315 0.0030988
254.4270256 0.0030923
254.4482197 0.0030560
254.4694138 0.0030695
254.4906079 0.0030488
254.5118020 0.0030407
254.5329960 0.0030356
254.5541801 0.0030383
254.5753742 0.0030300
254.5965683 0.0030083
254.6177624 0.0030267
254.6389565 0.0030119
254.6601506 0.0030107
254.6813447 0.0030027
254.7025388 0.0030067
254.7237329 0.0029829
254.7449269 0.0029927
254.7661210 0.0029778
254.7873151 0.0029619
254.8084992 0.0029590
254.8296933 0.0029511
254.8508874 0.0029227
254.8720815 0.0029520
254.8932656 0.0029090
254.9144497 0.0029281
254.9356438 0.0029054
254.9568379 0.0028943
254.9780320 0.0028951
254.9992061 0.0028916
255.0204002 0.0028758
255.0415943 0.0028812
255.0627784 0.0028728
255.0839725 0.0028421
255.1051666 0.0028698
255.1263407 0.0028495
255.1475349 0.0028456
255.1687290 0.0028470
255.1899031 0.0028255
255.2110972 0.0028169
255.2322813 0.0028223
255.2534754 0.0028157
255.2746495 0.0027997
255.2958436 0.0027898
255.3170377 0.0027933
255.3382218 0.0028010
255.3594160 0.0027752
255.3805901 0.0027767
255.4017742 0.0027614
255.4229683 0.0027539
255.4441424 0.0027492
255.4653365 0.0027364
255.4865107 0.0027513
255.5077048 0.0027406
255.5288889 0.0027352
255.5500630 0.0027115
255.5712571 0.0027109
255.5924413 0.0027189
255.6136154 0.0026964
255.6348095 0.0027130
255.6559936 0.0027049
255.6771678 0.0026908
255.6983419 0.0026709
255.7195360 0.0026899
255.7407201 0.0026702
255.7618943 0.0026568
255.7830784 0.0026763
255.8042725 0.0026415
255.8254467 0.0026434
255.8466308 0.0026342
255.8678049 0.0026374
255.8889791 0.0026355
255.9101632 0.0025970
255.9313373 0.0026067
255.9525315 0.0026064
255.9737156 0.0026023
255.9948897 0.0026032
256.0160739 0.0025948
256.0372480 0.0025844
256.0584321 0.0025735
256.0796063 0.0025749
256.1007804 0.0025697
256.1219646 0.0025681
256.1431387 0.0025712
256.1643229 0.0025584
256.1854870 0.0025487
256.2066811 0.0025300
256.2278453 0.0025562
256.2490394 0.0025321
256.2702036 0.0025311
256.2913877 0.0025205
256.3125519 0.0025044
256.3337460 0.0025091
256.3549102 0.0024933
256.3760743 0.0024839
256.3972685 0.0024854
256.4184326 0.0024866
256.4396268 0.0024908
256.4607909 0.0024710
256.4819551 0.0024620
256.5031492 0.0024660
256.5243134 0.0024415
256.5454776 0.0024460
256.5666717 0.0024520
256.5878359 0.0024328
256.6090000 0.0024377
256.6301942 0.0024245
256.6513483 0.0024156
256.6725125 0.0024294
256.6937067 0.0024210
256.7148708 0.0023980
256.7360350 0.0023987
256.7572291 0.0023922
256.7783933 0.0024082
256.7995575 0.0023886
256.8207216 0.0023737
256.8419158 0.0023647
256.8630800 0.0023787
256.8842441 0.0023516
256.9054083 0.0023508
256.9266025 0.0023612
256.9477666 0.0023529
256.9689208 0.0023546
256.9900850 0.0023311
257.0112492 0.0023255
257.0324433 0.0023083
257.0536075 0.0023138
257.0747717 0.0023238
257.0959359 0.0023154
257.1171000 0.0023191
257.1382942 0.0023004
257.1594584 0.0022888
257.1806226 0.0022697
257.2017867 0.0022731
257.2229509 0.0022751
257.2441151 0.0022791
257.2652693 0.0022609
257.2864335 0.0022631
257.3076276 0.0022517
257.3287918 0.0022316
257.3499560 0.0022422
257.3711202 0.0022519
257.3922844 0.0022523
257.4134486 0.0022417
257.4346128 0.0022309
257.4557769 0.0022245
257.4769411 0.0022067
257.4981053 0.0021987
257.5192695 0.0021963
257.5404237 0.0021941
257.5615879 0.0021713
257.5827521 0.0022076
257.6039163 0.0021855
257.6250805 0.0021742
257.6462447 0.0021622
257.6674089 0.0021492
257.6885731 0.0021541
257.7097373 0.0021465
257.7309015 0.0021606
257.7520657 0.0021488
257.7732298 0.0021391
257.7943841 0.0021264
257.8155483 0.0021289
257.8367124 0.0021082
257.8578766 0.0021243
257.8790408 0.0021198
257.9002050 0.0021019
257.9213693 0.0021170
257.9425335 0.0021066
257.9636677 0.0020810
257.9848319 0.0020714
258.0059961 0.0020738
258.0271603 0.0020728
258.0483145 0.0020794
258.0694787 0.0020679
258.0906429 0.0020675
258.1117771 0.0020472
258.1329413 0.0020482
258.1541056 0.0020453
258.1752698 0.0020421
258.1964340 0.0020383
258.2175982 0.0020404
258.2387324 0.0020465
258.2598966 0.0020288
258.2810508 0.0020224
258.3022151 0.0020051
258.3233493 0.0019980
258.3445135 0.0019963
258.3656777 0.0020059
258.3868419 0.0019977
258.4079762 0.0019998
258.4291404 0.0019837
258.4503046 0.0019796
258.4714688 0.0019470
258.4926030 0.0019578
258.5137573 0.0019785
258.5349215 0.0019687
258.5560557 0.0019546
258.5772200 0.0019499
258.5983842 0.0019369
258.6195184 0.0019267
258.6406826 0.0019334
258.6618469 0.0019152
258.6829811 0.0019308
258.7041453 0.0019310
258.7252996 0.0019108
258.7464338 0.0019181
258.7675980 0.0018963
258.7887623 0.0018902
258.8098965 0.0018793
258.8310607 0.0018861
258.8521950 0.0018936
258.8733592 0.0018850
258.8944935 0.0018831
258.9156577 0.0018659
258.9368119 0.0018588
258.9579462 0.0018421
258.9791104 0.0018510
259.0002447 0.0018466
259.0214089 0.0018471
259.0425431 0.0018442
259.0637074 0.0018458
259.0848416 0.0018260
259.1060059 0.0018114
259.1271401 0.0018087
259.1482944 0.0018058
259.1694286 0.0018082
259.1905929 0.0018121
259.2117271 0.0018241
259.2328913 0.0018075
259.2540256 0.0017854
259.2751898 0.0017745
259.2963241 0.0017891
259.3174584 0.0017740
259.3386126 0.0017758
259.3597469 0.0017913
259.3809111 0.0017796
259.4020454 0.0017732
259.4232096 0.0017493
259.4443439 0.0017256
259.4654782 0.0017408
259.4866424 0.0017457
259.5077767 0.0017414
259.5289009 0.0017589
259.5500652 0.0017341
259.5711995 0.0017218
259.5923337 0.0017066
259.6134980 0.0016970
259.6346322 0.0016938
259.6557665 0.0016975
259.6769308 0.0017104
259.6980650 0.0017004
259.7191893 0.0017016
259.7403536 0.0016819
259.7614878 0.0016844
259.7826221 0.0016526
259.8037564 0.0016609
259.8249206 0.0016740
259.8460549 0.0016767
259.8671892 0.0016715
259.8883135 0.0016692
259.9094777 0.0016449
259.9306120 0.0016331
259.9517463 0.0016271
259.9728806 0.0016231
259.9940448 0.0016394
260.0151791 0.0016458
260.0363134 0.0016378
260.0574377 0.0016231
260.0785720 0.0016076
260.0997063 0.0015939
260.1208705 0.0015962
260.1420048 0.0016025
260.1631391 0.0016108
260.1842734 0.0016138
260.2054077 0.0015996
260.2265320 0.0015832
260.2476662 0.0015612
260.2688305 0.0015580
260.2899648 0.0015521
260.3110991 0.0015679
260.3322334 0.0015645
260.3533677 0.0015696
260.3745020 0.0015640
260.3956263 0.0015589
260.4167605 0.0015331
260.4378948 0.0015303
260.4590291 0.0015227
260.4801634 0.0015303
260.5012977 0.0015344
260.5224320 0.0015508
260.5435663 0.0015210
260.5646906 0.0015100
260.5858249 0.0014971
260.6069592 0.0014960
260.6280935 0.0014859
260.6492278 0.0014985
260.6703621 0.0015025
260.6914964 0.0015048
260.7126207 0.0014894
260.7337550 0.0014786
260.7548893 0.0014586
260.7760236 0.0014599
260.7971579 0.0014586
260.8182922 0.0014742
260.8394265 0.0014716
260.8605608 0.0014651
260.8816851 0.0014593
260.9028194 0.0014345
260.9239238 0.0014236
260.9450581 0.0014375
260.9661924 0.0014315
260.9873267 0.0014409
261.0084610 0.0014379
261.0295853 0.0014386
261.0507196 0.0014171
261.0718240 0.0014071
261.0929583 0.0014018
261.1140926 0.0013928
261.1352269 0.0014009
261.1563612 0.0014078
261.1774555 0.0014162
261.1985899 0.0014042
261.2197242 0.0013908
261.2408585 0.0013812
261.2619928 0.0013653
261.2830971 0.0013603
261.3042315 0.0013642
261.3253558 0.0013848
261.3464901 0.0013800
261.3675944 0.0013665
261.3887288 0.0013591
261.4098631 0.0013376
261.4309674 0.0013342
261.4521017 0.0013446
261.4732261 0.0013467
261.4943604 0.0013512
261.5154647 0.0013410
261.5365991 0.0013382
261.5577334 0.0013365
261.5788377 0.0013077
261.5999720 0.0013085
261.6210964 0.0013091
261.6422007 0.0013107
261.6633351 0.0013159
261.6844394 0.0013092
261.7055737 0.0013096
261.7267081 0.0012960
261.7478024 0.0012860
261.7689367 0.0012747
261.7900411 0.0012694
261.8111754 0.0012870
261.8323098 0.0012939
261.8534141 0.0012833
261.8745484 0.0012720
261.8956428 0.0012674
261.9167771 0.0012458
261.9378815 0.0012571
261.9590158 0.0012497
261.9801202 0.0012645
262.0012545 0.0012573
262.0223489 0.0012622
262.0434832 0.0012510
262.0645876 0.0012408
262.0857219 0.0012219
262.1068263 0.0012246
262.1279606 0.0012224
262.1490550 0.0012255
262.1701893 0.0012273
262.1912937 0.0012315
262.2124280 0.0012219
262.2335324 0.0012086
262.2546667 0.0011924
262.2757711 0.0011905
262.2968655 0.0011999
262.3179998 0.0012003
262.3391042 0.0012094
262.3602385 0.0012008
262.3813429 0.0011895
262.4024473 0.0011747
262.4235716 0.0011731
262.4446760 0.0011620
262.4657804 0.0011797
262.4869147 0.0011699
262.5080191 0.0011845
262.5291235 0.0011773
262.5502478 0.0011698
262.5713522 0.0011505
262.5924566 0.0011441
262.6135909 0.0011393
262.6346953 0.0011419
262.6557997 0.0011494
262.6768940 0.0011580
262.6980284 0.0011472
262.7191328 0.0011438
262.7402372 0.0011282
262.7613715 0.0011188
262.7824759 0.0011229
262.8035703 0.0011183
262.8246747 0.0011265
262.8457790 0.0011274
262.8669134 0.0011268
262.8880178 0.0011105
262.9091222 0.0011036
262.9302166 0.0010933
262.9513209 0.0010929
262.9724553 0.0010974
262.9935597 0.0011111
263.0146641 0.0011025
263.0357585 0.0010971
263.0568629 0.0010915
263.0779672 0.0010763
263.0990716 0.0010725
263.1202060 0.0010692
263.1413104 0.0010729
263.1624048 0.0010861
263.1835092 0.0010810
263.2046136 0.0010825
263.2257179 0.0010642
263.2468223 0.0010544
263.2679167 0.0010454
263.2890211 0.0010459
263.3101255 0.0010541
263.3312299 0.0010587
263.3523343 0.0010604
263.3734387 0.0010550
263.3945631 0.0010432
263.4156675 0.0010394
263.4367719 0.0010346
263.4578763 0.0010259
263.4789807 0.0010297
263.5000851 0.0010351
263.5211795 0.0010415
263.5422539 0.0010357
263.5633583 0.0010263
263.5844627 0.0010223
263.6055671 0.0010081
263.6266615 0.0010076
263.6477659 0.0010131
263.6688703 0.0010170
263.6899747 0.0010144
263.7110791 0.0010170
263.7321735 0.0010044
263.7532780 0.0009990
263.7743824 0.0009882
263.7954868 0.0009861
263.8165612 0.0009881
263.8376556 0.0009929
263.8587600 0.0009908
263.8798644 0.0009988
263.9009688 0.0009852
263.9220732 0.0009772
263.9431777 0.0009700
263.9642421 0.0009669
263.9853465 0.0009737
264.0064509 0.0009767
264.0275553 0.0009689
264.0486598 0.0009753
264.0697242 0.0009715
264.0908286 0.0009584
264.1119330 0.0009602
264.1330374 0.0009354
264.1541119 0.0009400
264.1752063 0.0009493
264.1963107 0.0009615
264.2174151 0.0009510
264.2384896 0.0009488
264.2595940 0.0009468
264.2806884 0.0009371
264.3017929 0.0009320
264.3228673 0.0009285
264.3439717 0.0009343
264.3650761 0.0009381
264.3861406 0.0009361
264.4072450 0.0009421
264.4283494 0.0009302
264.4494239 0.0009213
264.4705283 0.0009181
264.4916227 0.0009195
264.5126972 0.0009235
264.5338016 0.0009194
264.5548761 0.0009178
264.5759805 0.0009185
264.5970749 0.0009143
264.6181494 0.0009087
264.6392538 0.0009079
264.6603283 0.0008959
264.6814327 0.0009036
264.7024972 0.0009042
264.7236016 0.0009054
264.7447060 0.0009017
264.7657805 0.0008983
264.7868849 0.0008920
264.8079494 0.0008884
264.8290538 0.0008929
264.8501283 0.0008870
264.8712327 0.0008857
264.8922972 0.0008952
264.9134016 0.0008951
264.9344761 0.0008845
264.9555805 0.0008813
264.9766550 0.0008770
264.9977494 0.0008736
265.0188239 0.0008732
265.0398983 0.0008767
265.0610028 0.0008764
265.0820772 0.0008782
265.1031717 0.0008792
265.1242462 0.0008644
265.1453506 0.0008642
265.1664251 0.0008580
265.1874895 0.0008588
265.2085940 0.0008611
265.2296685 0.0008644
265.2507429 0.0008595
265.2718474 0.0008595
265.2929119 0.0008553
265.3139863 0.0008516
265.3350908 0.0008406
265.3561652 0.0008482
265.3772397 0.0008522
265.3983342 0.0008474
265.4194086 0.0008525
265.4404831 0.0008442
265.4615876 0.0008477
265.4826521 0.0008397
265.5037265 0.0008406
265.5248010 0.0008276
265.5459055 0.0008384
265.5669799 0.0008334
265.5880444 0.0008406
265.6091189 0.0008368
265.6302234 0.0008417
265.6512978 0.0008336
265.6723623 0.0008204
265.6934368 0.0008219
265.7145413 0.0008269
265.7356158 0.0008269
265.7566902 0.0008273
265.7777547 0.0008307
265.7988292 0.0008265
265.8199037 0.0008266
265.8410082 0.0008163
265.8620726 0.0008166
265.8831471 0.0008165
265.9042216 0.0008120
265.9252961 0.0008106
265.9463606 0.0008123
265.9674351 0.0008217
265.9885096 0.0008133
266.0095841 0.0008066
266.0306885 0.0008011
266.0517530 0.0008013
266.0728275 0.0008069
266.0939020 0.0008136
266.1149765 0.0008113
266.1360410 0.0008173
266.1571155 0.0008066
266.1781900 0.0007989
266.1992645 0.0007984
266.2203290 0.0007955
266.2414035 0.0007989
266.2624780 0.0008026
266.2835525 0.0007988
266.3046270 0.0008055
266.3256915 0.0008030
266.3467660 0.0007950
266.3678405 0.0007926
266.3889150 0.0007817
266.4099795 0.0007909
266.4310540 0.0007925
266.4521285 0.0007940
266.4732030 0.0007957
266.4942375 0.0007964
266.5153120 0.0007858
266.5363865 0.0007851
266.5574610 0.0007841
266.5785256 0.0007800
266.5996001 0.0007844
266.6206746 0.0007850
266.6417491 0.0007853
266.6627836 0.0007931
266.6838581 0.0007910
266.7049326 0.0007856
266.7260071 0.0007769
266.7470717 0.0007787
266.7681462 0.0007785
266.7891907 0.0007793
266.8102652 0.0007843
266.8313297 0.0007830
266.8524042 0.0007841
266.8734788 0.0007792
266.8945233 0.0007728
266.9155878 0.0007623
266.9366623 0.0007678
266.9577368 0.0007005
266.9787814 0.0007766
266.9998559 0.0007789
267.0209204 0.0007789
267.0419949 0.0007778
267.0630395 0.0007660
267.0841140 0.0007649
267.1051785 0.0007622
267.1262231 0.0007644
267.1472976 0.0007765
267.1683721 0.0007740
267.1894067 0.0007774
267.2104812 0.0007739
267.2315557 0.0007687
267.2525903 0.0007631
267.2736648 0.0007656
267.2947393 0.0007629
267.3157839 0.0007658
267.3368484 0.0007698
267.3578929 0.0007727
267.3789675 0.0007704
267.4000120 0.0007734
267.4210765 0.0007622
267.4421511 0.0007583
267.4631956 0.0007657
267.4842702 0.0007651
267.5053047 0.0007344
267.5263792 0.0007763
267.5474238 0.0007781
267.5684983 0.0007723
267.5895329 0.0007602
267.6106074 0.0007547
267.6316520 0.0007612
267.6527265 0.0007606
267.6737611 0.0007682
267.6948356 0.0007753
267.7158802 0.0007763
267.7369547 0.0007687
267.7579893 0.0007637
267.7790638 0.0007571
267.8001084 0.0007526
267.8211729 0.0007588
267.8422175 0.0007537
267.8632620 0.0007654
267.8843366 0.0007684
267.9053712 0.0007703
267.9264457 0.0007678
267.9474903 0.0007622
267.9685348 0.0007623
267.9895994 0.0007568
268.0106439 0.0007586
268.0316885 0.0007669
268.0527631 0.0007743
268.0737976 0.0007735
268.0948422 0.0007717
268.1159168 0.0007661
268.1369513 0.0007593
268.1579959 0.0007625
268.1790704 0.0007633
268.2001150 0.0007681
268.2211496 0.0007737
268.2421942 0.0007706
268.2632687 0.0007502
268.2843133 0.0007675
268.3053479 0.0007665
268.3263925 0.0007602
268.3474670 0.0007646
268.3685016 0.0007618
268.3895462 0.0007740
268.4105907 0.0007818
268.4316653 0.0007814
268.4526999 0.0007757
268.4737445 0.0007665
268.4947890 0.0007633
268.5158236 0.0007698
268.5368682 0.0007647
268.5579428 0.0007746
268.5789874 0.0007854
268.6000219 0.0007836
268.6210665 0.0007839
268.6421111 0.0007802
268.6631557 0.0007721
268.6841903 0.0007695
268.7052349 0.0007657
268.7263094 0.0007678
268.7473440 0.0007786
268.7683886 0.0007892
268.7894332 0.0007909
268.8104778 0.0007915
268.8315124 0.0007793
268.8525570 0.0007743
268.8736016 0.0007705
268.8946362 0.0007790
268.9156808 0.0007841
268.9367253 0.0007945
268.9577699 0.0008010
268.9788045 0.0008021
268.9998491 0.0007926
269.0208937 0.0007864
269.0419283 0.0007800
269.0629729 0.0007799
269.0840175 0.0007898
269.1050621 0.0007978
269.1260967 0.0008087
269.1471413 0.0008139
269.1681859 0.0008071
269.1892205 0.0007947
269.2102651 0.0007910
269.2312797 0.0007909
269.2523143 0.0007941
269.2733589 0.0007986
269.2944035 0.0008105
269.3154481 0.0008193
269.3364828 0.0008189
269.3575274 0.0008127
269.3785720 0.0007960
269.3995766 0.0008023
269.4206212 0.0007965
269.4416658 0.0008055
269.4627104 0.0008165
269.4837450 0.0008248
269.5047896 0.0008257
269.5258043 0.0008262
269.5468389 0.0008174
269.5678835 0.0008065
269.5889281 0.0008094
269.6099327 0.0008141
269.6309773 0.0008254
269.6520220 0.0008360
269.6730666 0.0008353
269.6940712 0.0008375
269.7151158 0.0008346
269.7361604 0.0008292
269.7571951 0.0008194
269.7782097 0.0008225
269.7992543 0.0008380
269.8202889 0.0008422
269.8413036 0.0008534
269.8623482 0.0008550
269.8833928 0.0008541
269.9043975 0.0008516
269.9254421 0.0008382
269.9464867 0.0008377
269.9674913 0.0008434
269.9885360 0.0008548
270.0095506 0.0008619
270.0305852 0.0008745
270.0516299 0.0008695
270.0726445 0.0008636
270.0936791 0.0008544
270.1146938 0.0008435
270.1357384 0.0008574
270.1567530 0.0008579
270.1777877 0.0008805
270.1988323 0.0008893
270.2198470 0.0008905
270.2408816 0.0008888
270.2618962 0.0008837
270.2829409 0.0008687
270.3039455 0.0008721
270.3249902 0.0008708
270.3460048 0.0008825
270.3670394 0.0009052
270.3880541 0.0009056
270.4090987 0.0009127
270.4301034 0.0009021
270.4511180 0.0008950
270.4721627 0.0008912
270.4931773 0.0008939
270.5142120 0.0008995
270.5352266 0.0009145
270.5562713 0.0009254
270.5772759 0.0009362
270.5982906 0.0009259
270.6193352 0.0009170
270.6403399 0.0009181
270.6613546 0.0009102
270.6823992 0.0009185
270.7034039 0.0009371
270.7244185 0.0009369
270.7454632 0.0009592
270.7664678 0.0009554
270.7874825 0.0009514
270.8085271 0.0009445
270.8295318 0.0009382
270.8505465 0.0009406
270.8715911 0.0009463
270.8925958 0.0009600
270.9136105 0.0009727
270.9346251 0.0009959
270.9556598 0.0009836
270.9766745 0.0009804
270.9976891 0.0009761
271.0186938 0.0009708
271.0397385 0.0009720
271.0607531 0.0009866
271.0817578 0.0009918
271.1027725 0.0010114
271.1237872 0.0010194
271.1448318 0.0010201
271.1658365 0.0010038
271.1868512 0.0009952
271.2078658 0.0009973
271.2288705 0.0010015
271.2498852 0.0010158
271.2709298 0.0010328
271.2919345 0.0010423
271.3129492 0.0010430
271.3339639 0.0010475
271.3549686 0.0010408
271.3759833 0.0010354
271.3969979 0.0010263
271.4180026 0.0010407
271.4390173 0.0010577
271.4600220 0.0010773
271.4810367 0.0010854
271.5020514 0.0010871
271.5230960 0.0010773
271.5441007 0.0010712
271.5651154 0.0010657
271.5861301 0.0010702
271.6071348 0.0010877
271.6281495 0.0011031
271.6491642 0.0011249
271.6701689 0.0011280
271.6911835 0.0011309
271.7121882 0.0011229
271.7331729 0.0011104
271.7541876 0.0011064
271.7751923 0.0011212
271.7962070 0.0011330
271.8172217 0.0011629
271.8382264 0.0011684
271.8592411 0.0011733
271.8802558 0.0011748
271.9012605 0.0011629
271.9222752 0.0011531
271.9432899 0.0011558
271.9642646 0.0011665
271.9852793 0.0011875
272.0062940 0.0012047
272.0272987 0.0012173
272.0483134 0.0012257
272.0693281 0.0012151
272.0903328 0.0012115
272.1113175 0.0012029
272.1323323 0.0012113
272.1533370 0.0012307
272.1743517 0.0012443
272.1953264 0.0012665
272.2163411 0.0012775
272.2373558 0.0012741
272.2583605 0.0012689
272.2793752 0.0012563
272.3003599 0.0012568
272.3213647 0.0012620
272.3423794 0.0012897
272.3633641 0.0013106
272.3843688 0.0013269
272.4053835 0.0013293
272.4263982 0.0013337
272.4473730 0.0013221
272.4683877 0.0013137
272.4894024 0.0013132
272.5103771 0.0013273
272.5313918 0.0013499
272.5524065 0.0013771
272.5733813 0.0013867
272.5943960 0.0013963
272.6153707 0.0013939
272.6363855 0.0013831
272.6574002 0.0013735
272.6783749 0.0013830
272.6993896 0.0013962
272.7203744 0.0014210
272.7413791 0.0014388
272.7623638 0.0014596
272.7833786 0.0014630
272.8043833 0.0014604
272.8253680 0.0014536
272.8463727 0.0014358
272.8673575 0.0014544
272.8883722 0.0014752
272.9093470 0.0015041
272.9303617 0.0015203
272.9513464 0.0015315
272.9723512 0.0015413
272.9933359 0.0015379
273.0143506 0.0015246
273.0353254 0.0015206
273.0563101 0.0015393
273.0773149 0.0015479
273.0982996 0.0015782
273.1193143 0.0015958
273.1402891 0.0016115
273.1613038 0.0016169
273.1822886 0.0016008
273.2032633 0.0016010
273.2242781 0.0016090
273.2452528 0.0016108
273.2662376 0.0016436
273.2872523 0.0016625
273.3082271 0.0016927
273.3292418 0.0017071
273.3502266 0.0017116
273.3712013 0.0016897
273.3922161 0.0016891
273.4131908 0.0016850
273.4341756 0.0017056
273.4551603 0.0017406
273.4761651 0.0017701
273.4971498 0.0017785
273.5181346 0.0017954
273.5391094 0.0017977
273.5601241 0.0017815
273.5810989 0.0017834
273.6020836 0.0017844
273.6230684 0.0018020
273.6440732 0.0018328
273.6650579 0.0018494
273.6860427 0.0018855
273.7070175 0.0018818
273.7280022 0.0018771
273.7490070 0.0018712
273.7699917 0.0018666
273.7909765 0.0018742
273.8119513 0.0018977
273.8329361 0.0019274
273.8539108 0.0019514
273.8749256 0.0019749
273.8959104 0.0019885
273.9168851 0.0019746
273.9378699 0.0019651
273.9588547 0.0019668
273.9798295 0.0019691
274.0008142 0.0019991
274.0217890 0.0020205
274.0427738 0.0020615
274.0637586 0.0020714
274.0847333 0.0020834
274.1057181 0.0020742
274.1266929 0.0020751
274.1476777 0.0020617
274.1686625 0.0020785
274.1896372 0.0021016
274.2106220 0.0021273
274.2316068 0.0021549
274.2525816 0.0021730
274.2735664 0.0021760
274.2945412 0.0021748
274.3155259 0.0021673
274.3365107 0.0021680
274.3574855 0.0021654
274.3784703 0.0021922
274.3994451 0.0022230
274.4204299 0.0022437
274.4414147 0.0022717
274.4623895 0.0022702
274.4833742 0.0022588
274.5043490 0.0022599
274.5253038 0.0022489
274.5462886 0.0022640
274.5672634 0.0022860
274.5882482 0.0022966
274.6092230 0.0023344
274.6302078 0.0023438
274.6511626 0.0023467
274.6721374 0.0023496
274.6931222 0.0023365
274.7140970 0.0023376
274.7350818 0.0023472
274.7560366 0.0023763
274.7770114 0.0023926
274.7979962 0.0024080
274.8189710 0.0024251
274.8399558 0.0024233
274.8609106 0.0024144
274.8818854 0.0024034
274.9028702 0.0024082
274.9238151 0.0024139
274.9447999 0.0024391
274.9657847 0.0024594
274.9867595 0.0024768
275.0077143 0.0024810
275.0286891 0.0024787
275.0496739 0.0024690
275.0706287 0.0024566
275.0916035 0.0024618
275.1125584 0.0024697
275.1335332 0.0024988
275.1545180 0.0025190
275.1754628 0.0025248
275.1964476 0.0025212
275.2174324 0.0025210
275.2383773 0.0025066
275.2593621 0.0025107
275.2803069 0.0025005
275.3012917 0.0025132
275.3222465 0.0025261
275.3432214 0.0025379
275.3642062 0.0025538
275.3851510 0.0025512
275.4061358 0.0025411
275.4270907 0.0025257
275.4480655 0.0025153
275.4690203 0.0025319
275.4899951 0.0025237
275.5109500 0.0025384
275.5319248 0.0025473
275.5528796 0.0025377
275.5738345 0.0025465
275.5948093 0.0025326
275.6157641 0.0025196
275.6367390 0.0025137
275.6576938 0.0025167
275.6786786 0.0025120
275.6996235 0.0025111
275.7205783 0.0025216
275.7415531 0.0025218
275.7625080 0.0025094
275.7834828 0.0025223
275.8044376 0.0024852
275.8253925 0.0024900
275.8463673 0.0024747
275.8673222 0.0024829
275.8882670 0.0024764
275.9092518 0.0024701
275.9301967 0.0024841
275.9511515 0.0024759
275.9721364 0.0024579
275.9930812 0.0024417
276.0140361 0.0024294
276.0349809 0.0024315
276.0559658 0.0024274
276.0769106 0.0024274
276.0978655 0.0024288
276.1188203 0.0024214
276.1397952 0.0024105
276.1607500 0.0023960
276.1816949 0.0023741
276.2026497 0.0023644
276.2236246 0.0023496
276.2445794 0.0023550
276.2655343 0.0023536
276.2864792 0.0023438
276.3074340 0.0023428
276.3283789 0.0023267
276.3493637 0.0023095
276.3703086 0.0023002
276.3912634 0.0022760
276.4122183 0.0022716
276.4331632 0.0022553
276.4541180 0.0022611
276.4750629 0.0022500
276.4960178 0.0022473
276.5169626 0.0022323
276.5379475 0.0022061
276.5588924 0.0022003
276.5798472 0.0021802
276.6008021 0.0021805
276.6217470 0.0021649
276.6427018 0.0021638
276.6636467 0.0021625
276.6846016 0.0021487
276.7055464 0.0021322
276.7265013 0.0021184
276.7474462 0.0020941
276.7684011 0.0020812
276.7893559 0.0020685
276.8103008 0.0020587
276.8312557 0.0020557
276.8522006 0.0020492
276.8731554 0.0020413
276.8940703 0.0020161
276.9150252 0.0019992
276.9359701 0.0019801
276.9569250 0.0019595
276.9778798 0.0019590
276.9988247 0.0019508
277.0197796 0.0019433
277.0407245 0.0019455
277.0616794 0.0019305
277.0825943 0.0019210
277.1035492 0.0018992
277.1244940 0.0018820
277.1454489 0.0018655
277.1664038 0.0018458
277.1873487 0.0018514
277.2082736 0.0018356
277.2292185 0.0018385
277.2501734 0.0018274
277.2711183 0.0018177
277.2920732 0.0017942
277.3129881 0.0017760
277.3339430 0.0017565
277.3548878 0.0017448
277.3758427 0.0017334
277.3967676 0.0017421
277.4177125 0.0017292
277.4386674 0.0017307
277.4595823 0.0017106
277.4805372 0.0016971
277.5014821 0.0016686
277.5224070 0.0016476
277.5433519 0.0016414
277.5643068 0.0016308
277.5852218 0.0016355
277.6061766 0.0016305
277.6271215 0.0016140
277.6480465 0.0016143
277.6690014 0.0015968
277.6899463 0.0015774
277.7108712 0.0015615
277.7318161 0.0015414
277.7527410 0.0015305
277.7736859 0.0015246
277.7946108 0.0015178
277.8155557 0.0015252
277.8365106 0.0015162
277.8574256 0.0015063
277.8783805 0.0014843
277.8992954 0.0014651
277.9202503 0.0014472
277.9411652 0.0014385
277.9621201 0.0014361
277.9830451 0.0014319
278.0039900 0.0014388
278.0249149 0.0014299
278.0458598 0.0014228
278.0667847 0.0014037
278.0876997 0.0013818
278.1086546 0.0013614
278.1295695 0.0013580
278.1505244 0.0013517
278.1714394 0.0013500
278.1923943 0.0013423
278.2133092 0.0013472
278.2342341 0.0013297
278.2551790 0.0013259
278.2761040 0.0013097
278.2970489 0.0012845
278.3179738 0.0012774
278.3388988 0.0012638
278.3598437 0.0012693
278.3807686 0.0012642
278.4016836 0.0012622
278.4226085 0.0012690
278.4435534 0.0012513
278.4644784 0.0012314
278.4853933 0.0012188
278.5063482 0.0012029
278.5272632 0.0012024
278.5481881 0.0011880
278.5691031 0.0011935
278.5900580 0.0012024
278.6109729 0.0011899
278.6318979 0.0011838
278.6528128 0.0011615
278.6737678 0.0011554
278.6946827 0.0011383
278.7156076 0.0011240
278.7365226 0.0011263
278.7574475 0.0011256
278.7783625 0.0011253
278.7993174 0.0011270
278.8202324 0.0011217
278.8411573 0.0011119
278.8620723 0.0010958
278.8829972 0.0010711
278.9039122 0.0010603
278.9248371 0.0010549
278.9457521 0.0010580
278.9667070 0.0010665
278.9876320 0.0010701
279.0085469 0.0010657
279.0294719 0.0010564
279.0503869 0.0010422
279.0713118 0.0010218
279.0922268 0.0010067
279.1131517 0.0010066
279.1340667 0.0010030
279.1549917 0.0010067
279.1759066 0.0010092
279.1968316 0.0010062
279.2177465 0.0010060
279.2386715 0.0009893
279.2595865 0.0009721
279.2805114 0.0009579
279.3014264 0.0009450
279.3223514 0.0009557
279.3432663 0.0009539
279.3641913 0.0009571
279.3851063 0.0009674
279.4060012 0.0009579
279.4269162 0.0009360
279.4478412 0.0009310
279.4687561 0.0009147
279.4896811 0.0009101
279.5105961 0.0008980
279.5315211 0.0009081
279.5524360 0.0009062
279.5733310 0.0009163
279.5942460 0.0009180
279.6151710 0.0009139
279.6360859 0.0008901
279.6570109 0.0008729
279.6778959 0.0008659
279.6988209 0.0008596
279.7197359 0.0008586
279.7406608 0.0008708
279.7615758 0.0008771
279.7824708 0.0008721
279.8033858 0.0008627
279.8243108 0.0008528
279.8451958 0.0008396
279.8661207 0.0008198
279.8870357 0.0008213
279.9079607 0.0008186
279.9288457 0.0008242
279.9497707 0.0008358
279.9706857 0.0008416
279.9915707 0.0008360
280.0124957 0.0008283
280.0334107 0.0008122
280.0543057 0.0007931
280.0752206 0.0007889
280.0961456 0.0007832
280.1170306 0.0007825
280.1379556 0.0007998
280.1588406 0.0008026
280.1797656 0.0008067
280.2006806 0.0007894
280.2215756 0.0007811
280.2424906 0.0007690
280.2633856 0.0007513
280.2843006 0.0007507
280.3051956 0.0007513
280.3261106 0.0007621
280.3470056 0.0007691
280.3679206 0.0007732
280.3888156 0.0007695
280.4097306 0.0007636
280.4306257 0.0007487
280.4515407 0.0007267
280.4724357 0.0007164
280.4933507 0.0007285
280.5142457 0.0007272
280.5351607 0.0007374
280.5560557 0.0007429
280.5769407 0.0007466
280.5978557 0.0007403
280.6187507 0.0007270
280.6396658 0.0007083
280.6605608 0.0006965
280.6814458 0.0006988
280.7023708 0.0006979
280.7232558 0.0007085
280.7441808 0.0007183
280.7650659 0.0007209
280.7859609 0.0007241
280.8068759 0.0007059
280.8277709 0.0006999
280.8486559 0.0006745
280.8695510 0.0006724
280.8904660 0.0006708
280.9113610 0.0006802
280.9322460 0.0006913
280.9531611 0.0007005
280.9740561 0.0007024
280.9949411 0.0006862
281.0158361 0.0006816
281.0367512 0.0006602
281.0576462 0.0006465
281.0785312 0.0006484
281.0994263 0.0006523
281.1203113 0.0006676
281.1412363 0.0006789
281.1621213 0.0006831
281.1830164 0.0006771
281.2039014 0.0006687
281.2247965 0.0006513
281.2456815 0.0006347
281.2665665 0.0006283
281.2874916 0.0006269
281.3083766 0.0006425
281.3292716 0.0006506
281.3501567 0.0006630
281.3710517 0.0006620
281.3919368 0.0006508
281.4128318 0.0006431
281.4337169 0.0006196
281.4546119 0.0006152
281.4754969 0.0006072
281.4963820 0.0006170
281.5172770 0.0006346
281.5381621 0.0006351
281.5590571 0.0006464
281.5799422 0.0006465
281.6008372 0.0006289
281.6217223 0.0006135
281.6426173 0.0006018
281.6635024 0.0006139
