# wl 	 tx
290.2143837 0.0068483
290.2240073 0.0069915
290.2336210 0.0070829
290.2432346 0.0070962
290.2528582 0.0069993
290.2624718 0.0070423
290.2721155 0.0070407
290.2817391 0.0070028
290.2913527 0.0068746
290.3009663 0.0068644
290.3105800 0.0068739
290.3202036 0.0068498
290.3298172 0.0067632
290.3394308 0.0067554
290.3490545 0.0067100
290.3586681 0.0067388
290.3682817 0.0066652
290.3779053 0.0065839
290.3875190 0.0065463
290.3971326 0.0065535
290.4067462 0.0065661
290.4163699 0.0065385
290.4259835 0.0064390
290.4355971 0.0064540
290.4452207 0.0064298
290.4548344 0.0063905
290.4644480 0.0063594
290.4740716 0.0062900
290.4836852 0.0063075
290.4932989 0.0062728
290.5029225 0.0062115
290.5125361 0.0061900
290.5221498 0.0061553
290.5317634 0.0061337
290.5413870 0.0060773
290.5510006 0.0061004
290.5606143 0.0060533
290.5702379 0.0060052
290.5798515 0.0059691
290.5894652 0.0059750
290.5990888 0.0059175
290.6087024 0.0058780
290.6183161 0.0058097
290.6279297 0.0058002
290.6375233 0.0057827
290.6471369 0.0057608
290.6567506 0.0057028
290.6663742 0.0056712
290.6759878 0.0056140
290.6856015 0.0055939
290.6952251 0.0055510
290.7048387 0.0055008
290.7144524 0.0054547
290.7240360 0.0054417
290.7336596 0.0054087
290.7432732 0.0053472
290.7528869 0.0053061
290.7625105 0.0052460
290.7721241 0.0052118
290.7817378 0.0051843
290.7913214 0.0051249
290.8009450 0.0050792
290.8105587 0.0050298
290.8201723 0.0049976
290.8297959 0.0049443
290.8393795 0.0048995
290.8489932 0.0048418
290.8586168 0.0047860
290.8682305 0.0047350
290.8778441 0.0046813
290.8874277 0.0046310
290.8970513 0.0045702
290.9066650 0.0045053
290.9162786 0.0044573
290.9258722 0.0043922
290.9354859 0.0043288
290.9450995 0.0042820
290.9547131 0.0042239
290.9643068 0.0041644
290.9739204 0.0041023
290.9835340 0.0040405
290.9931577 0.0039839
291.0027413 0.0039217
291.0123549 0.0038563
291.0219786 0.0037940
291.0315922 0.0037343
291.0411758 0.0036724
291.0507895 0.0036121
291.0604131 0.0035505
291.0699967 0.0034824
291.0796104 0.0034195
291.0892340 0.0033574
291.0988176 0.0032968
291.1084313 0.0032249
291.1180449 0.0031626
291.1276385 0.0031025
291.1372522 0.0030401
291.1468658 0.0029927
291.1564494 0.0029249
291.1660731 0.0028727
291.1756867 0.0028182
291.1852703 0.0027636
291.1948940 0.0027065
291.2044776 0.0026564
291.2140913 0.0025945
291.2237149 0.0025542
291.2332985 0.0025004
291.2429122 0.0024501
291.2524958 0.0024013
291.2621194 0.0023440
291.2717331 0.0022917
291.2813167 0.0022414
291.2909303 0.0022027
291.3005240 0.0021527
291.3101376 0.0021191
291.3197212 0.0020711
291.3293449 0.0020238
291.3389585 0.0019783
291.3485422 0.0019339
291.3581558 0.0018976
291.3677494 0.0018556
291.3773631 0.0018221
291.3869467 0.0017844
291.3965703 0.0017419
291.4061540 0.0017115
291.4157676 0.0016728
291.4253512 0.0016458
291.4349749 0.0016108
291.4445585 0.0015774
291.4541722 0.0015467
291.4637558 0.0015199
291.4733794 0.0014910
291.4829631 0.0014643
291.4925767 0.0014381
291.5021704 0.0014101
291.5117840 0.0013776
291.5213676 0.0013503
291.5309813 0.0013303
291.5405749 0.0013041
291.5501585 0.0012783
291.5597722 0.0012481
291.5693658 0.0012255
291.5789795 0.0012011
291.5885631 0.0011830
291.5981767 0.0011580
291.6077704 0.0011366
291.6173540 0.0011171
291.6269677 0.0011025
291.6365513 0.0010824
291.6461749 0.0010652
291.6557586 0.0010475
291.6653422 0.0010342
291.6749659 0.0010209
291.6845495 0.0010092
291.6941631 0.0009921
291.7037468 0.0009715
291.7133404 0.0009499
291.7229541 0.0009407
291.7325377 0.0009260
291.7421213 0.0009169
291.7517450 0.0009025
291.7613286 0.0008899
291.7709123 0.0008738
291.7805359 0.0008607
291.7901195 0.0008431
291.7997032 0.0008327
291.8093168 0.0008241
291.8189105 0.0008163
291.8284941 0.0008078
291.8380777 0.0007963
291.8476914 0.0007833
291.8572850 0.0007761
291.8668687 0.0007625
291.8764823 0.0007568
291.8860660 0.0007540
291.8956596 0.0007446
291.9052432 0.0007345
291.9148569 0.0007244
291.9244505 0.0007084
291.9340342 0.0007049
291.9436178 0.0006979
291.9532314 0.0006884
291.9628251 0.0006849
291.9724087 0.0006752
291.9819924 0.0006713
291.9915760 0.0006579
292.0011997 0.0006460
292.0107833 0.0006418
292.0203669 0.0006358
292.0299506 0.0006311
292.0395442 0.0006243
292.0491579 0.0006139
292.0587415 0.0006085
292.0683252 0.0006055
292.0779188 0.0005988
292.0875024 0.0005938
292.0971161 0.0005941
292.1067097 0.0005885
292.1162934 0.0005856
292.1258770 0.0005825
292.1354607 0.0005796
292.1450543 0.0005785
292.1546380 0.0005741
292.1642516 0.0005658
292.1738352 0.0005579
292.1834289 0.0005521
292.1930125 0.0005520
292.2025962 0.0005476
292.2121798 0.0005436
292.2217735 0.0005359
292.2313571 0.0005328
292.2409408 0.0005295
292.2505244 0.0005250
292.2601180 0.0005217
292.2697317 0.0005175
292.2793153 0.0005151
292.2888990 0.0005110
292.2984926 0.0005097
292.3080763 0.0005060
292.3176599 0.0005083
292.3272436 0.0005089
292.3368372 0.0005009
292.3464209 0.0004972
292.3560045 0.0004936
292.3655882 0.0004880
292.3751818 0.0004848
292.3847654 0.0004809
292.3943491 0.0004837
292.4039327 0.0004850
292.4135264 0.0004812
292.4231100 0.0004812
292.4326937 0.0004769
292.4422773 0.0004735
292.4518710 0.0004688
292.4614546 0.0004665
292.4710383 0.0004671
292.4806219 0.0004665
292.4902156 0.0004632
292.4997992 0.0004589
292.5093829 0.0004574
292.5189665 0.0004531
292.5285602 0.0004485
292.5381438 0.0004483
292.5476975 0.0004475
292.5572811 0.0004447
292.5668748 0.0004400
292.5764584 0.0004363
292.5860420 0.0004304
292.5956257 0.0004296
292.6052193 0.0004290
292.6148030 0.0004279
292.6243866 0.0004273
292.6339703 0.0004254
292.6435339 0.0004240
292.6531176 0.0004257
292.6627012 0.0004213
292.6722849 0.0004241
292.6818785 0.0004187
292.6914622 0.0004155
292.7010458 0.0004128
292.7105995 0.0004089
292.7201931 0.0004064
292.7297768 0.0004018
292.7393604 0.0004011
292.7489441 0.0004012
292.7585377 0.0003957
292.7680914 0.0003957
292.7776750 0.0003948
292.7872587 0.0003952
292.7968523 0.0003950
292.8064360 0.0003937
292.8159896 0.0003917
292.8255733 0.0003883
292.8351669 0.0003859
292.8447506 0.0003829
292.8543042 0.0003832
292.8638879 0.0003816
292.8734715 0.0003810
292.8830652 0.0003802
292.8926188 0.0003788
292.9022025 0.0003770
292.9117862 0.0003744
292.9213798 0.0003726
292.9309335 0.0003690
292.9405171 0.0003721
292.9501008 0.0003702
292.9596944 0.0003704
292.9692481 0.0003689
292.9788317 0.0003677
292.9884154 0.0003631
292.9979790 0.0003619
293.0075627 0.0003623
293.0171463 0.0003643
293.0267000 0.0003669
293.0362836 0.0003660
293.0458773 0.0003629
293.0554309 0.0003632
293.0650146 0.0003599
293.0745983 0.0003582
293.0841619 0.0003583
293.0937456 0.0003588
293.1033292 0.0003584
293.1128829 0.0003549
293.1224765 0.0003537
293.1320302 0.0003538
293.1416138 0.0003509
293.1511975 0.0003505
293.1607611 0.0003468
293.1703448 0.0003473
293.1798984 0.0003485
293.1894821 0.0003486
293.1990658 0.0003501
293.2086294 0.0003501
293.2182131 0.0003448
293.2277667 0.0003438
293.2373504 0.0003391
293.2469140 0.0003401
293.2564977 0.0003383
293.2660813 0.0003367
293.2756350 0.0003347
293.2852286 0.0003313
293.2947823 0.0003296
293.3043660 0.0003274
293.3139196 0.0003240
293.3235033 0.0003246
293.3330669 0.0003221
293.3426506 0.0003238
293.3522042 0.0003225
293.3617879 0.0003252
293.3713515 0.0003200
293.3809352 0.0003192
293.3904889 0.0003178
293.4000725 0.0003183
293.4096262 0.0003213
293.4192198 0.0003184
293.4287735 0.0003194
293.4383571 0.0003198
293.4479108 0.0003169
293.4574744 0.0003163
293.4670581 0.0003187
293.4766118 0.0003207
293.4861954 0.0003176
293.4957491 0.0003158
293.5053427 0.0003144
293.5148964 0.0003107
293.5244500 0.0003115
293.5340337 0.0003092
293.5435974 0.0003094
293.5531810 0.0003093
293.5627347 0.0003079
293.5722883 0.0003074
293.5818720 0.0003068
293.5914357 0.0003072
293.6010193 0.0003068
293.6105730 0.0003107
293.6201266 0.0003075
293.6297203 0.0003110
293.6392740 0.0003097
293.6488276 0.0003092
293.6584113 0.0003087
293.6679649 0.0003094
293.6775286 0.0003098
293.6871122 0.0003096
293.6966659 0.0003111
293.7062196 0.0003061
293.7158132 0.0003069
293.7253669 0.0003028
293.7349205 0.0003002
293.7445042 0.0002998
293.7540579 0.0002990
293.7636215 0.0002996
293.7731752 0.0003006
293.7827588 0.0003026
293.7923125 0.0003004
293.8018662 0.0002976
293.8114298 0.0002969
293.8210135 0.0002977
293.8305671 0.0002959
293.8401208 0.0002984
293.8496745 0.0002975
293.8592681 0.0002965
293.8688218 0.0002956
293.8783754 0.0002913
293.8879291 0.0002886
293.8975228 0.0002877
293.9070764 0.0002880
293.9166301 0.0002895
293.9261837 0.0002893
293.9357374 0.0002879
293.9453311 0.0002854
293.9548847 0.0002822
293.9644384 0.0002801
293.9739921 0.0002825
293.9835457 0.0002830
293.9931094 0.0002802
294.0026931 0.0002769
294.0122467 0.0002791
294.0218004 0.0002785
294.0313540 0.0002770
294.0409177 0.0002764
294.0504714 0.0002762
294.0600250 0.0002769
294.0696087 0.0002782
294.0791724 0.0002807
294.0887260 0.0002779
294.0982797 0.0002763
294.1078333 0.0002773
294.1173870 0.0002759
294.1269507 0.0002725
294.1365043 0.0002717
294.1460580 0.0002753
294.1556116 0.0002720
294.1651653 0.0002690
294.1747590 0.0002691
294.1843126 0.0002680
294.1938663 0.0002680
294.2034200 0.0002672
294.2129736 0.0002653
294.2225373 0.0002655
294.2320910 0.0002666
294.2416446 0.0002653
294.2511983 0.0002639
294.2607520 0.0002651
294.2703156 0.0002659
294.2798693 0.0002644
294.2894230 0.0002646
294.2989766 0.0002622
294.3085303 0.0002589
294.3180939 0.0002576
294.3276476 0.0002527
294.3372013 0.0002594
294.3467549 0.0002596
294.3563086 0.0002596
294.3658723 0.0002579
294.3754259 0.0002540
294.3849796 0.0002547
294.3945333 0.0002525
294.4040869 0.0002524
294.4136506 0.0002524
294.4231743 0.0002532
294.4327279 0.0002551
294.4422816 0.0002524
294.4518353 0.0002522
294.4613989 0.0002507
294.4709526 0.0002476
294.4805063 0.0002455
294.4900599 0.0002505
294.4996136 0.0002510
294.5091773 0.0002510
294.5187009 0.0002471
294.5282546 0.0002465
294.5378083 0.0002452
294.5473619 0.0002456
294.5569156 0.0002442
294.5664793 0.0002450
294.5760329 0.0002429
294.5855566 0.0002444
294.5951103 0.0002445
294.6046639 0.0002400
294.6142276 0.0002392
294.6237813 0.0002377
294.6333349 0.0002378
294.6428586 0.0002370
294.6524123 0.0002352
294.6619759 0.0002357
294.6715296 0.0002344
294.6810833 0.0002354
294.6906069 0.0002362
294.7001606 0.0002339
294.7097243 0.0002327
294.7192780 0.0002366
294.7288316 0.0002346
294.7383553 0.0002351
294.7479090 0.0002387
294.7574626 0.0002363
294.7670263 0.0002353
294.7765500 0.0002338
294.7861036 0.0002329
294.7956573 0.0002321
294.8051810 0.0002329
294.8147446 0.0002327
294.8242983 0.0002305
294.8338520 0.0002298
294.8433757 0.0002301
294.8529293 0.0002291
294.8624930 0.0002289
294.8720167 0.0002274
294.8815703 0.0002277
294.8911240 0.0002295
294.9006477 0.0002292
294.9102013 0.0002291
294.9197650 0.0002296
294.9292887 0.0002306
294.9388424 0.0002289
294.9483960 0.0002277
294.9579197 0.0002264
294.9674834 0.0002270
294.9770371 0.0002257
294.9865607 0.0002260
294.9961144 0.0002266
295.0056681 0.0002280
295.0151917 0.0002294
295.0247554 0.0002295
295.0342791 0.0002291
295.0438327 0.0002266
295.0533864 0.0002256
295.0629101 0.0002242
295.0724738 0.0002234
295.0819974 0.0002269
295.0915511 0.0002257
295.1010748 0.0002250
295.1106285 0.0002243
295.1201821 0.0002236
295.1297158 0.0002187
295.1392695 0.0002212
295.1487931 0.0002216
295.1583468 0.0002218
295.1678705 0.0002211
295.1774242 0.0002202
295.1869578 0.0002190
295.1965115 0.0002178
295.2060352 0.0002170
295.2155889 0.0002183
295.2251125 0.0002171
295.2346762 0.0002159
295.2441999 0.0002179
295.2537536 0.0002126
295.2632772 0.0002154
295.2728309 0.0002167
295.2823546 0.0002162
295.2919183 0.0002127
295.3014419 0.0002117
295.3109956 0.0002119
295.3205193 0.0002115
295.3300429 0.0002118
295.3395966 0.0002104
295.3491303 0.0002097
295.3586840 0.0002083
295.3682076 0.0002091
295.3777613 0.0002081
295.3872850 0.0002114
295.3968087 0.0002104
295.4063723 0.0002109
295.4158960 0.0002107
295.4254497 0.0002086
295.4349734 0.0002058
295.4444970 0.0002059
295.4540507 0.0002080
295.4635844 0.0002061
295.4731081 0.0002067
295.4826618 0.0002076
295.4921854 0.0002062
295.5017091 0.0002064
295.5112628 0.0002083
295.5207965 0.0002063
295.5303201 0.0002075
295.5398738 0.0002059
295.5493975 0.0002053
295.5589212 0.0002073
295.5684748 0.0002059
295.5780085 0.0002057
295.5875322 0.0002053
295.5970859 0.0002033
295.6066095 0.0002040
295.6161332 0.0002049
295.6256569 0.0002068
295.6352206 0.0002076
295.6447443 0.0002061
295.6542679 0.0002050
295.6638216 0.0002069
295.6733453 0.0002064
295.6828690 0.0002083
295.6924026 0.0002067
295.7019563 0.0002046
295.7114800 0.0002023
295.7210037 0.0002027
295.7305273 0.0002018
295.7400510 0.0002019
295.7496147 0.0002023
295.7591384 0.0002029
295.7686621 0.0002025
295.7781857 0.0002033
295.7877094 0.0002038
295.7972631 0.0002024
295.8067868 0.0002028
295.8163205 0.0002014
295.8258441 0.0001994
295.8353678 0.0001975
295.8448915 0.0001984
295.8544452 0.0001980
295.8639689 0.0001986
295.8735025 0.0001977
295.8830262 0.0001958
295.8925499 0.0001961
295.9020736 0.0001940
295.9115972 0.0001967
295.9211509 0.0001952
295.9306746 0.0001937
295.9402083 0.0001941
295.9497320 0.0001937
295.9592557 0.0001937
295.9687793 0.0001950
295.9783030 0.0001933
295.9878267 0.0001914
295.9973604 0.0001932
296.0068841 0.0001902
296.0164077 0.0001912
296.0259314 0.0001917
296.0354851 0.0001895
296.0450088 0.0001916
296.0545325 0.0001901
296.0640661 0.0001902
296.0735898 0.0001914
296.0831135 0.0001930
296.0926372 0.0001931
296.1021609 0.0001918
296.1116845 0.0001903
296.1212182 0.0001887
296.1307419 0.0001887
296.1402656 0.0001890
296.1497893 0.0001870
296.1593130 0.0001869
296.1688366 0.0001883
296.1783603 0.0001860
296.1878940 0.0001861
296.1974177 0.0001848
296.2069414 0.0001833
296.2164651 0.0001858
296.2259587 0.0001844
296.2354824 0.0001855
296.2450061 0.0001833
296.2545398 0.0001831
296.2640635 0.0001863
296.2735871 0.0001861
296.2831108 0.0001856
296.2926345 0.0001845
296.3021582 0.0001826
296.3116819 0.0001817
296.3212156 0.0001807
296.3307393 0.0001796
296.3402329 0.0001803
296.3497566 0.0001789
296.3592803 0.0001798
296.3688040 0.0001790
296.3783277 0.0001789
296.3878614 0.0001787
296.3973850 0.0001786
296.4069087 0.0001788
296.4164024 0.0001784
296.4259261 0.0001782
296.4354498 0.0001814
296.4449735 0.0001802
296.4545071 0.0001776
296.4640008 0.0001770
296.4735245 0.0001747
296.4830482 0.0001751
296.4925719 0.0001746
296.5020956 0.0001762
296.5115892 0.0001775
296.5211129 0.0001736
296.5306466 0.0001728
296.5401703 0.0001730
296.5496940 0.0001692
296.5591877 0.0001696
296.5687114 0.0001729
296.5782351 0.0001715
296.5877587 0.0001677
296.5972624 0.0001683
296.6067861 0.0001694
296.6163098 0.0001684
296.6258335 0.0001687
296.6353272 0.0001692
296.6448509 0.0001686
296.6543745 0.0001704
296.6638782 0.0001702
296.6734019 0.0001711
296.6829256 0.0001710
296.6924193 0.0001713
296.7019430 0.0001709
296.7114667 0.0001704
296.7209904 0.0001684
296.7304840 0.0001675
296.7400177 0.0001695
296.7495414 0.0001691
296.7590351 0.0001698
296.7685588 0.0001667
296.7780525 0.0001691
296.7875762 0.0001787
296.7970999 0.0001639
296.8065935 0.0001645
296.8161272 0.0001646
296.8256509 0.0001651
296.8351446 0.0001640
296.8446683 0.0001634
296.8541620 0.0001648
296.8636857 0.0001663
296.8732094 0.0001664
296.8827130 0.0001656
296.8922367 0.0001646
296.9017304 0.0001639
296.9112541 0.0001627
296.9207478 0.0001632
296.9302715 0.0001639
296.9397952 0.0001629
296.9492889 0.0001630
296.9588226 0.0001618
296.9683162 0.0001615
296.9778399 0.0001617
296.9873336 0.0001624
296.9968573 0.0001597
297.0063510 0.0001601
297.0158747 0.0001614
297.0253684 0.0001605
297.0349021 0.0001616
297.0443958 0.0001598
297.0539195 0.0001612
297.0634131 0.0001588
297.0729368 0.0001592
297.0824305 0.0001591
297.0919542 0.0001601
297.1014479 0.0001575
297.1109716 0.0001565
297.1204753 0.0001570
297.1299690 0.0001549
297.1394927 0.0001546
297.1489864 0.0001551
297.1585101 0.0001552
297.1680037 0.0001572
297.1775274 0.0001570
297.1870211 0.0001554
297.1965248 0.0001537
297.2060485 0.0001537
297.2155422 0.0001534
297.2250659 0.0001539
297.2345596 0.0001526
297.2440533 0.0001519
297.2535770 0.0001509
297.2630707 0.0001512
297.2725643 0.0001511
297.2820980 0.0001530
297.2915917 0.0001526
297.3011154 0.0001523
297.3106091 0.0001542
297.3201028 0.0001549
297.3296265 0.0001558
297.3391202 0.0001551
297.3486139 0.0001545
297.3581476 0.0001517
297.3676413 0.0001507
297.3771350 0.0001490
297.3866287 0.0001525
297.3961524 0.0001532
297.4056461 0.0001513
297.4151397 0.0001510
297.4246634 0.0001508
297.4341571 0.0001497
297.4436608 0.0001494
297.4531545 0.0001504
297.4626782 0.0001493
297.4721719 0.0001503
297.4816656 0.0001510
297.4911593 0.0001494
297.5006830 0.0001504
297.5101767 0.0001511
297.5196704 0.0001512
297.5291641 0.0001500
297.5386978 0.0001487
297.5481915 0.0001471
297.5576852 0.0001487
297.5671788 0.0001470
297.5766725 0.0001486
297.5861662 0.0001476
297.5956899 0.0001486
297.6051836 0.0001503
297.6146773 0.0001488
297.6241810 0.0001503
297.6336747 0.0001466
297.6431984 0.0001469
297.6526921 0.0001476
297.6621858 0.0001489
297.6716795 0.0001483
297.6811732 0.0001485
297.6906669 0.0001478
297.7001606 0.0001454
297.7096543 0.0001458
297.7191880 0.0001456
297.7286817 0.0001448
297.7381754 0.0001454
297.7476691 0.0001457
297.7571628 0.0001453
297.7666565 0.0001442
297.7761502 0.0001448
297.7856438 0.0001427
297.7951375 0.0001433
297.8046312 0.0001443
297.8141349 0.0001425
297.8236286 0.0001427
297.8331223 0.0001387
297.8426460 0.0001411
297.8521397 0.0001421
297.8616334 0.0001412
297.8711271 0.0001417
297.8806208 0.0001434
297.8901145 0.0001403
297.8996182 0.0001425
297.9091119 0.0001402
297.9186056 0.0001424
297.9280993 0.0001401
297.9375930 0.0001396
297.9470867 0.0001385
297.9565804 0.0001397
297.9660741 0.0001394
297.9755678 0.0001389
297.9850615 0.0001403
297.9945252 0.0001402
298.0040289 0.0001382
298.0135226 0.0001380
298.0230163 0.0001376
298.0325100 0.0001368
298.0420037 0.0001376
298.0514974 0.0001389
298.0609911 0.0001394
298.0704848 0.0001377
298.0799785 0.0001381
298.0894722 0.0001386
298.0989659 0.0001363
298.1084696 0.0001373
298.1179333 0.0001386
298.1274270 0.0001178
298.1369207 0.0001396
298.1464144 0.0001358
298.1559081 0.0001360
298.1654018 0.0001373
298.1748955 0.0001361
298.1843592 0.0001369
298.1938529 0.0001363
298.2033466 0.0001368
298.2128503 0.0001382
298.2223440 0.0001387
298.2318377 0.0001397
298.2413014 0.0001401
298.2507951 0.0001416
298.2602888 0.0001435
298.2697825 0.0001426
298.2792762 0.0001413
298.2887399 0.0001419
298.2982336 0.0001424
298.3077273 0.0001400
298.3172210 0.0001405
298.3267247 0.0001399
298.3361884 0.0001420
298.3456821 0.0001409
298.3551758 0.0001394
298.3646695 0.0001385
298.3741332 0.0001373
298.3836269 0.0001376
298.3931206 0.0001384
298.4025843 0.0001392
298.4120780 0.0001386
298.4215717 0.0001374
298.4310754 0.0001373
298.4405391 0.0001365
298.4500328 0.0001362
298.4595265 0.0001375
298.4689902 0.0001388
298.4784839 0.0001377
298.4879776 0.0001395
298.4974413 0.0001375
298.5069350 0.0001380
298.5164287 0.0001346
298.5258924 0.0001341
298.5353861 0.0001358
298.5448799 0.0001353
298.5543536 0.0001351
298.5638473 0.0001344
298.5733410 0.0001341
298.5828047 0.0001350
298.5922984 0.0001343
298.6017621 0.0001317
298.6112558 0.0001327
298.6207495 0.0001327
298.6302132 0.0001317
298.6397069 0.0001327
298.6491706 0.0001334
298.6586643 0.0001327
298.6681580 0.0001320
298.6776317 0.0001338
298.6871254 0.0001341
298.6965891 0.0001329
298.7060828 0.0001339
298.7155465 0.0001332
298.7250402 0.0001310
298.7345039 0.0001320
298.7439976 0.0001303
298.7534613 0.0001309
298.7629551 0.0001304
298.7724188 0.0001306
298.7819125 0.0001313
298.7913762 0.0001292
298.8008699 0.0001306
298.8103336 0.0001292
298.8198373 0.0001284
298.8293010 0.0001273
298.8387947 0.0001273
298.8482584 0.0001275
298.8577521 0.0001302
298.8672158 0.0001295
298.8767095 0.0001303
298.8861732 0.0001308
298.8956669 0.0001267
298.9051306 0.0001264
298.9145943 0.0001269
298.9240881 0.0001245
298.9335518 0.0001260
298.9430455 0.0001265
298.9525192 0.0001249
298.9620129 0.0001268
298.9714766 0.0001245
298.9809403 0.0001234
298.9904340 0.0001236
298.9998977 0.0001235
299.0093614 0.0001259
299.0188551 0.0001254
299.0283188 0.0001268
299.0378125 0.0001235
299.0472762 0.0001232
299.0567400 0.0001236
299.0662337 0.0001230
299.0756974 0.0001246
299.0851611 0.0001238
299.0946648 0.0001223
299.1041285 0.0001226
299.1135922 0.0001197
299.1230859 0.0001209
299.1325496 0.0001205
299.1420133 0.0001194
299.1514770 0.0001198
299.1609708 0.0001202
299.1704345 0.0001199
299.1798982 0.0001189
299.1893919 0.0001186
299.1988556 0.0001171
299.2083193 0.0001187
299.2177830 0.0001184
299.2272767 0.0001180
299.2367404 0.0001173
299.2462041 0.0001189
299.2556678 0.0001183
299.2651716 0.0001205
299.2746353 0.0001207
299.2840990 0.0001191
299.2935627 0.0001192
299.3030264 0.0001180
299.3125201 0.0001176
299.3219838 0.0001183
299.3314475 0.0001178
299.3409112 0.0001166
299.3503749 0.0001166
299.3598386 0.0001175
299.3693324 0.0001147
299.3787961 0.0001153
299.3882598 0.0001169
299.3977235 0.0001157
299.4071872 0.0001151
299.4166509 0.0001159
299.4261446 0.0001146
299.4356183 0.0001176
299.4450821 0.0001173
299.4545458 0.0001165
299.4640095 0.0001170
299.4734732 0.0001173
299.4829369 0.0001172
299.4924006 0.0001174
299.5018643 0.0001178
299.5113280 0.0001177
299.5208217 0.0001174
299.5302855 0.0001171
299.5397492 0.0001168
299.5492129 0.0001168
299.5586766 0.0001169
299.5681403 0.0001163
299.5776040 0.0001185
299.5870677 0.0001186
299.5965314 0.0001160
299.6059951 0.0001181
299.6154589 0.0001172
299.6249226 0.0001171
299.6343963 0.0001179
299.6438600 0.0001171
299.6533237 0.0001158
299.6627874 0.0001171
299.6722511 0.0001168
299.6817149 0.0001168
299.6911786 0.0001163
299.7006423 0.0001166
299.7101060 0.0001148
299.7195697 0.0001155
299.7290334 0.0001161
299.7384971 0.0001155
299.7479608 0.0001166
299.7574246 0.0001150
299.7668883 0.0001144
299.7763520 0.0001140
299.7858157 0.0001128
299.7952494 0.0001131
299.8047131 0.0001118
299.8141768 0.0001117
299.8236406 0.0001103
299.8331043 0.0001125
299.8425680 0.0001124
299.8520417 0.0001129
299.8615054 0.0001137
299.8709691 0.0001131
299.8804028 0.0001125
299.8898666 0.0001133
299.8993303 0.0001131
299.9087940 0.0001126
299.9182577 0.0001131
299.9277214 0.0001113
299.9371851 0.0001120
299.9466188 0.0001116
299.9560826 0.0001119
299.9655463 0.0001117
299.9750100 0.0001136
299.9844737 0.0001124
299.9939074 0.0001113
300.0033711 0.0001121
300.0128349 0.0001120
300.0222986 0.0001106
300.0317623 0.0001111
300.0411960 0.0001108
300.0506597 0.0001114
300.0601234 0.0001108
300.0695872 0.0001106
300.0790209 0.0001121
300.0884846 0.0001106
300.0979483 0.0001108
300.1074120 0.0001113
300.1168457 0.0001100
300.1263195 0.0001102
300.1357832 0.0001095
300.1452469 0.0001090
300.1546806 0.0001092
300.1641443 0.0001101
300.1736081 0.0001103
300.1830418 0.0001112
300.1925055 0.0001103
300.2019692 0.0001100
300.2114029 0.0001103
300.2208666 0.0001091
300.2303304 0.0001093
300.2397641 0.0001091
300.2492278 0.0001099
300.2586915 0.0001095
300.2681252 0.0001085
300.2775889 0.0001089
300.2870527 0.0001073
300.2964864 0.0001070
300.3059501 0.0001065
300.3153838 0.0001080
300.3248475 0.0001070
300.3343113 0.0001060
300.3437450 0.0001055
300.3532087 0.0001068
300.3626424 0.0001055
300.3721061 0.0001048
300.3815699 0.0001056
300.3910036 0.0001056
300.4004673 0.0001067
300.4099010 0.0001060
300.4193647 0.0001060
300.4287984 0.0001071
300.4382622 0.0001066
300.4476959 0.0001049
300.4571596 0.0001030
300.4666233 0.0001045
300.4760570 0.0001050
300.4855208 0.0001045
300.4949545 0.0001052
300.5044282 0.0001037
300.5138619 0.0001033
300.5233256 0.0001043
300.5327594 0.0001038
300.5421931 0.0001019
300.5516568 0.0001030
300.5610905 0.0001028
300.5705542 0.0001036
300.5799880 0.0001043
300.5894517 0.0001037
300.5988854 0.0001019
300.6083491 0.0001038
300.6177828 0.0001035
300.6272466 0.0001034
300.6366803 0.0001018
300.6461140 0.0001027
300.6555777 0.0001038
300.6650115 0.0001033
300.6744752 0.0001020
300.6839089 0.0001021
300.6933426 0.0001031
300.7028063 0.0001026
300.7122401 0.0001029
300.7217038 0.0001030
300.7311375 0.0001035
300.7405712 0.0001029
300.7500350 0.0001016
300.7594687 0.0001007
300.7689024 0.0001014
300.7783661 0.0001014
300.7877998 0.0001038
300.7972336 0.0001014
300.8066973 0.0001027
300.8161310 0.0001032
300.8255647 0.0001043
300.8350285 0.0001035
300.8444622 0.0001034
300.8538959 0.0001027
300.8633296 0.0001031
300.8727934 0.0001024
300.8822271 0.0001031
300.8916608 0.0001014
300.9011245 0.0001037
300.9105582 0.0001026
300.9199920 0.0001018
300.9294257 0.0001011
300.9388894 0.0000984
300.9483231 0.0000999
300.9577569 0.0001001
300.9671906 0.0000997
300.9766543 0.0000979
300.9860880 0.0001000
300.9955218 0.0000982
301.0049555 0.0000993
301.0143892 0.0000988
301.0238529 0.0000990
301.0332867 0.0000995
301.0427204 0.0001008
301.0521541 0.0001016
301.0615878 0.0001004
301.0710215 0.0000992
301.0804853 0.0000989
301.0899190 0.0000992
301.0993527 0.0000986
301.1087865 0.0000981
301.1182202 0.0000990
301.1276539 0.0000982
301.1370876 0.0000980
301.1465514 0.0000967
301.1559851 0.0000967
301.1654188 0.0000957
301.1748525 0.0000959
301.1842863 0.0000958
301.1937200 0.0000958
301.2031537 0.0000954
301.2125874 0.0000965
301.2220212 0.0000952
301.2314549 0.0000966
301.2408886 0.0000970
301.2503523 0.0000959
301.2597861 0.0000952
301.2692198 0.0000969
301.2786535 0.0000955
301.2880873 0.0000965
301.2975210 0.0000951
301.3069547 0.0000942
301.3163884 0.0000960
301.3258222 0.0000961
301.3352559 0.0000960
301.3446896 0.0000957
301.3541233 0.0000957
301.3635571 0.0000953
301.3729908 0.0000946
301.3824245 0.0000944
301.3918582 0.0000932
301.4012920 0.0000923
301.4107257 0.0000938
301.4201594 0.0000928
301.4295932 0.0000943
301.4390269 0.0000935
301.4484306 0.0000934
301.4578643 0.0000929
301.4672981 0.0000938
301.4767318 0.0000926
301.4861655 0.0000929
301.4955993 0.0000943
301.5050330 0.0000939
301.5144667 0.0000930
301.5239004 0.0000936
301.5333342 0.0000931
301.5427679 0.0000930
301.5521716 0.0000936
301.5616054 0.0000932
301.5710391 0.0000936
301.5804728 0.0000939
301.5899065 0.0000945
301.5993403 0.0000946
301.6087740 0.0000934
301.6181777 0.0000931
301.6276115 0.0000931
301.6370452 0.0000930
301.6464789 0.0000937
301.6559127 0.0000934
301.6653464 0.0000932
301.6747501 0.0000926
301.6841838 0.0000920
301.6936176 0.0000905
301.7030513 0.0000908
301.7124850 0.0000890
301.7218888 0.0000911
301.7313225 0.0000892
301.7407562 0.0000898
301.7501900 0.0000886
301.7595837 0.0000894
301.7690174 0.0000879
301.7784511 0.0000890
301.7878849 0.0000893
301.7972886 0.0000888
301.8067223 0.0000898
301.8161561 0.0000897
301.8255598 0.0000884
301.8349935 0.0000907
301.8444273 0.0000906
301.8538610 0.0000912
301.8632647 0.0000902
301.8726985 0.0000892
301.8821322 0.0000896
301.8915359 0.0000888
301.9009696 0.0000887
301.9104034 0.0000875
301.9198071 0.0000881
301.9292408 0.0000889
301.9386746 0.0000882
301.9480783 0.0000882
301.9575120 0.0000877
301.9669158 0.0000882
301.9763495 0.0000885
301.9857832 0.0000887
301.9951870 0.0000885
302.0046207 0.0000889
302.0140544 0.0000897
302.0234582 0.0000880
302.0328919 0.0000892
302.0422956 0.0000883
302.0517294 0.0000871
302.0611331 0.0000878
302.0705668 0.0000870
302.0800006 0.0000884
302.0894043 0.0000880
302.0988380 0.0000892
302.1082418 0.0000893
302.1176755 0.0000871
302.1270692 0.0000886
302.1365030 0.0000864
302.1459067 0.0000880
302.1553404 0.0000874
302.1647442 0.0000881
302.1741779 0.0000870
302.1835816 0.0000896
302.1930154 0.0000867
302.2024191 0.0000865
302.2118528 0.0000868
302.2212566 0.0000874
302.2306903 0.0000877
302.2400940 0.0000867
302.2495278 0.0000876
302.2589315 0.0000865
302.2683652 0.0000868
302.2777690 0.0000869
302.2871727 0.0000859
302.2966064 0.0000871
302.3060102 0.0000868
302.3154439 0.0000853
302.3248477 0.0000870
302.3342814 0.0000837
302.3436851 0.0000838
302.3530889 0.0000854
302.3625226 0.0000852
302.3719263 0.0000847
302.3813601 0.0000846
302.3907538 0.0000847
302.4001575 0.0000846
302.4095913 0.0000844
302.4189950 0.0000855
302.4283987 0.0000853
302.4378325 0.0000844
302.4472362 0.0000840
302.4566399 0.0000844
302.4660737 0.0000852
302.4754774 0.0000856
302.4848812 0.0000875
302.4943149 0.0000858
302.5037186 0.0000851
302.5131224 0.0000845
302.5225561 0.0000842
302.5319598 0.0000850
302.5413636 0.0000846
302.5507673 0.0000841
302.5602011 0.0000846
302.5696048 0.0000850
302.5790085 0.0000843
302.5884123 0.0000836
302.5978460 0.0000847
302.6072497 0.0000834
302.6166435 0.0000852
302.6260472 0.0000832
302.6354810 0.0000839
302.6448847 0.0000840
302.6542884 0.0000843
302.6636922 0.0000838
302.6730959 0.0000851
302.6825296 0.0000837
302.6919334 0.0000844
302.7013371 0.0000821
302.7107409 0.0000839
302.7201446 0.0000833
302.7295483 0.0000853
302.7389821 0.0000855
302.7483858 0.0000846
302.7577896 0.0000845
302.7671933 0.0000845
302.7765970 0.0000844
302.7860008 0.0000837
302.7954345 0.0000839
302.8048282 0.0000847
302.8142320 0.0000843
302.8236357 0.0000844
302.8330395 0.0000841
302.8424432 0.0000838
302.8518469 0.0000825
302.8612507 0.0000831
302.8706544 0.0000827
302.8800582 0.0000826
302.8894619 0.0000829
302.8988956 0.0000829
302.9082994 0.0000819
302.9177031 0.0000821
302.9271069 0.0000817
302.9365106 0.0000813
302.9459143 0.0000838
302.9553181 0.0000827
302.9647218 0.0000821
302.9741156 0.0000829
302.9835193 0.0000820
302.9929230 0.0000826
303.0023268 0.0000810
303.0117305 0.0000813
303.0211343 0.0000814
303.0305380 0.0000811
303.0399417 0.0000806
303.0493455 0.0000813
303.0587492 0.0000802
303.0681530 0.0000810
303.0775567 0.0000801
303.0869605 0.0000794
303.0963342 0.0000805
303.1057379 0.0000805
303.1151417 0.0000799
303.1245354 0.0000801
303.1339392 0.0000803
303.1433429 0.0000804
303.1527466 0.0000801
303.1621504 0.0000793
303.1715541 0.0000805
303.1809579 0.0000811
303.1903616 0.0000812
303.1997353 0.0000800
303.2091391 0.0000790
303.2185428 0.0000795
303.2279466 0.0000805
303.2373503 0.0000806
303.2467541 0.0000811
303.2561578 0.0000804
303.2655315 0.0000805
303.2749253 0.0000795
303.2843290 0.0000812
303.2937328 0.0000792
303.3031365 0.0000794
303.3125403 0.0000795
303.3219140 0.0000800
303.3313177 0.0000789
303.3407215 0.0000800
303.3501252 0.0000808
303.3595290 0.0000807
303.3689027 0.0000802
303.3783065 0.0000817
303.3877102 0.0000826
303.3971140 0.0000822
303.4064777 0.0000812
303.4158814 0.0000812
303.4252852 0.0000813
303.4346889 0.0000801
303.4440627 0.0000814
303.4534664 0.0000801
303.4628702 0.0000813
303.4722439 0.0000819
303.4816477 0.0000797
303.4910514 0.0000794
303.5004551 0.0000789
303.5098289 0.0000786
303.5192326 0.0000796
303.5286364 0.0000796
303.5380001 0.0000792
303.5474039 0.0000792
303.5568076 0.0000781
303.5661814 0.0000792
303.5755851 0.0000777
303.5849889 0.0000789
303.5943626 0.0000786
303.6037663 0.0000801
303.6131401 0.0000795
303.6225438 0.0000791
303.6319476 0.0000802
303.6413213 0.0000793
303.6507251 0.0000782
303.6600888 0.0000773
303.6694926 0.0000786
303.6788963 0.0000787
303.6882700 0.0000777
303.6976738 0.0000782
303.7070475 0.0000768
303.7164513 0.0000772
303.7258250 0.0000768
303.7352288 0.0000766
303.7446325 0.0000773
303.7540063 0.0000769
303.7634100 0.0000772
303.7727738 0.0000766
303.7821775 0.0000765
303.7915513 0.0000764
303.8009550 0.0000761
303.8103288 0.0000770
303.8197325 0.0000779
303.8291062 0.0000767
303.8385100 0.0000776
303.8478837 0.0000763
303.8572875 0.0000790
303.8666612 0.0000770
303.8760650 0.0000763
303.8854287 0.0000778
303.8948025 0.0000773
303.9042062 0.0000773
303.9135800 0.0000758
303.9229837 0.0000762
303.9323575 0.0000759
303.9417612 0.0000764
303.9511350 0.0000755
303.9605087 0.0000749
303.9699125 0.0000761
303.9792862 0.0000759
303.9886800 0.0000762
303.9980537 0.0000771
304.0074275 0.0000766
304.0168312 0.0000753
304.0262050 0.0000761
304.0355787 0.0000747
304.0449825 0.0000764
304.0543562 0.0000751
304.0637600 0.0000765
304.0731337 0.0000760
304.0825074 0.0000774
304.0919012 0.0000758
304.1012749 0.0000769
304.1106487 0.0000765
304.1200224 0.0000757
304.1294262 0.0000745
304.1387999 0.0000770
304.1481737 0.0000766
304.1575774 0.0000778
304.1669512 0.0000766
304.1763249 0.0000756
304.1856887 0.0000762
304.1950924 0.0000735
304.2044662 0.0000764
304.2138399 0.0000772
304.2232137 0.0000763
304.2326174 0.0000755
304.2419912 0.0000759
304.2513649 0.0000735
304.2607387 0.0000745
304.2701425 0.0000742
304.2795162 0.0000743
304.2888799 0.0000749
304.2982537 0.0000739
304.3076274 0.0000744
304.3170312 0.0000748
304.3264050 0.0000739
304.3357787 0.0000750
304.3451525 0.0000737
304.3545262 0.0000745
304.3639000 0.0000748
304.3733037 0.0000750
304.3826675 0.0000750
304.3920412 0.0000750
304.4014150 0.0000758
304.4107887 0.0000738
304.4201625 0.0000745
304.4295362 0.0000744
304.4389100 0.0000737
304.4483137 0.0000742
304.4576875 0.0000745
304.4670512 0.0000733
304.4764250 0.0000734
304.4857987 0.0000733
304.4951725 0.0000742
304.5045462 0.0000726
304.5139200 0.0000726
304.5232937 0.0000731
304.5326675 0.0000736
304.5420412 0.0000736
304.5514050 0.0000725
304.5607787 0.0000732
304.5701525 0.0000736
304.5795262 0.0000734
304.5889000 0.0000725
304.5982738 0.0000732
304.6076475 0.0000727
304.6170213 0.0000722
304.6263950 0.0000724
304.6357688 0.0000730
304.6451325 0.0000738
304.6545063 0.0000734
304.6638800 0.0000729
304.6732538 0.0000729
304.6826275 0.0000729
304.6920013 0.0000729
304.7013750 0.0000719
304.7107488 0.0000718
304.7201226 0.0000720
304.7294863 0.0000724
304.7388601 0.0000731
304.7482338 0.0000715
304.7576076 0.0000725
304.7669813 0.0000729
304.7763551 0.0000721
304.7856988 0.0000714
304.7950726 0.0000721
304.8044363 0.0000712
304.8138101 0.0000719
304.8231839 0.0000703
304.8325576 0.0000705
304.8419314 0.0000699
304.8513051 0.0000703
304.8606489 0.0000712
304.8700226 0.0000704
304.8793964 0.0000701
304.8887601 0.0000690
304.8981339 0.0000699
304.9074776 0.0000701
304.9168514 0.0000700
304.9262252 0.0000690
304.9355989 0.0000690
304.9449727 0.0000689
304.9543164 0.0000684
304.9636802 0.0000701
304.9730539 0.0000687
304.9824277 0.0000692
304.9918015 0.0000680
305.0011452 0.0000685
305.0105190 0.0000696
305.0198927 0.0000690
305.0292665 0.0000702
305.0386002 0.0000697
305.0479740 0.0000695
305.0573478 0.0000686
305.0666915 0.0000691
305.0760653 0.0000682
305.0854390 0.0000678
305.0948128 0.0000683
305.1041565 0.0000688
305.1135203 0.0000688
305.1228941 0.0000681
305.1322378 0.0000692
305.1416116 0.0000692
305.1509853 0.0000692
305.1603291 0.0000681
305.1697028 0.0000677
305.1790766 0.0000677
305.1884103 0.0000687
305.1977841 0.0000677
305.2071279 0.0000688
305.2165016 0.0000687
305.2258754 0.0000677
305.2352191 0.0000679
305.2445929 0.0000669
305.2539667 0.0000677
305.2633004 0.0000673
305.2726742 0.0000679
305.2820179 0.0000689
305.2913917 0.0000703
305.3007354 0.0000685
305.3101092 0.0000684
305.3194830 0.0000694
305.3288167 0.0000677
305.3381905 0.0000686
305.3475342 0.0000690
305.3569080 0.0000680
305.3662518 0.0000676
305.3756255 0.0000686
305.3849693 0.0000672
305.3943430 0.0000671
305.4036768 0.0000660
305.4130506 0.0000671
305.4223943 0.0000669
305.4317681 0.0000663
305.4411118 0.0000665
305.4504856 0.0000666
305.4598294 0.0000660
305.4691931 0.0000661
305.4785369 0.0000664
305.4879106 0.0000675
305.4972544 0.0000671
305.5065982 0.0000676
305.5159719 0.0000662
305.5253157 0.0000666
305.5346794 0.0000673
305.5440232 0.0000660
305.5533970 0.0000650
305.5627407 0.0000651
305.5720845 0.0000654
305.5814582 0.0000650
305.5908020 0.0000651
305.6001358 0.0000641
305.6095095 0.0000647
305.6188533 0.0000653
305.6282270 0.0000648
305.6375708 0.0000643
305.6469146 0.0000649
305.6562883 0.0000649
305.6656221 0.0000651
305.6749658 0.0000644
305.6843396 0.0000657
305.6936834 0.0000648
305.7030271 0.0000658
305.7124009 0.0000638
305.7217447 0.0000641
305.7310784 0.0000640
305.7404222 0.0000643
305.7497959 0.0000651
305.7591397 0.0000640
305.7684835 0.0000637
305.7778572 0.0000644
305.7872010 0.0000643
305.7965348 0.0000645
305.8058785 0.0000654
305.8152523 0.0000645
305.8245960 0.0000646
305.8339398 0.0000643
305.8432836 0.0000647
305.8526173 0.0000638
305.8619911 0.0000637
305.8713349 0.0000626
305.8806786 0.0000647
305.8900224 0.0000635
305.8993661 0.0000650
305.9087399 0.0000647
305.9180737 0.0000657
305.9274174 0.0000654
305.9367612 0.0000656
305.9461050 0.0000647
305.9554487 0.0000661
305.9648225 0.0000657
305.9741663 0.0000667
305.9835000 0.0000663
305.9928438 0.0000659
306.0021875 0.0000653
306.0115313 0.0000659
306.0208751 0.0000660
306.0302188 0.0000648
306.0395526 0.0000629
306.0489264 0.0000641
306.0582701 0.0000629
306.0676139 0.0000638
306.0769577 0.0000649
306.0863014 0.0000662
306.0956352 0.0000630
306.1049789 0.0000639
306.1143227 0.0000621
306.1236665 0.0000634
306.1330102 0.0000641
306.1423540 0.0000648
306.1516878 0.0000643
306.1610315 0.0000635
306.1703753 0.0000645
306.1797191 0.0000643
306.1890628 0.0000641
306.1984066 0.0000625
306.2077504 0.0000621
306.2170841 0.0000628
306.2264279 0.0000634
306.2357717 0.0000626
306.2451154 0.0000619
306.2544592 0.0000626
306.2638030 0.0000630
306.2731367 0.0000619
306.2824805 0.0000622
306.2918243 0.0000627
306.3011680 0.0000619
306.3105118 0.0000621
306.3198556 0.0000617
306.3291893 0.0000614
306.3385031 0.0000623
306.3478468 0.0000622
306.3571906 0.0000621
306.3665344 0.0000607
306.3758782 0.0000620
306.3852119 0.0000618
306.3945557 0.0000612
306.4038995 0.0000625
306.4132132 0.0000617
306.4225570 0.0000617
306.4319007 0.0000626
306.4412345 0.0000620
306.4505783 0.0000617
306.4599221 0.0000617
306.4692358 0.0000623
306.4785796 0.0000604
306.4879133 0.0000614
306.4972571 0.0000610
306.5066009 0.0000603
306.5159447 0.0000601
306.5252584 0.0000618
306.5346022 0.0000614
306.5439360 0.0000617
306.5532797 0.0000607
306.5625935 0.0000608
306.5719373 0.0000605
306.5812810 0.0000614
306.5906248 0.0000608
306.5999286 0.0000611
306.6092723 0.0000608
306.6186161 0.0000608
306.6279599 0.0000612
306.6372736 0.0000604
306.6466174 0.0000608
306.6559512 0.0000608
306.6652649 0.0000603
306.6746087 0.0000609
306.6839525 0.0000611
306.6932662 0.0000606
306.7026000 0.0000605
306.7119438 0.0000610
306.7212576 0.0000599
306.7306013 0.0000609
306.7399451 0.0000615
306.7492589 0.0000610
306.7585926 0.0000612
306.7679364 0.0000612
306.7772502 0.0000613
306.7865939 0.0000609
306.7959077 0.0000593
306.8052415 0.0000596
306.8145853 0.0000604
306.8238990 0.0000599
306.8332428 0.0000604
306.8425566 0.0000612
306.8519003 0.0000593
306.8612341 0.0000599
306.8705479 0.0000598
306.8798916 0.0000596
306.8892054 0.0000599
306.8985492 0.0000603
306.9078530 0.0000599
306.9171967 0.0000611
306.9265105 0.0000604
306.9358543 0.0000606
306.9451680 0.0000593
306.9545118 0.0000599
306.9638156 0.0000602
306.9731594 0.0000588
306.9824731 0.0000597
306.9918169 0.0000591
307.0011307 0.0000590
307.0104644 0.0000593
307.0197782 0.0000589
307.0291220 0.0000586
307.0384357 0.0000586
307.0477795 0.0000591
307.0570833 0.0000585
307.0664271 0.0000594
307.0757408 0.0000589
307.0850546 0.0000586
307.0943984 0.0000585
307.1037021 0.0000586
307.1130459 0.0000602
307.1223597 0.0000595
307.1316735 0.0000597
307.1410172 0.0000589
307.1503210 0.0000596
307.1596648 0.0000597
307.1689786 0.0000604
307.1782923 0.0000580
307.1876361 0.0000599
307.1969499 0.0000590
307.2062536 0.0000585
307.2155974 0.0000591
307.2249112 0.0000586
307.2342250 0.0000583
307.2435687 0.0000604
307.2528725 0.0000585
307.2621863 0.0000592
307.2715301 0.0000598
307.2808438 0.0000590
307.2901576 0.0000588
307.2994614 0.0000592
307.3088052 0.0000580
307.3181189 0.0000587
307.3274327 0.0000588
307.3367465 0.0000594
307.3460802 0.0000587
307.3553940 0.0000586
307.3647078 0.0000583
307.3740216 0.0000581
307.3833653 0.0000579
307.3926691 0.0000579
307.4019829 0.0000583
307.4112967 0.0000578
307.4206404 0.0000574
307.4299542 0.0000573
307.4392580 0.0000590
307.4485718 0.0000570
307.4578855 0.0000578
307.4671993 0.0000573
307.4765431 0.0000571
307.4858469 0.0000578
307.4951606 0.0000561
307.5044744 0.0000566
307.5137882 0.0000573
307.5230920 0.0000563
307.5324357 0.0000564
307.5417495 0.0000567
307.5510633 0.0000563
307.5603771 0.0000565
307.5696808 0.0000565
307.5789946 0.0000560
307.5883084 0.0000566
307.5976222 0.0000562
307.6069359 0.0000559
307.6162397 0.0000568
307.6255535 0.0000565
307.6348973 0.0000560
307.6442110 0.0000569
307.6535248 0.0000566
307.6628286 0.0000564
307.6721424 0.0000563
307.6814561 0.0000573
307.6907699 0.0000578
307.7000737 0.0000568
307.7093875 0.0000559
307.7187012 0.0000564
307.7280150 0.0000567
307.7373288 0.0000565
307.7466326 0.0000564
307.7559464 0.0000563
307.7652601 0.0000576
307.7745739 0.0000553
307.7838877 0.0000564
307.7931915 0.0000561
307.8025052 0.0000573
307.8118190 0.0000566
307.8211328 0.0000572
307.8304066 0.0000569
307.8397203 0.0000564
307.8490341 0.0000580
307.8583479 0.0000574
307.8676617 0.0000567
307.8769655 0.0000572
307.8862792 0.0000571
307.8955930 0.0000574
307.9049068 0.0000570
307.9142206 0.0000569
307.9235243 0.0000569
307.9328081 0.0000558
307.9421219 0.0000564
307.9514357 0.0000558
307.9607395 0.0000552
307.9700532 0.0000553
307.9793670 0.0000551
307.9886508 0.0000562
307.9979546 0.0000553
308.0072683 0.0000553
308.0165821 0.0000552
308.0258959 0.0000554
308.0352097 0.0000555
308.0444835 0.0000551
308.0537972 0.0000546
308.0631110 0.0000554
308.0724248 0.0000557
308.0816986 0.0000546
308.0910124 0.0000566
308.1003261 0.0000543
308.1096399 0.0000542
308.1189237 0.0000544
308.1282275 0.0000535
308.1375413 0.0000538
308.1468550 0.0000539
308.1561388 0.0000543
308.1654426 0.0000544
308.1747564 0.0000538
308.1840702 0.0000530
308.1933539 0.0000545
308.2026677 0.0000548
308.2119715 0.0000536
308.2212553 0.0000552
308.2305690 0.0000531
308.2398828 0.0000544
308.2491566 0.0000542
308.2584704 0.0000548
308.2677842 0.0000540
308.2770679 0.0000532
308.2863717 0.0000525
308.2956555 0.0000527
308.3049693 0.0000540
308.3142831 0.0000526
308.3235568 0.0000537
308.3328706 0.0000538
308.3421844 0.0000546
308.3514682 0.0000538
308.3607820 0.0000536
308.3700557 0.0000536
308.3793695 0.0000536
308.3886533 0.0000540
308.3979671 0.0000530
308.4072709 0.0000531
308.4165547 0.0000538
308.4258684 0.0000536
308.4351522 0.0000535
308.4444560 0.0000541
308.4537398 0.0000542
308.4630536 0.0000541
308.4723373 0.0000534
308.4816411 0.0000541
308.4909249 0.0000538
308.5002387 0.0000538
308.5095225 0.0000540
308.5188363 0.0000528
308.5281100 0.0000534
308.5374238 0.0000541
308.5467076 0.0000538
308.5560214 0.0000535
308.5652952 0.0000533
308.5745789 0.0000465
308.5838927 0.0000521
308.5931765 0.0000530
308.6024803 0.0000532
308.6117641 0.0000529
308.6210779 0.0000526
308.6303616 0.0000521
308.6396354 0.0000524
308.6489492 0.0000527
308.6582330 0.0000516
308.6675468 0.0000520
308.6768206 0.0000520
308.6861043 0.0000535
308.6954181 0.0000529
308.7047019 0.0000520
308.7139757 0.0000521
308.7232895 0.0000521
308.7325733 0.0000522
308.7418570 0.0000521
308.7511608 0.0000517
308.7604446 0.0000520
308.7697284 0.0000503
308.7790422 0.0000516
308.7883160 0.0000507
308.7975997 0.0000486
308.8069135 0.0000488
308.8161973 0.0000513
308.8254711 0.0000517
308.8347549 0.0000510
308.8440687 0.0000503
308.8533525 0.0000501
308.8626262 0.0000510
308.8719100 0.0000512
308.8812238 0.0000511
308.8905076 0.0000491
308.8997814 0.0000501
308.9090652 0.0000503
308.9183790 0.0000504
308.9276627 0.0000501
308.9369365 0.0000496
308.9462203 0.0000502
308.9555041 0.0000500
308.9648179 0.0000504
308.9740917 0.0000514
308.9833754 0.0000494
308.9926592 0.0000513
309.0019430 0.0000510
309.0112168 0.0000499
309.0205306 0.0000492
309.0298144 0.0000497
309.0390982 0.0000504
309.0483719 0.0000499
309.0576557 0.0000501
309.0669395 0.0000496
309.0762133 0.0000500
309.0854971 0.0000494
309.0948109 0.0000495
309.1040947 0.0000492
309.1133684 0.0000491
309.1226522 0.0000488
309.1319360 0.0000504
309.1412198 0.0000482
309.1504936 0.0000486
309.1597774 0.0000493
309.1690612 0.0000500
309.1783449 0.0000506
309.1876187 0.0000488
309.1969025 0.0000499
309.2061863 0.0000482
309.2154701 0.0000493
309.2247439 0.0000497
309.2340277 0.0000500
309.2433115 0.0000499
309.2525852 0.0000484
309.2618690 0.0000485
309.2711528 0.0000476
309.2804366 0.0000491
309.2897104 0.0000487
309.2989942 0.0000494
309.3082780 0.0000497
309.3175618 0.0000490
309.3268355 0.0000485
309.3361193 0.0000488
309.3454031 0.0000483
309.3546869 0.0000493
309.3639607 0.0000484
309.3732445 0.0000472
309.3824983 0.0000489
309.3917720 0.0000493
309.4010558 0.0000479
309.4103396 0.0000486
309.4196234 0.0000477
309.4288972 0.0000495
309.4381810 0.0000486
309.4474648 0.0000481
309.4567186 0.0000497
309.4659924 0.0000490
309.4752761 0.0000492
309.4845599 0.0000486
309.4938337 0.0000488
309.5031175 0.0000488
309.5123713 0.0000478
309.5216551 0.0000480
309.5309289 0.0000466
309.5402127 0.0000491
309.5494965 0.0000490
309.5587502 0.0000487
309.5680240 0.0000509
