# wl 	 tx
261.9825386 0.0002801
261.9923718 0.0002248
262.0022251 0.0003047
262.0120583 0.0003782
262.0218916 0.0003777
262.0317148 0.0002781
262.0415481 0.0003217
262.0513813 0.0003341
262.0612046 0.0003573
262.0710378 0.0002971
262.0808711 0.0003929
262.0906943 0.0004019
262.1005276 0.0002921
262.1103608 0.0003388
262.1201841 0.0003678
262.1300173 0.0002950
262.1398506 0.0002794
262.1496738 0.0003962
262.1595071 0.0004275
262.1693403 0.0003100
262.1791636 0.0004066
262.1889968 0.0003069
262.1988301 0.0002588
262.2086533 0.0003141
262.2184866 0.0003300
262.2283198 0.0002965
262.2381131 0.0002605
262.2479463 0.0003498
262.2577796 0.0002892
262.2676028 0.0003241
262.2774361 0.0003435
262.2872694 0.0004466
262.2970926 0.0003154
262.3069259 0.0003903
262.3167591 0.0003979
262.3265824 0.0003105
262.3364156 0.0003321
262.3462489 0.0002554
262.3560421 0.0003731
262.3658754 0.0003877
262.3757086 0.0003819
262.3855319 0.0003171
262.3953651 0.0004085
262.4051984 0.0002581
262.4150217 0.0002662
262.4248549 0.0003496
262.4346582 0.0001718
262.4444814 0.0003294
262.4543147 0.0003620
262.4641479 0.0003132
262.4739712 0.0003299
262.4838044 0.0003487
262.4936077 0.0004022
262.5034309 0.0004364
262.5132642 0.0001952
262.5230975 0.0003566
262.5329207 0.0002694
262.5427540 0.0003696
262.5525472 0.0003079
262.5623805 0.0002813
262.5722137 0.0003702
262.5820370 0.0003572
262.5918403 0.0002827
262.6016735 0.0002624
262.6114968 0.0004262
262.6213300 0.0002641
262.6311633 0.0003587
262.6409565 0.0004342
262.6507898 0.0003672
262.6606231 0.0004143
262.6704463 0.0003247
262.6802496 0.0003786
262.6900828 0.0002968
262.6999061 0.0003159
262.7097093 0.0003408
262.7195426 0.0004162
262.7293659 0.0003498
262.7391991 0.0003624
262.7490024 0.0003636
262.7588256 0.0003108
262.7686589 0.0004266
262.7784622 0.0003792
262.7882854 0.0003728
262.7981187 0.0003951
262.8079119 0.0003007
262.8177452 0.0004359
262.8275785 0.0003328
262.8374017 0.0003467
262.8472050 0.0003199
262.8570382 0.0003608
262.8668315 0.0003952
262.8766647 0.0002594
262.8864980 0.0004304
262.8962913 0.0005766
262.9061245 0.0003434
262.9159578 0.0003020
262.9257510 0.0004367
262.9355843 0.0003092
262.9454176 0.0002553
262.9552108 0.0003632
262.9650441 0.0004455
262.9748373 0.0003698
262.9846706 0.0004565
262.9945039 0.0003092
263.0042971 0.0003984
263.0141304 0.0003046
263.0239337 0.0003324
263.0337569 0.0003803
263.0435602 0.0002912
263.0533934 0.0003904
263.0632167 0.0003262
263.0730200 0.0004112
263.0828532 0.0002991
263.0926465 0.0003601
263.1024798 0.0003275
263.1122730 0.0003330
263.1221063 0.0004306
263.1319095 0.0003497
263.1417328 0.0004449
263.1515361 0.0003395
263.1613693 0.0003540
263.1711626 0.0003544
263.1809959 0.0003916
263.1907991 0.0003343
263.2006224 0.0003877
263.2104256 0.0003214
263.2202589 0.0003874
263.2300522 0.0003808
263.2398854 0.0003687
263.2496787 0.0003486
263.2595120 0.0004407
263.2693152 0.0003424
263.2791385 0.0003643
263.2889418 0.0002991
263.2987750 0.0002655
263.3085683 0.0003849
263.3184016 0.0002650
263.3282048 0.0003251
263.3379981 0.0003794
263.3478314 0.0004187
263.3576246 0.0003769
263.3674579 0.0003742
263.3772611 0.0003077
263.3870844 0.0003990
263.3968877 0.0002873
263.4066909 0.0003792
263.4165142 0.0003997
263.4263175 0.0003882
263.4361508 0.0003684
263.4459440 0.0002560
263.4557473 0.0004063
263.4655705 0.0004301
263.4753738 0.0003650
263.4851771 0.0004500
263.4950003 0.0003036
263.5048036 0.0003755
263.5146069 0.0004084
263.5244301 0.0004534
263.5342334 0.0003882
263.5440667 0.0003309
263.5538599 0.0003914
263.5636632 0.0003042
263.5734865 0.0003350
263.5832898 0.0004386
263.5930930 0.0004304
263.6028863 0.0003642
263.6127196 0.0004430
263.6225228 0.0004454
263.6323161 0.0004269
263.6421494 0.0003351
263.6519426 0.0004263
263.6617459 0.0003798
263.6715492 0.0004102
263.6813724 0.0003451
263.6911757 0.0004766
263.7009790 0.0004660
263.7108022 0.0002689
263.7206055 0.0004996
263.7303988 0.0004138
263.7402021 0.0003631
263.7500353 0.0003831
263.7598286 0.0003570
263.7696319 0.0004559
263.7794351 0.0003122
263.7892284 0.0002982
263.7990617 0.0003157
263.8088549 0.0004032
263.8186582 0.0003960
263.8284615 0.0003592
263.8382547 0.0003982
263.8480880 0.0003697
263.8578913 0.0003936
263.8676846 0.0004836
263.8774878 0.0003493
263.8872811 0.0004515
263.8971144 0.0004973
263.9069177 0.0005094
263.9167109 0.0004202
263.9265142 0.0004333
263.9363175 0.0004204
263.9461107 0.0003847
263.9559140 0.0004573
263.9657373 0.0004765
263.9755406 0.0003332
263.9853438 0.0004722
263.9951371 0.0003745
264.0049404 0.0004145
264.0147436 0.0003664
264.0245369 0.0003709
264.0343402 0.0003745
264.0441635 0.0003231
264.0539667 0.0004628
264.0637700 0.0003985
264.0735633 0.0003982
264.0833666 0.0002842
264.0931698 0.0004946
264.1029631 0.0004198
264.1127664 0.0004834
264.1225597 0.0003873
264.1323629 0.0004220
264.1421662 0.0003716
264.1519595 0.0004581
264.1617627 0.0004567
264.1715560 0.0004176
264.1813593 0.0003918
264.1911626 0.0003727
264.2009859 0.0003923
264.2107891 0.0003826
264.2205924 0.0003735
264.2303857 0.0003943
264.2401890 0.0004385
264.2499822 0.0005549
264.2597855 0.0003845
264.2695888 0.0004714
264.2793821 0.0004385
264.2891853 0.0004395
264.2989786 0.0004927
264.3087519 0.0004029
264.3185552 0.0004613
264.3283484 0.0003583
264.3381517 0.0004257
264.3479450 0.0004286
264.3577483 0.0003777
264.3675515 0.0003593
264.3773448 0.0003718
264.3871481 0.0004443
264.3969514 0.0003855
264.4067446 0.0004536
264.4165479 0.0004233
264.4263412 0.0004231
264.4361445 0.0004047
264.4459478 0.0004248
264.4557410 0.0003709
264.4655143 0.0004275
264.4753076 0.0004653
264.4851109 0.0003642
264.4949141 0.0005039
264.5047074 0.0003882
264.5145107 0.0004919
264.5243040 0.0004344
264.5341073 0.0003111
264.5438805 0.0004595
264.5536738 0.0003848
264.5634771 0.0004629
264.5732804 0.0004448
264.5830737 0.0003446
264.5928769 0.0003803
264.6026702 0.0004426
264.6124435 0.0004762
264.6222468 0.0005082
264.6320401 0.0004158
264.6418433 0.0003727
264.6516366 0.0003775
264.6614099 0.0004739
264.6712132 0.0004552
264.6810065 0.0004503
264.6908097 0.0004626
264.7006030 0.0005050
264.7103763 0.0003690
264.7201796 0.0005591
264.7299729 0.0004358
264.7397761 0.0004040
264.7495394 0.0004455
264.7593427 0.0004411
264.7691460 0.0004625
264.7789393 0.0004938
264.7887125 0.0005729
264.7985058 0.0003945
264.8083091 0.0004863
264.8181124 0.0004519
264.8278757 0.0004377
264.8376790 0.0004459
264.8474722 0.0004561
264.8572755 0.0004040
264.8670488 0.0004539
264.8768421 0.0004529
264.8866454 0.0003592
264.8964086 0.0003900
264.9062119 0.0004862
264.9160152 0.0005125
264.9257785 0.0004331
264.9355818 0.0005261
264.9453751 0.0004875
264.9551483 0.0004935
264.9649516 0.0004445
264.9747449 0.0005554
264.9845182 0.0005853
264.9943115 0.0004993
265.0041148 0.0004876
265.0138880 0.0005339
265.0236813 0.0005610
265.0334846 0.0004632
265.0432479 0.0004506
265.0530512 0.0006036
265.0628145 0.0003957
265.0726178 0.0004381
265.0824210 0.0003766
265.0921843 0.0004085
265.1019876 0.0004290
265.1117509 0.0005265
265.1215542 0.0003691
265.1313575 0.0005140
265.1411207 0.0006201
265.1509240 0.0004128
265.1606873 0.0004689
265.1704906 0.0004564
265.1802639 0.0004323
265.1900572 0.0003657
265.1998305 0.0004637
265.2096237 0.0004936
265.2194270 0.0004436
265.2292003 0.0005477
265.2389936 0.0004222
265.2487669 0.0004229
265.2585602 0.0004853
265.2683335 0.0004425
265.2781368 0.0005035
265.2879000 0.0005650
265.2977033 0.0004787
265.3074666 0.0004632
265.3172699 0.0005078
265.3270332 0.0005002
265.3368365 0.0004431
265.3466098 0.0004721
265.3564031 0.0005082
265.3661763 0.0004513
265.3759396 0.0005052
265.3857429 0.0005070
265.3955162 0.0005500
265.4053095 0.0003788
265.4150828 0.0005259
265.4248761 0.0004840
265.4346494 0.0004607
265.4444527 0.0005235
265.4542159 0.0005683
265.4639892 0.0004712
265.4737825 0.0005487
265.4835558 0.0005226
265.4933491 0.0004660
265.5031224 0.0004743
265.5128957 0.0005510
265.5226890 0.0005340
265.5324622 0.0005158
265.5422555 0.0005046
265.5520288 0.0005620
265.5617921 0.0005546
265.5715954 0.0004819
265.5813687 0.0005666
265.5911320 0.0005342
265.6009353 0.0004848
265.6106986 0.0005115
265.6204719 0.0004588
265.6302752 0.0005693
265.6400384 0.0005307
265.6498117 0.0005172
265.6596050 0.0006366
265.6693783 0.0005553
265.6791416 0.0006018
265.6889449 0.0005642
265.6987182 0.0006295
265.7084815 0.0005463
265.7182848 0.0006709
265.7280481 0.0006084
265.7378214 0.0005174
265.7475846 0.0004679
265.7573879 0.0004697
265.7671612 0.0005920
265.7769245 0.0005719
265.7867278 0.0006140
265.7964911 0.0004805
265.8062644 0.0006248
265.8160377 0.0005928
265.8258010 0.0006199
265.8356043 0.0005392
265.8453676 0.0006099
265.8551409 0.0006275
265.8649042 0.0005551
265.8747075 0.0005996
265.8844808 0.0005422
265.8942440 0.0005424
265.9040173 0.0005194
265.9137806 0.0005884
265.9235839 0.0006157
265.9333472 0.0005224
265.9431205 0.0004795
265.9528938 0.0006053
265.9626571 0.0005753
265.9724604 0.0006354
265.9822237 0.0006449
265.9919970 0.0004597
266.0017603 0.0006176
266.0115336 0.0005553
266.0213069 0.0005874
266.0310702 0.0006161
266.0408735 0.0006521
266.0506368 0.0005226
266.0604101 0.0006015
266.0701733 0.0004780
266.0799466 0.0006218
266.0897199 0.0005803
266.0994832 0.0005541
266.1092565 0.0006456
266.1190198 0.0005230
266.1288231 0.0005523
266.1385864 0.0006267
266.1483597 0.0005888
266.1581330 0.0005696
266.1678963 0.0006362
266.1776696 0.0005903
266.1874329 0.0005318
266.1972062 0.0006055
266.2069695 0.0006081
266.2167428 0.0006332
266.2265061 0.0006806
266.2362794 0.0006883
266.2460527 0.0006393
266.2558160 0.0005166
266.2655893 0.0006247
266.2753526 0.0006738
266.2851259 0.0006721
266.2948892 0.0005700
266.3046625 0.0006973
266.3144358 0.0005676
266.3241991 0.0005600
266.3339724 0.0005708
266.3437357 0.0006770
266.3535090 0.0007090
266.3632723 0.0006106
266.3730456 0.0006544
266.3828089 0.0006914
266.3925822 0.0005911
266.4023555 0.0005722
266.4121188 0.0006815
266.4218921 0.0006874
266.4316554 0.0006451
266.4414287 0.0006955
266.4511920 0.0006467
266.4609653 0.0007703
266.4707386 0.0006389
266.4805019 0.0006781
266.4902752 0.0006268
266.5000385 0.0006778
266.5097818 0.0006343
266.5195451 0.0005963
266.5293184 0.0007330
266.5390817 0.0006742
266.5488550 0.0006227
266.5586283 0.0007197
266.5683916 0.0006324
266.5781649 0.0007312
266.5878982 0.0007188
266.5976715 0.0007437
266.6074348 0.0006949
266.6172081 0.0006614
266.6269714 0.0007397
266.6367447 0.0007440
266.6465180 0.0006622
266.6562513 0.0007519
266.6660246 0.0006940
266.6757879 0.0007945
266.6855612 0.0007523
266.6953245 0.0006767
266.7050678 0.0006942
266.7148311 0.0007494
266.7246044 0.0007814
266.7343677 0.0006440
266.7441410 0.0007271
266.7538843 0.0006720
266.7636476 0.0008603
266.7734209 0.0007574
266.7831842 0.0007136
266.7929575 0.0007738
266.8026908 0.0007639
266.8124641 0.0006626
266.8222274 0.0008427
266.8320007 0.0008469
266.8417440 0.0006930
266.8515073 0.0007639
266.8612806 0.0006935
266.8710139 0.0007210
266.8807873 0.0007764
266.8905506 0.0007505
266.9003239 0.0007742
266.9100572 0.0007214
266.9198305 0.0007123
266.9295938 0.0007391
266.9393371 0.0008951
266.9491104 0.0008155
266.9588737 0.0008310
266.9686170 0.0008510
266.9783803 0.0007806
266.9881536 0.0007737
266.9978869 0.0008338
267.0076602 0.0008771
267.0174235 0.0008560
267.0271668 0.0008336
267.0369301 0.0007510
267.0467034 0.0007579
267.0564467 0.0008626
267.0662101 0.0008551
267.0759834 0.0007371
267.0857167 0.0008234
267.0954900 0.0008381
267.1052233 0.0007878
267.1149966 0.0008899
267.1247599 0.0008296
267.1345032 0.0008371
267.1442665 0.0008677
267.1540098 0.0008987
267.1637831 0.0008587
267.1735464 0.0008378
267.1832897 0.0008723
267.1930531 0.0008521
267.2027964 0.0008980
267.2125597 0.0008504
267.2223030 0.0009395
267.2320663 0.0008631
267.2418096 0.0009004
267.2515729 0.0009955
267.2613162 0.0009093
267.2710795 0.0009199
267.2808528 0.0008127
267.2905961 0.0008561
267.3003594 0.0008912
267.3101028 0.0009517
267.3198661 0.0008345
267.3296094 0.0008876
267.3393727 0.0009155
267.3491160 0.0009576
267.3588493 0.0009963
267.3686226 0.0009633
267.3783559 0.0009348
267.3881292 0.0010166
267.3978625 0.0009912
267.4076359 0.0010084
267.4173692 0.0009603
267.4271425 0.0009796
267.4368858 0.0009925
267.4466491 0.0009915
267.4563924 0.0009863
267.4661257 0.0010088
267.4758990 0.0009802
267.4856323 0.0009882
267.4954056 0.0009907
267.5051390 0.0009777
267.5149123 0.0010089
267.5246456 0.0010522
267.5343889 0.0009800
267.5441522 0.0010218
267.5538955 0.0010461
267.5636288 0.0010876
267.5734021 0.0010920
267.5831454 0.0010064
267.5929088 0.0010830
267.6026521 0.0010891
267.6123854 0.0010526
267.6221587 0.0011705
267.6318920 0.0011163
267.6416353 0.0011168
267.6513986 0.0011219
267.6611420 0.0010443
267.6708753 0.0011527
267.6806486 0.0011293
267.6903819 0.0012260
267.7001252 0.0010292
267.7098885 0.0011259
267.7196318 0.0011527
267.7293651 0.0011601
267.7391085 0.0011016
267.7488818 0.0012565
267.7586151 0.0011700
267.7683584 0.0012380
267.7781217 0.0012552
267.7878650 0.0012312
267.7975983 0.0010967
267.8073417 0.0011551
267.8171050 0.0011861
267.8268483 0.0012247
267.8365816 0.0012112
267.8463249 0.0011837
267.8560882 0.0012146
267.8658315 0.0012478
267.8755649 0.0012207
267.8853082 0.0011959
267.8950415 0.0013113
267.9048148 0.0012703
267.9145481 0.0012065
267.9242914 0.0012964
267.9340247 0.0012605
267.9437681 0.0013058
267.9535314 0.0013090
267.9632747 0.0013364
267.9730180 0.0013236
267.9827513 0.0012810
267.9924946 0.0013494
268.0022280 0.0013942
268.0120013 0.0013703
268.0217346 0.0014114
268.0314779 0.0013616
268.0412112 0.0012864
268.0509546 0.0013820
268.0606879 0.0014421
268.0704312 0.0014378
268.0801645 0.0014264
268.0899378 0.0013504
268.0996711 0.0013500
268.1094145 0.0013507
268.1191478 0.0014461
268.1288911 0.0014360
268.1386244 0.0013620
268.1483677 0.0013524
268.1581010 0.0015317
268.1678444 0.0014141
268.1775777 0.0016039
268.1873210 0.0015489
268.1970543 0.0015130
268.2068276 0.0015755
268.2165610 0.0016603
268.2263043 0.0014993
268.2360376 0.0015152
268.2457809 0.0016395
268.2555142 0.0016087
268.2652576 0.0016274
268.2749909 0.0015894
268.2847342 0.0015112
268.2944775 0.0015710
268.3042108 0.0016566
268.3139542 0.0016144
268.3236875 0.0017021
268.3334308 0.0015444
268.3431641 0.0016402
268.3529074 0.0017037
268.3626408 0.0016331
268.3723841 0.0016498
268.3821174 0.0015734
268.3918607 0.0016891
268.4015940 0.0017378
268.4113074 0.0017163
268.4210407 0.0018384
268.4307840 0.0017331
268.4405173 0.0017753
268.4502606 0.0018501
268.4599940 0.0018522
268.4697373 0.0017706
268.4794706 0.0018170
268.4892139 0.0018112
268.4989473 0.0017814
268.5086906 0.0018296
268.5184239 0.0018455
268.5281372 0.0019675
268.5378705 0.0019884
268.5476139 0.0019833
268.5573472 0.0019871
268.5670905 0.0019238
268.5768238 0.0019448
268.5865672 0.0019331
268.5963005 0.0020652
268.6060138 0.0021099
268.6157471 0.0021175
268.6254904 0.0021325
268.6352238 0.0020699
268.6449671 0.0020323
268.6547004 0.0021018
268.6644137 0.0022636
268.6741471 0.0023129
268.6838904 0.0021775
268.6936237 0.0022141
268.7033670 0.0022376
268.7130704 0.0022927
268.7228137 0.0022846
268.7325470 0.0023314
268.7422903 0.0022950
268.7520237 0.0023683
268.7617370 0.0023617
268.7714703 0.0022685
268.7812136 0.0024693
268.7909470 0.0022885
268.8006603 0.0024321
268.8103936 0.0024447
268.8201369 0.0026055
268.8298703 0.0024206
268.8395836 0.0025111
268.8493169 0.0025118
268.8590602 0.0025764
268.8687636 0.0025838
268.8785069 0.0026089
268.8882402 0.0027524
268.8979835 0.0027390
268.9076869 0.0027833
268.9174302 0.0026709
268.9271635 0.0028252
268.9368768 0.0028491
268.9466102 0.0028870
268.9563535 0.0028948
268.9660568 0.0028752
268.9758001 0.0030122
268.9855335 0.0031043
268.9952468 0.0030132
269.0049801 0.0030188
269.0147235 0.0031133
269.0244268 0.0031193
269.0341701 0.0031231
269.0438734 0.0032201
269.0536168 0.0031566
269.0633501 0.0032166
269.0730634 0.0032549
269.0827968 0.0033517
269.0925101 0.0033560
269.1022434 0.0033810
269.1119867 0.0033711
269.1216901 0.0034596
269.1314334 0.0035556
269.1411367 0.0035796
269.1508700 0.0036701
269.1605834 0.0036541
269.1703167 0.0036782
269.1800600 0.0038010
269.1897634 0.0037671
269.1995067 0.0038431
269.2092100 0.0039134
269.2189534 0.0039460
269.2286567 0.0039741
269.2384000 0.0040587
269.2481033 0.0040998
269.2578467 0.0041857
269.2675500 0.0041858
269.2772933 0.0041459
269.2869967 0.0043831
269.2967400 0.0043471
269.3064433 0.0044770
269.3161867 0.0044530
269.3258900 0.0046063
269.3356333 0.0046098
269.3453366 0.0047776
269.3550800 0.0047585
269.3647833 0.0047708
269.3745266 0.0047613
269.3842300 0.0049822
269.3939733 0.0050716
269.4036766 0.0051191
269.4133900 0.0053407
269.4231233 0.0053181
269.4328366 0.0052935
269.4425700 0.0054736
269.4522733 0.0054633
269.4619866 0.0055901
269.4717200 0.0055135
269.4814333 0.0058270
269.4911666 0.0057859
269.5008800 0.0058377
269.5105833 0.0058949
269.5203266 0.0060561
269.5300299 0.0062480
269.5397733 0.0062617
269.5494766 0.0063427
269.5591899 0.0064765
269.5689233 0.0066074
269.5786366 0.0065120
269.5883399 0.0066101
269.5980833 0.0068446
269.6077866 0.0068946
269.6174999 0.0070452
269.6272333 0.0072825
269.6369466 0.0071729
269.6466499 0.0073323
269.6563933 0.0073377
269.6660966 0.0075056
269.6758000 0.0075968
269.6855133 0.0078434
269.6952466 0.0078181
269.7049600 0.0079052
269.7146633 0.0080373
269.7244066 0.0081376
269.7341100 0.0083843
269.7438233 0.0084778
269.7535266 0.0085182
269.7632700 0.0087626
269.7729733 0.0089217
269.7826866 0.0089810
269.7923900 0.0091489
269.8021333 0.0092749
269.8118366 0.0093686
269.8215500 0.0095623
269.8312533 0.0095159
269.8409566 0.0097427
269.8507000 0.0098757
269.8604033 0.0099562
269.8701167 0.0100510
269.8798200 0.0103315
269.8895333 0.0103817
269.8992667 0.0105773
269.9089800 0.0107771
269.9186833 0.0108948
269.9283967 0.0110127
269.9381000 0.0110317
269.9478134 0.0114212
269.9575467 0.0115850
269.9672600 0.0116487
269.9769634 0.0117641
269.9866767 0.0119922
269.9963800 0.0123046
270.0060834 0.0123363
270.0157967 0.0126235
270.0255000 0.0127709
270.0352434 0.0128865
270.0449467 0.0131109
270.0546601 0.0131812
270.0643634 0.0135333
270.0740767 0.0136133
270.0837801 0.0137635
270.0934934 0.0140223
270.1031968 0.0141960
270.1129101 0.0144906
270.1226134 0.0146015
270.1323168 0.0148534
270.1420301 0.0150272
270.1517335 0.0152650
270.1614468 0.0155603
270.1711801 0.0156063
270.1808935 0.0158929
270.1905968 0.0161563
270.2003102 0.0162023
270.2100135 0.0167821
270.2197268 0.0167800
270.2294302 0.0172259
270.2391435 0.0172731
270.2488469 0.0175184
270.2585502 0.0179175
270.2682635 0.0180587
270.2779669 0.0183574
270.2876802 0.0186622
270.2973836 0.0190056
270.3070669 0.0193563
270.3167702 0.0195098
270.3264836 0.0196760
270.3361869 0.0199183
270.3459003 0.0204485
270.3556036 0.0208901
270.3653069 0.0209237
270.3750203 0.0210786
270.3847236 0.0217497
270.3944370 0.0219648
270.4041403 0.0223354
270.4138537 0.0227021
270.4235570 0.0231307
270.4332703 0.0235020
270.4429437 0.0238486
270.4526570 0.0242017
270.4623604 0.0245293
270.4720637 0.0250891
270.4817771 0.0252985
270.4914804 0.0260009
270.5011937 0.0262443
270.5108971 0.0266124
270.5205804 0.0271218
270.5302838 0.0276200
270.5399971 0.0279775
270.5497005 0.0285357
270.5594138 0.0289418
270.5691171 0.0293672
270.5787905 0.0297964
270.5885038 0.0306344
270.5982072 0.0313173
270.6079205 0.0316076
270.6176239 0.0322161
270.6273072 0.0327915
270.6370105 0.0334407
270.6467239 0.0339248
270.6564272 0.0346398
270.6661306 0.0352588
270.6758139 0.0360023
270.6855173 0.0364359
270.6952306 0.0369859
270.7049340 0.0377304
270.7146173 0.0387004
270.7243207 0.0394121
270.7340340 0.0400496
270.7437373 0.0409150
270.7534107 0.0414825
270.7631240 0.0427863
270.7728274 0.0432981
270.7825407 0.0441509
270.7922141 0.0449402
270.8019274 0.0457181
270.8116308 0.0466559
270.8213141 0.0475500
270.8310175 0.0486558
270.8407208 0.0496315
270.8504041 0.0505954
270.8601075 0.0514958
270.8698208 0.0526191
270.8794942 0.0535430
270.8892075 0.0546047
270.8989109 0.0558877
270.9085942 0.0566336
270.9182976 0.0580310
270.9280009 0.0591045
270.9376843 0.0601639
270.9473876 0.0614875
270.9570710 0.0629746
270.9667743 0.0639212
270.9764877 0.0653124
270.9861610 0.0667355
270.9958744 0.0678803
271.0055777 0.0693334
271.0152511 0.0706050
271.0249644 0.0719932
271.0346377 0.0734328
271.0443511 0.0751384
271.0540244 0.0762045
271.0637378 0.0780843
271.0734412 0.0793936
271.0831145 0.0811240
271.0928278 0.0824043
271.1025012 0.0841411
271.1122145 0.0860182
271.1218879 0.0876511
271.1316012 0.0890515
271.1412746 0.0909379
271.1509779 0.0925907
271.1606613 0.0942837
271.1703646 0.0961465
271.1800480 0.0976608
271.1897513 0.0995442
271.1994347 0.1018363
271.2091380 0.1035301
271.2188214 0.1052363
271.2285247 0.1071720
271.2381981 0.1092405
271.2479114 0.1116457
271.2575848 0.1131617
271.2672981 0.1154951
271.2769715 0.1171373
271.2866849 0.1190922
271.2963582 0.1215715
271.3060315 0.1235226
271.3157449 0.1258605
271.3254182 0.1279349
271.3351316 0.1303820
271.3448050 0.1316210
271.3545183 0.1344163
271.3641917 0.1367339
271.3738650 0.1389238
271.3835784 0.1414102
271.3932517 0.1433758
271.4029651 0.1454084
271.4126384 0.1480465
271.4223218 0.1501627
271.4320251 0.1519380
271.4416985 0.1549460
271.4513818 0.1571352
271.4610852 0.1591943
271.4707685 0.1620324
271.4804419 0.1642484
271.4901552 0.1664251
271.4998286 0.1691400
271.5095019 0.1715879
271.5192153 0.1736535
271.5288887 0.1764797
271.5385720 0.1794601
271.5482754 0.1811539
271.5579487 0.1840873
271.5676321 0.1861820
271.5773354 0.1891748
271.5870188 0.1912830
271.5966921 0.1936265
271.6063755 0.1958734
271.6160788 0.1987378
271.6257522 0.2014398
271.6354355 0.2040166
271.6451089 0.2064785
271.6548223 0.2087674
271.6644956 0.2115718
271.6741790 0.2143385
271.6838523 0.2163746
271.6935557 0.2192537
271.7032390 0.2215886
271.7129124 0.2243282
271.7225957 0.2272155
271.7322691 0.2301023
271.7419725 0.2327315
271.7516558 0.2346141
271.7613292 0.2379213
271.7710125 0.2402257
271.7806859 0.2426748
271.7903992 0.2454640
271.8000726 0.2485882
271.8097459 0.2511432
271.8194293 0.2536566
271.8291027 0.2568986
271.8387860 0.2588983
271.8484894 0.2617935
271.8581627 0.2646731
271.8678461 0.2672252
271.8775194 0.2697549
271.8872028 0.2726385
271.8968762 0.2754215
271.9065595 0.2779448
271.9162329 0.2807601
271.9259362 0.2835084
271.9356196 0.2863005
271.9452929 0.2887219
271.9549763 0.2917050
271.9646497 0.2952250
271.9743230 0.2979430
271.9840064 0.2989089
271.9936797 0.3034658
272.0033631 0.3051735
272.0130365 0.3083357
272.0227098 0.3114006
272.0323932 0.3131417
272.0420665 0.3173477
272.0517499 0.3189012
272.0614232 0.3223059
272.0710966 0.3251280
272.0807800 0.3272013
272.0904533 0.3301058
272.1001367 0.3326855
272.1098100 0.3359599
272.1194934 0.3379893
272.1291668 0.3407901
272.1388401 0.3439651
272.1485235 0.3464014
272.1581968 0.3489160
272.1678802 0.3513283
272.1775536 0.3544978
272.1872269 0.3564706
272.1969103 0.3593468
272.2065836 0.3618322
272.2162670 0.3645911
272.2259404 0.3673341
272.2356137 0.3686735
272.2452971 0.3716258
272.2549704 0.3740136
272.2646538 0.3769454
272.2743272 0.3789723
272.2840005 0.3819854
272.2936839 0.3839347
272.3033272 0.3859972
272.3130106 0.3880078
272.3226840 0.3899038
272.3323573 0.3934721
272.3420407 0.3942356
272.3517141 0.3964266
272.3613974 0.3999265
272.3710708 0.4007732
272.3807141 0.4027219
272.3903975 0.4062272
272.4000709 0.4076789
272.4097542 0.4096012
272.4194276 0.4113821
272.4291010 0.4129904
272.4387543 0.4142917
272.4484277 0.4168673
272.4581110 0.4178143
272.4677844 0.4208378
272.4774578 0.4215334
272.4871111 0.4234971
272.4967845 0.4238569
272.5064679 0.4261282
272.5161412 0.4278286
272.5258146 0.4301171
272.5354680 0.4296256
272.5451413 0.4310486
272.5548247 0.4328591
272.5644980 0.4337751
272.5741414 0.4351556
272.5838248 0.4375749
272.5934981 0.4380434
272.6031815 0.4389214
272.6128249 0.4397303
272.6224982 0.4400386
272.6321816 0.4409837
272.6418550 0.4427702
272.6514983 0.4432255
272.6611817 0.4449796
272.6708551 0.4439116
272.6805084 0.4453017
272.6901818 0.4464995
272.6998552 0.4464043
272.7095085 0.4473843
272.7191819 0.4474706
272.7288653 0.4471331
272.7385086 0.4493035
272.7481820 0.4487056
272.7578653 0.4484190
272.7675087 0.4490125
272.7771921 0.4502892
272.7868654 0.4489416
272.7965088 0.4506288
272.8061922 0.4497174
272.8158355 0.4506046
272.8255189 0.4510342
272.8351923 0.4491009
272.8448356 0.4515501
272.8545190 0.4507010
272.8641924 0.4505458
272.8738357 0.4504815
272.8835191 0.4512943
272.8931625 0.4507504
272.9028458 0.4507124
272.9124892 0.4507995
272.9221626 0.4500183
272.9318460 0.4513253
272.9414893 0.4508858
272.9511727 0.4508672
272.9608161 0.4505282
272.9704894 0.4490436
272.9801428 0.4494134
272.9898162 0.4503868
272.9994595 0.4502977
273.0091429 0.4486993
273.0187863 0.4493141
273.0284696 0.4484956
273.0381130 0.4491390
273.0477864 0.4488877
273.0574397 0.4461599
273.0671131 0.4472725
273.0767565 0.4462311
273.0864398 0.4467719
273.0960832 0.4464440
273.1057666 0.4468229
273.1154100 0.4467775
273.1250833 0.4452700
273.1347367 0.4444121
273.1443801 0.4445940
273.1540634 0.4452921
273.1637068 0.4433855
273.1733802 0.4452714
273.1830335 0.4436852
273.1926769 0.4447180
273.2023503 0.4424794
273.2120037 0.4431435
273.2216770 0.4417620
273.2313304 0.4414918
273.2409738 0.4413464
273.2506471 0.4417167
273.2603005 0.4401798
273.2699739 0.4408859
273.2796172 0.4384861
273.2892706 0.4405740
273.2989440 0.4385606
273.3085974 0.4389377
273.3182407 0.4393230
273.3279141 0.4372708
273.3375675 0.4384617
273.3472108 0.4363044
273.3568842 0.4375069
273.3665376 0.4377980
273.3761810 0.4358229
273.3858643 0.4365602
273.3955077 0.4354347
273.4051511 0.4370344
273.4148345 0.4361697
273.4244778 0.4338578
273.4341212 0.4360354
273.4437746 0.4332860
273.4534480 0.4331330
273.4630913 0.4347986
273.4727447 0.4333299
273.4823881 0.4327479
273.4920714 0.4336551
273.5017148 0.4328375
273.5113582 0.4336829
273.5210116 0.4318707
273.5306849 0.4322991
273.5403283 0.4315840
273.5499817 0.4309153
273.5596251 0.4318691
273.5692684 0.4305420
273.5789518 0.4307043
273.5885952 0.4289033
273.5982486 0.4306773
273.6078919 0.4300892
273.6175353 0.4283463
273.6272187 0.4301979
273.6368621 0.4283224
273.6465054 0.4294830
273.6561588 0.4288455
273.6658022 0.4274669
273.6754555 0.4278791
273.6850989 0.4277567
273.6947723 0.4269853
273.7044257 0.4290897
273.7140691 0.4272236
273.7237124 0.4267688
273.7333658 0.4274756
273.7430092 0.4261116
273.7526526 0.4279384
273.7623059 0.4269232
273.7719493 0.4267200
273.7816327 0.4263450
273.7912761 0.4267659
273.8009194 0.4261982
273.8105728 0.4253444
273.8202162 0.4269056
273.8298596 0.4242665
273.8395129 0.4265304
273.8491563 0.4263610
273.8587997 0.4254868
273.8684531 0.4243741
273.8780964 0.4251704
273.8877398 0.4253952
273.8973932 0.4256788
273.9070366 0.4241556
273.9166800 0.4246338
273.9263333 0.4258378
273.9359767 0.4247027
273.9456301 0.4251326
273.9552735 0.4244856
273.9649168 0.4231578
273.9745702 0.4261184
273.9842136 0.4246803
273.9938570 0.4243575
274.0035104 0.4250980
274.0131537 0.4250457
274.0227971 0.4253362
274.0324505 0.4244697
274.0420939 0.4239724
274.0517373 0.4249803
274.0613906 0.4242455
274.0710340 0.4259280
274.0806874 0.4244104
274.0903008 0.4238035
274.0999441 0.4253012
274.1095975 0.4240365
274.1192409 0.4253148
274.1288843 0.4242008
274.1385377 0.4254157
274.1481810 0.4255052
274.1578244 0.4237421
274.1674778 0.4254134
274.1770912 0.4244954
274.1867346 0.4249421
274.1963879 0.4242669
274.2060313 0.4244122
274.2156747 0.4242248
274.2253281 0.4260662
274.2349715 0.4246039
274.2445848 0.4250929
274.2542382 0.4245613
274.2638816 0.4244800
274.2735250 0.4257850
274.2831784 0.4235461
274.2927918 0.4259111
274.3024451 0.4245023
274.3120885 0.4259244
274.3217319 0.4255298
274.3313853 0.4256086
274.3409987 0.4243195
274.3506420 0.4228621
274.3602954 0.4250055
274.3699388 0.4263486
274.3795522 0.4246835
274.3892056 0.4237527
274.3988490 0.4243221
274.4084923 0.4250266
274.4181157 0.4242443
274.4277591 0.4245049
274.4374025 0.4230096
274.4470559 0.4238394
274.4566692 0.4223141
274.4663126 0.4214179
274.4759660 0.4244866
274.4855794 0.4224849
274.4952228 0.4232008
274.5048762 0.4227038
274.5144895 0.4219050
274.5241329 0.4196855
274.5337863 0.4230134
274.5433997 0.4210116
274.5530431 0.4208125
274.5626965 0.4222798
274.5723098 0.4206922
274.5819532 0.4205915
274.5916066 0.4198609
274.6012200 0.4202078
274.6108634 0.4199644
274.6204868 0.4180592
274.6301302 0.4205880
274.6397735 0.4181482
274.6493969 0.4184389
274.6590403 0.4170820
274.6686537 0.4184759
274.6783071 0.4160318
274.6879505 0.4177104
274.6975638 0.4157559
274.7072172 0.4175596
274.7168306 0.4154691
274.7264740 0.4156049
274.7360974 0.4148689
274.7457408 0.4153807
274.7553842 0.4132857
274.7650075 0.4134427
274.7746509 0.4131435
274.7842643 0.4118465
274.7939177 0.4136157
274.8035311 0.4124601
274.8131745 0.4118335
274.8227979 0.4128695
274.8324413 0.4111895
274.8420546 0.4101779
274.8517080 0.4095413
274.8613214 0.4111064
274.8709648 0.4107491
274.8805882 0.4092097
274.8902316 0.4105045
274.8998450 0.4095904
274.9094683 0.4081963
274.9191117 0.4095544
274.9287251 0.4084524
274.9383785 0.4068176
274.9479919 0.4088777
274.9576353 0.4089502
274.9672587 0.4063526
274.9768721 0.4081328
274.9865154 0.4074815
274.9961388 0.4065716
275.0057822 0.4071456
275.0153956 0.4063917
275.0250190 0.4066362
275.0346624 0.4084786
275.0442758 0.4039372
275.0539292 0.4076059
275.0635426 0.4077697
275.0731559 0.4071299
275.0828093 0.4078721
275.0924227 0.4061371
275.1020361 0.4072234
275.1116895 0.4078978
275.1213029 0.4059467
275.1309163 0.4065450
275.1405597 0.4076875
275.1501831 0.4061438
275.1597964 0.4089037
275.1694398 0.4073534
275.1790632 0.4061657
275.1886766 0.4075210
275.1983200 0.4076838
275.2079434 0.4097791
275.2175568 0.4088547
275.2271702 0.4099241
275.2368236 0.4087241
275.2464370 0.4095903
275.2560503 0.4119293
275.2656737 0.4109363
275.2753171 0.4102944
275.2849305 0.4110158
275.2945539 0.4133094
275.3041673 0.4116282
275.3138107 0.4126229
275.3234241 0.4119827
275.3330475 0.4154363
275.3426609 0.4141415
275.3522743 0.4160112
275.3619277 0.4161548
275.3715410 0.4161375
275.3811544 0.4175899
275.3907778 0.4177617
275.4003912 0.4177735
275.4100346 0.4183716
275.4196580 0.4193118
275.4292714 0.4189563
275.4388848 0.4197290
275.4485082 0.4224418
275.4581216 0.4226351
275.4677350 0.4215274
275.4773884 0.4239003
275.4870018 0.4249949
275.4966151 0.4279716
275.5062285 0.4233431
275.5158519 0.4266484
275.5254653 0.4269889
275.5350787 0.4283594
275.5447021 0.4295454
275.5543155 0.4300406
275.5639589 0.4312348
275.5735823 0.4337050
275.5831957 0.4319957
275.5928091 0.4328216
275.6024325 0.4346988
275.6120459 0.4355642
275.6216593 0.4357115
275.6312727 0.4381739
275.6408961 0.4384144
275.6505094 0.4381490
275.6601228 0.4396098
275.6697462 0.4384594
275.6793596 0.4407386
275.6889730 0.4412269
275.6985964 0.4409695
275.7082098 0.4451337
275.7178232 0.4459400
275.7274366 0.4464257
275.7370600 0.4462899
275.7466734 0.4472940
275.7562868 0.4465443
275.7659102 0.4498258
275.7755236 0.4508335
275.7851370 0.4505850
275.7947604 0.4505672
275.8043738 0.4531586
275.8139872 0.4528782
275.8236006 0.4529839
275.8332240 0.4545222
275.8428374 0.4556471
275.8524207 0.4559919
275.8620441 0.4567097
275.8716575 0.4567330
275.8812709 0.4591416
275.8908943 0.4580091
275.9005077 0.4594544
275.9101211 0.4614656
275.9197345 0.4617281
275.9293579 0.4630677
275.9389413 0.4636263
275.9485547 0.4643057
275.9581781 0.4648251
275.9677915 0.4649896
275.9774049 0.4661732
275.9870283 0.4667198
275.9966417 0.4678986
276.0062251 0.4675342
276.0158385 0.4688107
276.0254619 0.4693691
276.0350753 0.4698117
276.0446887 0.4706654
276.0542821 0.4708425
276.0638955 0.4714147
276.0735089 0.4725624
276.0831223 0.4729252
276.0927457 0.4736758
276.1023291 0.4740926
276.1119425 0.4746522
276.1215659 0.4758053
276.1311793 0.4763280
276.1407627 0.4756746
276.1503861 0.4766424
276.1599995 0.4773528
276.1696129 0.4785532
276.1791963 0.4776092
276.1888197 0.4783815
276.1984331 0.4793581
276.2080465 0.4798516
276.2176399 0.4805452
276.2272533 0.4803727
276.2368667 0.4809598
276.2464501 0.4826758
276.2560735 0.4835017
276.2656869 0.4831759
276.2752703 0.4839548
276.2848937 0.4847804
276.2945071 0.4858807
276.3040905 0.4848973
276.3137039 0.4859824
276.3233273 0.4863664
276.3329107 0.4872551
276.3425241 0.4886270
276.3521475 0.4887001
276.3617309 0.4890132
276.3713443 0.4896333
276.3809277 0.4894446
276.3905511 0.4900385
276.4001645 0.4909590
276.4097479 0.4917809
276.4193713 0.4921860
276.4289547 0.4923284
276.4385681 0.4923204
276.4481815 0.4938408
276.4577749 0.4932750
276.4673883 0.4948011
276.4769717 0.4950846
276.4865951 0.4951237
276.4961785 0.4959681
276.5057919 0.4969629
276.5153753 0.4968279
276.5249987 0.4976938
276.5346121 0.4976035
276.5441955 0.4976017
276.5538089 0.4991939
276.5634023 0.4993299
276.5730157 0.4995445
276.5825991 0.5003189
276.5922225 0.5003366
276.6018059 0.5012891
276.6114194 0.5014367
276.6210028 0.5025807
276.6305962 0.5020149
276.6402096 0.5021511
276.6497930 0.5024255
276.6594164 0.5028073
276.6689998 0.5027339
276.6786132 0.5028765
276.6881966 0.5044526
276.6978200 0.5047451
276.7074034 0.5046548
276.7169868 0.5048724
276.7266002 0.5044733
276.7361936 0.5054586
276.7458070 0.5059143
276.7553904 0.5053692
276.7649838 0.5055678
276.7745972 0.5068030
276.7841806 0.5064500
276.7937940 0.5062605
276.8033874 0.5067982
276.8129708 0.5063485
276.8225843 0.5066921
276.8321677 0.5067939
276.8417611 0.5071885
276.8513745 0.5074157
276.8609579 0.5068321
276.8705413 0.5065155
276.8801647 0.5066390
276.8897481 0.5067616
276.8993315 0.5071126
276.9089549 0.5073047
276.9185383 0.5073343
276.9281217 0.5069673
276.9377351 0.5065976
276.9473285 0.5062749
276.9569119 0.5060581
276.9664953 0.5059132
276.9761088 0.5055706
276.9857022 0.5057961
276.9952856 0.5060404
277.0048690 0.5054038
277.0144924 0.5050732
277.0240758 0.5048217
277.0336592 0.5044833
277.0432426 0.5040405
277.0528660 0.5039072
277.0624494 0.5025526
277.0720328 0.5028228
277.0816162 0.5018409
277.0912096 0.5021312
277.1008231 0.5014394
277.1104065 0.5008496
277.1199899 0.5002293
277.1295833 0.5000110
277.1391667 0.4992641
277.1487501 0.4984167
277.1583635 0.4983008
277.1679569 0.4980170
277.1775403 0.4977372
277.1871237 0.4977300
277.1967071 0.4972363
277.2063005 0.4964959
277.2159140 0.4960326
277.2254974 0.4954943
277.2350908 0.4948473
277.2446742 0.4944798
277.2542576 0.4938139
277.2638410 0.4936550
277.2734344 0.4928633
277.2830178 0.4921912
277.2926012 0.4918545
277.3021846 0.4911546
277.3117781 0.4898842
277.3213915 0.4895326
277.3309749 0.4894941
277.3405583 0.4886637
277.3501517 0.4889352
277.3597351 0.4882400
277.3693185 0.4878205
277.3789019 0.4866085
277.3884953 0.4864862
277.3980788 0.4853312
277.4076622 0.4855218
277.4172456 0.4847307
277.4268390 0.4849431
277.4364224 0.4850999
277.4460058 0.4832248
277.4555892 0.4828540
277.4651826 0.4828490
277.4747660 0.4823333
277.4843495 0.4826202
277.4939329 0.4816777
277.5035263 0.4814569
277.5131097 0.4806206
277.5226931 0.4809654
277.5322765 0.4805376
277.5418699 0.4800288
277.5514233 0.4803104
277.5610067 0.4799352
277.5705902 0.4799966
277.5801836 0.4786491
277.5897670 0.4790052
277.5993504 0.4792391
277.6089338 0.4781181
277.6185272 0.4781287
277.6281106 0.4795386
277.6376941 0.4784767
277.6472475 0.4787870
277.6568409 0.4777531
277.6664243 0.4783728
277.6760077 0.4782674
277.6855911 0.4779348
277.6951845 0.4792188
277.7047680 0.4782439
277.7143214 0.4785909
277.7239048 0.4777543
277.7334982 0.4777389
277.7430816 0.4786235
277.7526650 0.4794114
277.7622484 0.4791074
277.7718018 0.4792394
277.7813953 0.4785811
277.7909787 0.4798949
277.8005621 0.4786003
277.8101155 0.4787909
277.8197089 0.4795899
277.8292923 0.4803289
277.8388758 0.4796689
277.8484592 0.4798324
277.8580226 0.4803426
277.8676060 0.4801980
277.8771894 0.4807079
277.8867428 0.4809681
277.8963362 0.4806746
277.9059197 0.4812080
277.9155031 0.4816449
277.9250565 0.4810167
277.9346499 0.4814516
277.9442333 0.4823033
277.9537867 0.4820896
277.9633702 0.4820828
277.9729636 0.4827411
277.9825470 0.4828205
277.9921004 0.4830549
278.0016838 0.4833255
278.0112372 0.4844602
278.0208307 0.4840076
278.0304141 0.4842409
278.0399675 0.4843512
278.0495509 0.4845982
278.0591443 0.4844277
278.0686977 0.4851987
278.0782812 0.4850542
278.0878646 0.4852958
278.0974280 0.4850279
278.1070114 0.4854651
278.1165648 0.4863995
278.1261482 0.4855721
278.1357317 0.4857255
278.1452951 0.4854577
278.1548785 0.4864247
278.1644319 0.4858917
278.1740153 0.4861515
278.1835788 0.4862473
278.1931622 0.4865442
278.2027456 0.4858981
278.2122990 0.4861758
278.2218924 0.4856572
278.2314458 0.4865265
278.2410293 0.4861329
278.2505827 0.4858969
278.2601661 0.4861762
278.2697295 0.4862838
278.2793129 0.4847391
278.2888664 0.4849041
278.2984498 0.4843794
278.3080132 0.4843007
278.3175966 0.4853769
278.3271500 0.4855188
278.3367335 0.4846366
278.3462869 0.4832774
278.3558503 0.4821020
278.3654337 0.4824720
278.3749871 0.4823879
278.3845706 0.4821526
278.3941340 0.4818759
278.4037174 0.4813757
278.4132708 0.4811951
278.4228542 0.4803565
278.4324077 0.4797410
278.4419711 0.4786406
278.4515545 0.4780114
278.4611079 0.4775864
278.4706613 0.4772317
278.4802548 0.4767761
278.4898082 0.4751943
278.4993916 0.4739059
278.5089450 0.4741866
278.5184984 0.4733568
278.5280919 0.4726039
278.5376453 0.4716953
278.5471987 0.4703562
278.5567821 0.4699882
278.5663456 0.4696773
278.5758990 0.4677489
278.5854824 0.4672012
278.5950358 0.4672205
278.6045892 0.4658322
278.6141827 0.4644132
278.6237361 0.4639267
278.6332895 0.4637289
278.6428429 0.4622680
278.6524264 0.4604712
278.6619898 0.4591715
278.6715432 0.4596646
278.6811266 0.4578055
278.6906801 0.4559808
278.7002435 0.4555136
278.7097969 0.4553537
278.7193803 0.4548401
278.7289337 0.4526075
278.7384872 0.4522418
278.7480506 0.4513182
278.7576040 0.4495926
278.7671874 0.4480488
278.7767409 0.4469174
278.7862943 0.4459333
278.7958577 0.4450238
278.8054111 0.4446963
278.8149946 0.4450386
278.8245480 0.4432737
278.8341014 0.4408301
278.8436648 0.4392812
278.8532183 0.4378037
278.8627717 0.4392290
278.8723551 0.4378821
278.8819185 0.4373249
278.8914720 0.4344128
278.9010254 0.4335603
278.9105788 0.4331337
278.9201322 0.4307368
278.9296956 0.4304969
278.9392491 0.4307233
278.9488325 0.4312881
278.9583859 0.4276661
278.9679394 0.4283086
278.9775028 0.4271113
278.9870562 0.4248653
278.9966096 0.4253297
279.0061631 0.4243948
279.0157165 0.4232011
279.0252799 0.4214664
279.0348333 0.4209220
279.0443868 0.4203297
279.0539402 0.4197825
279.0634936 0.4187899
279.0730570 0.4196668
279.0826105 0.4159159
279.0921639 0.4177012
279.1017173 0.4150964
279.1112707 0.4144984
279.1208342 0.4144694
279.1303876 0.4139738
279.1399410 0.4140853
279.1494944 0.4115528
279.1590479 0.4109066
279.1686113 0.4140744
279.1781647 0.4112279
279.1877182 0.4076417
279.1972716 0.4090629
279.2068250 0.4099875
279.2163884 0.4101162
279.2259419 0.4072833
279.2354953 0.4080206
279.2450487 0.4070780
279.2546022 0.4070929
279.2641656 0.4062856
279.2737190 0.4046470
279.2832424 0.4055865
279.2927959 0.4061442
279.3023493 0.4050395
279.3119127 0.4065543
279.3214662 0.4029340
279.3310196 0.4046761
279.3405730 0.4057933
279.3501264 0.4014893
279.3596599 0.4047070
279.3692133 0.4025372
279.3787667 0.4040060
279.3883202 0.4050054
279.3978736 0.4036543
279.4074370 0.4032823
279.4169604 0.4021569
279.4265139 0.4014528
279.4360673 0.4049580
279.4456207 0.4025945
279.4551742 0.4018578
279.4647076 0.4052895
279.4742610 0.4033547
279.4838145 0.4038398
279.4933679 0.4030960
279.5029213 0.4029263
279.5124547 0.4044292
279.5220082 0.4053292
279.5315616 0.4042321
279.5411150 0.4056715
279.5506385 0.4050688
279.5601919 0.4040700
279.5697553 0.4055722
279.5792788 0.4053630
279.5888322 0.4076379
279.5983856 0.4073158
279.6079391 0.4068634
279.6174725 0.4074841
279.6270259 0.4079971
279.6365794 0.4085888
279.6461028 0.4092674
279.6556562 0.4106523
279.6652197 0.4103355
279.6747431 0.4098229
279.6842965 0.4111433
279.6938499 0.4102340
279.7033734 0.4130453
279.7129268 0.4128537
279.7224902 0.4135070
279.7320137 0.4121689
279.7415671 0.4136455
279.7510905 0.4152684
279.7606440 0.4158100
279.7702074 0.4167485
279.7797308 0.4169882
279.7892843 0.4178217
279.7988077 0.4169307
279.8083611 0.4176802
279.8179146 0.4207181
279.8274480 0.4194386
279.8370014 0.4212762
279.8465249 0.4218994
279.8560783 0.4238185
279.8656017 0.4236088
279.8751552 0.4254498
279.8847186 0.4248915
279.8942420 0.4262520
279.9037955 0.4253817
279.9133189 0.4257447
279.9228723 0.4284081
279.9324058 0.4302025
279.9419592 0.4310263
279.9514826 0.4306688
279.9610361 0.4304822
279.9705595 0.4324300
279.9801129 0.4326054
279.9896464 0.4330821
279.9991698 0.4345727
280.0087233 0.4340988
280.0182467 0.4371253
280.0278001 0.4372427
280.0373236 0.4367575
280.0468870 0.4380404
280.0564104 0.4384530
280.0659639 0.4396908
280.0754873 0.4402144
280.0850107 0.4393554
280.0945642 0.4413397
280.1040976 0.4424702
280.1136510 0.4433632
280.1231745 0.4442808
280.1326979 0.4445305
280.1422513 0.4439396
280.1517748 0.4463164
280.1613082 0.4470128
280.1708617 0.4469044
280.1803851 0.4465293
280.1899385 0.4474162
280.1994620 0.4486241
280.2089854 0.4485596
280.2185488 0.4491167
280.2280723 0.4498742
280.2375957 0.4512412
280.2471492 0.4507579
280.2566726 0.4503812
280.2661960 0.4512938
280.2757295 0.4513628
280.2852829 0.4523926
280.2948063 0.4524798
280.3043298 0.4527579
280.3138832 0.4533365
280.3234066 0.4538190
280.3329401 0.4537325
280.3424635 0.4536625
280.3520170 0.4540381
280.3615404 0.4543937
280.3710638 0.4543564
280.3805873 0.4545165
280.3901507 0.4540959
280.3996742 0.4545371
280.4091976 0.4537163
280.4187210 0.4532819
280.4282445 0.4539893
280.4377979 0.4547486
280.4473314 0.4544221
280.4568548 0.4541991
280.4663782 0.4542976
280.4759017 0.4550429
280.4854251 0.4542217
280.4949785 0.4532985
280.5045020 0.4535206
280.5140354 0.4532216
280.5235589 0.4527229
280.5330823 0.4520629
280.5426057 0.4522735
280.5521292 0.4523452
280.5616826 0.4520166
280.5712161 0.4515842
280.5807395 0.4527620
280.5902629 0.4519426
280.5997864 0.4519654
280.6093098 0.4518280
280.6188333 0.4506501
280.6283567 0.4500187
280.6378901 0.4500142
280.6474136 0.4501343
280.6569670 0.4494794
280.6664905 0.4482695
280.6760139 0.4472312
280.6855373 0.4475544
280.6950708 0.4471761
280.7045942 0.4482670
280.7141177 0.4472773
280.7236411 0.4460568
280.7331646 0.4454408
280.7426880 0.4450429
280.7522114 0.4449168
280.7617449 0.4452217
280.7712683 0.4459499
280.7807918 0.4456379
280.7903152 0.4447636
280.7998386 0.4440701
280.8093621 0.4433646
280.8188855 0.4421806
280.8284190 0.4424945
280.8379424 0.4433158
280.8474659 0.4430624
280.8569593 0.4424695
280.8664827 0.4421653
280.8760062 0.4409899
280.8855296 0.4405206
280.8950631 0.4393866
280.9045865 0.4390029
280.9141100 0.4400171
280.9236334 0.4420065
280.9331568 0.4420419
280.9426803 0.4400434
280.9522137 0.4384156
280.9617072 0.4385764
280.9712306 0.4392081
280.9807541 0.4398044
280.9902775 0.4404024
280.9998009 0.4404411
281.0093244 0.4399107
281.0188478 0.4394719
281.0283513 0.4390209
281.0378747 0.4385762
281.0473982 0.4387444
281.0569216 0.4384435
281.0664451 0.4393565
281.0759385 0.4389335
281.0854619 0.4398212
281.0949954 0.4400598
281.1045188 0.4403073
281.1140423 0.4395735
281.1235357 0.4396602
281.1330592 0.4394267
281.1425826 0.4398727
281.1521061 0.4408086
281.1616095 0.4410314
281.1711329 0.4415568
281.1806564 0.4421844
281.1901798 0.4418998
281.1996733 0.4415352
281.2091967 0.4417291
281.2187202 0.4429419
281.2282436 0.4429138
281.2377471 0.4429510
281.2472705 0.4435444
281.2567940 0.4441006
281.2662874 0.4457396
281.2758108 0.4457690
281.2853343 0.4451472
281.2948277 0.4457215
281.3043612 0.4469020
281.3138846 0.4473731
281.3233781 0.4473401
281.3329015 0.4480098
281.3424250 0.4490458
281.3519184 0.4495591
281.3614419 0.4496619
281.3709353 0.4500468
281.3804688 0.4508793
281.3899922 0.4516688
281.3994856 0.4530215
281.4090091 0.4533726
281.4185025 0.4536933
281.4280260 0.4530574
281.4375494 0.4534035
281.4470429 0.4550438
281.4565763 0.4568348
281.4660698 0.4579923
281.4755932 0.4581204
281.4850867 0.4583023
281.4946101 0.4579317
281.5041336 0.4585548
281.5136270 0.4591277
281.5231505 0.4604255
281.5326539 0.4612715
281.5421774 0.4623279
281.5516708 0.4630306
281.5611943 0.4641954
281.5706877 0.4643940
281.5802112 0.4649212
281.5897046 0.4656273
281.5992281 0.4666429
281.6087315 0.4673490
281.6182550 0.4679213
281.6277484 0.4684856
281.6372419 0.4691565
281.6467653 0.4695772
281.6562588 0.4703846
281.6657822 0.4709401
281.6752757 0.4712542
281.6848091 0.4721418
281.6943026 0.4727164
281.7037960 0.4733359
281.7133195 0.4739275
281.7228129 0.4746068
281.7323364 0.4755287
281.7418298 0.4761601
281.7513232 0.4771092
281.7608467 0.4790809
281.7703502 0.4815465
281.7798736 0.4847530
281.7893671 0.4888397
