# wl 	 %tx
 251.90397  0.03629
 251.91388  0.03586
 251.92379  0.03578
 251.93369  0.03579
 251.94360  0.03580
 251.95349  0.03573
 251.96340  0.03641
 251.97330  0.03600
 251.98321  0.03575
 251.99310  0.03600
 252.00300  0.03601
 252.01291  0.03588
 252.02282  0.03619
 252.03271  0.03585
 252.04261  0.03595
 252.05252  0.03632
 252.06241  0.03580
 252.07231  0.03550
 252.08223  0.03531
 252.09211  0.03530
 252.10202  0.03581
 252.11193  0.03570
 252.12182  0.03583
 252.13172  0.03586
 252.14163  0.03644
 252.15152  0.03625
 252.16142  0.03604
 252.17131  0.03584
 252.18122  0.03599
 252.19113  0.03629
 252.20101  0.03599
 252.21093  0.03589
 252.22082  0.03615
 252.23072  0.03595
 252.24062  0.03574
 252.25052  0.03606
 252.26041  0.03605
 252.27032  0.03611
 252.28021  0.03634
 252.29011  0.03622
 252.30001  0.03668
 252.30991  0.03778
 252.31980  0.03597
 252.32970  0.03548
 252.33960  0.03609
 252.34950  0.03571
 252.35939  0.03618
 252.36929  0.03579
 252.37919  0.03553
 252.38908  0.03566
 252.39899  0.03521
 252.40888  0.03521
 252.41877  0.03508
 252.42868  0.03500
 252.43857  0.03519
 252.44847  0.03516
 252.45836  0.03557
 252.46826  0.03523
 252.47816  0.03498
 252.48805  0.03532
 252.49794  0.03520
 252.50783  0.03546
 252.51773  0.03526
 252.52763  0.03549
 252.53752  0.03566
 252.54741  0.03557
 252.55732  0.03578
 252.56721  0.03551
 252.57710  0.03550
 252.58699  0.03528
 252.59690  0.03566
 252.60678  0.03542
 252.61667  0.03569
 252.62657  0.03511
 252.63646  0.03518
 252.64636  0.03524
 252.65626  0.03531
 252.66615  0.03514
 252.67603  0.03541
 252.68593  0.03535
 252.69582  0.03541
 252.70571  0.03531
 252.71562  0.03546
 252.72551  0.03577
 252.73539  0.03574
 252.74529  0.03574
 252.75518  0.03560
 252.76507  0.03585
 252.77496  0.03576
 252.78485  0.03540
 252.79474  0.03564
 252.80463  0.03558
 252.81453  0.03578
 252.82441  0.03556
 252.83430  0.03530
 252.84420  0.03529
 252.85409  0.03488
 252.86397  0.03491
 252.87387  0.03529
 252.88376  0.03505
 252.89365  0.03530
 252.90355  0.03527
 252.91343  0.03498
 252.92332  0.03542
 252.93321  0.03553
 252.94311  0.03536
 252.95298  0.03561
 252.96287  0.03571
 252.97276  0.03559
 252.98265  0.03695
 252.99254  0.03529
 253.00244  0.03469
 253.01233  0.03482
 253.02220  0.03499
 253.03210  0.03509
 253.04198  0.03484
 253.05187  0.03473
 253.06177  0.03451
 253.07164  0.03434
 253.08153  0.03433
 253.09142  0.03476
 253.10131  0.03450
 253.11119  0.03448
 253.12107  0.03451
 253.13097  0.03427
 253.14086  0.03438
 253.15073  0.03432
 253.16063  0.03463
 253.17052  0.03417
 253.18039  0.03440
 253.19029  0.03442
 253.20017  0.03446
 253.21006  0.03476
 253.21995  0.03512
 253.22983  0.03634
 253.23971  0.03527
 253.24959  0.03511
 253.25949  0.03484
 253.26936  0.03469
 253.27925  0.03495
 253.28913  0.03463
 253.29902  0.03439
 253.30891  0.03460
 253.31879  0.03467
 253.32868  0.03430
 253.33855  0.03439
 253.34845  0.03470
 253.35832  0.03451
 253.36821  0.03480
 253.37809  0.03442
 253.38798  0.03426
 253.39785  0.03466
 253.40774  0.03483
 253.41762  0.03488
 253.42751  0.03479
 253.43738  0.03454
 253.44728  0.03481
 253.45715  0.03475
 253.46704  0.03467
 253.47692  0.03476
 253.48679  0.03480
 253.49668  0.03487
 253.50656  0.03464
 253.51645  0.03480
 253.52632  0.03453
 253.53621  0.03447
 253.54609  0.03423
 253.55597  0.03473
 253.56584  0.03460
 253.57574  0.03477
 253.58561  0.03471
 253.59548  0.03441
 253.60538  0.03439
 253.61525  0.03452
 253.62512  0.03443
 253.63501  0.03465
 253.64490  0.03456
 253.65477  0.03435
 253.66465  0.03444
 253.67452  0.03435
 253.68441  0.03421
 253.69429  0.03443
 253.70416  0.03436
 253.71404  0.03421
 253.72391  0.03439
 253.73381  0.03429
 253.74368  0.03426
 253.75355  0.03416
 253.76343  0.03404
 253.77331  0.03394
 253.78318  0.03398
 253.79308  0.03360
 253.80295  0.03385
 253.81282  0.03389
 253.82270  0.03384
 253.83258  0.03386
 253.84245  0.03384
 253.85233  0.03365
 253.86220  0.03386
 253.87208  0.03408
 253.88195  0.03417
 253.89183  0.03430
 253.90170  0.03430
 253.91158  0.03449
 253.92146  0.03420
 253.93133  0.03399
 253.94120  0.03401
 253.95109  0.03451
 253.96096  0.03416
 253.97083  0.03394
 253.98071  0.03399
 253.99059  0.03402
 254.00046  0.03388
 254.01034  0.03396
 254.02021  0.03400
 254.03009  0.03427
 254.03997  0.03406
 254.04984  0.03388
 254.05971  0.03368
 254.06957  0.03409
 254.07945  0.03435
 254.08933  0.03411
 254.09920  0.03427
 254.10908  0.03398
 254.11895  0.03391
 254.12881  0.03367
 254.13869  0.03389
 254.14856  0.03410
 254.15844  0.03435
 254.16832  0.03450
 254.17818  0.03444
 254.18805  0.03459
 254.19793  0.03441
 254.20780  0.03434
 254.21766  0.03404
 254.22753  0.03420
 254.23742  0.03418
 254.24729  0.03187
 254.25715  0.03449
 254.26703  0.03430
 254.27690  0.03407
 254.28676  0.03375
 254.29664  0.03380
 254.30651  0.03381
 254.31637  0.03383
 254.32625  0.03383
 254.33612  0.03338
 254.34598  0.03358
 254.35586  0.03365
 254.36572  0.03341
 254.37559  0.03374
 254.38547  0.03352
 254.39533  0.03371
 254.40521  0.03379
 254.41506  0.03391
 254.42495  0.03408
 254.43480  0.03379
 254.44468  0.03366
 254.45454  0.03356
 254.46441  0.03357
 254.47427  0.03357
 254.48415  0.03351
 254.49401  0.03350
 254.50388  0.03343
 254.51375  0.03337
 254.52362  0.03310
 254.53348  0.03310
 254.54336  0.03327
 254.55322  0.03330
 254.56309  0.03359
 254.57295  0.03346
 254.58282  0.03358
 254.59269  0.03351
 254.60255  0.03329
 254.61241  0.03317
 254.62229  0.03341
 254.63214  0.03341
 254.64203  0.03341
 254.65188  0.03324
 254.66174  0.03337
 254.67162  0.03288
 254.68148  0.03317
 254.69134  0.03311
 254.70120  0.03345
 254.71108  0.03359
 254.72093  0.03330
 254.73079  0.03366
 254.74066  0.03347
 254.75053  0.03355
 254.76039  0.03330
 254.77026  0.03330
 254.78011  0.03325
 254.78998  0.03348
 254.79985  0.03353
 254.80971  0.03282
 254.81957  0.03286
 254.82943  0.03368
 254.83931  0.03356
 254.84916  0.03358
 254.85903  0.03367
 254.86889  0.03368
 254.87874  0.03367
 254.88861  0.03364
 254.89847  0.03355
 254.90833  0.03347
 254.91818  0.03385
 254.92807  0.03376
 254.93792  0.03360
 254.94778  0.03349
 254.95765  0.03377
 254.96750  0.03409
 254.97736  0.03414
 254.98723  0.03373
 254.99709  0.03370
 255.00694  0.03345
 255.01681  0.03337
 255.02667  0.03334
 255.03652  0.03354
 255.04639  0.03370
 255.05625  0.03355
 255.06611  0.03334
 255.07596  0.03314
 255.08583  0.03284
 255.09567  0.03299
 255.10553  0.03302
 255.11540  0.03298
 255.12525  0.03298
 255.13511  0.03282
 255.14498  0.03295
 255.15484  0.03265
 255.16469  0.03280
 255.17454  0.03308
 255.18440  0.03307
 255.19426  0.03308
 255.20413  0.03318
 255.21398  0.03324
 255.22384  0.03315
 255.23369  0.03311
 255.24355  0.03326
 255.25341  0.03323
 255.26326  0.03361
 255.27312  0.03307
 255.28297  0.03314
 255.29283  0.03312
 255.30270  0.03302
 255.31254  0.03310
 255.32240  0.03290
 255.33226  0.03307
 255.34211  0.03307
 255.35196  0.03295
 255.36183  0.03317
 255.37167  0.03302
 255.38153  0.03308
 255.39140  0.03324
 255.40124  0.03336
 255.41110  0.03336
 255.42096  0.03352
 255.43080  0.03369
 255.44066  0.03375
 255.45050  0.03375
 255.46037  0.03383
 255.47023  0.03398
 255.48007  0.03404
 255.48994  0.03406
 255.49978  0.03399
 255.50964  0.03409
 255.51949  0.03444
 255.52935  0.03488
 255.53919  0.03372
 255.54905  0.03366
 255.55890  0.03380
 255.56875  0.03398
 255.57861  0.03425
 255.58846  0.03399
 255.59830  0.03409
 255.60816  0.03381
 255.61801  0.03393
 255.62786  0.03412
 255.63771  0.03406
 255.64756  0.03408
 255.65742  0.03434
 255.66726  0.03418
 255.67712  0.03364
 255.68697  0.03365
 255.69681  0.03371
 255.70667  0.03367
 255.71652  0.03370
 255.72637  0.03387
 255.73622  0.03351
 255.74607  0.03360
 255.75592  0.03341
 255.76577  0.03316
 255.77563  0.03355
 255.78547  0.03367
 255.79531  0.03322
 255.80516  0.03320
 255.81502  0.03336
 255.82486  0.03332
 255.83471  0.03349
 255.84455  0.03328
 255.85441  0.03343
 255.86426  0.03342
 255.87411  0.03372
 255.88395  0.03367
 255.89380  0.03371
 255.90364  0.03375
 255.91350  0.03373
 255.92335  0.03365
 255.93319  0.03307
 255.94303  0.03353
 255.95289  0.03385
 255.96273  0.03363
 255.97259  0.03330
 255.98241  0.03332
 255.99228  0.03343
 256.00211  0.03341
 256.01196  0.03317
 256.02180  0.03348
 256.03166  0.03359
 256.04148  0.03365
 256.05135  0.03354
 256.06118  0.03303
 256.07103  0.03352
 256.08087  0.03342
 256.09073  0.03371
 256.10055  0.03365
 256.11042  0.03388
 256.12025  0.03355
 256.13011  0.03342
 256.13994  0.03336
 256.14980  0.03318
 256.15963  0.03320
 256.16948  0.03351
 256.17932  0.03342
 256.18915  0.03326
 256.19900  0.03330
 256.20884  0.03333
 256.21870  0.03334
 256.22852  0.03326
 256.23839  0.03349
 256.24822  0.03339
 256.25805  0.03353
 256.26791  0.03324
 256.27774  0.03319
 256.28760  0.03322
 256.29743  0.03306
 256.30726  0.03325
 256.31712  0.03326
 256.32695  0.03355
 256.33681  0.03308
 256.34664  0.03297
 256.35646  0.03301
 256.36633  0.03318
 256.37616  0.03288
 256.38598  0.03314
 256.39585  0.03330
 256.40568  0.03301
 256.41550  0.03306
 256.42537  0.03291
 256.43520  0.03293
 256.44503  0.03283
 256.45489  0.03284
 256.46472  0.03285
 256.47455  0.03279
 256.48441  0.03276
 256.49424  0.03270
 256.50407  0.03282
 256.51390  0.03289
 256.52376  0.03318
 256.53359  0.03286
 256.54342  0.03295
 256.55328  0.03296
 256.56311  0.03315
 256.57293  0.03332
 256.58277  0.03313
 256.59263  0.03309
 256.60245  0.03307
 256.61229  0.03285
 256.62212  0.03288
 256.63197  0.03301
 256.64181  0.03302
 256.65164  0.03306
 256.66146  0.03307
 256.67130  0.03296
 256.68116  0.03288
 256.69099  0.03279
 256.70082  0.03294
 256.71065  0.03310
 256.72048  0.03297
 256.73034  0.03295
 256.74017  0.03310
 256.75000  0.03324
 256.75982  0.03326
 256.76966  0.03317
 256.77949  0.03321
 256.78934  0.03316
 256.79918  0.03304
 256.80901  0.03295
 256.81883  0.03319
 256.82867  0.03407
 256.83850  0.03386
 256.84832  0.03358
 256.85819  0.03378
 256.86802  0.03380
 256.87784  0.03350
 256.88768  0.03356
 256.89751  0.03322
 256.90733  0.03331
 256.91717  0.03345
 256.92700  0.03346
 256.93682  0.03367
 256.94665  0.03354
 256.95649  0.03340
 256.96634  0.03318
 256.97617  0.03325
 256.98601  0.03314
 256.99583  0.03324
 257.00566  0.03332
 257.01550  0.03311
 257.02532  0.03278
 257.03515  0.03291
 257.04499  0.03282
 257.05481  0.03286
 257.06464  0.03300
 257.07448  0.03295
 257.08430  0.03308
 257.09413  0.03291
 257.10397  0.03310
 257.11379  0.03311
 257.12362  0.03316
 257.13346  0.03279
 257.14328  0.03266
 257.15311  0.03282
 257.16294  0.03258
 257.17277  0.03274
 257.18260  0.03264
 257.19243  0.03259
 257.20226  0.03250
 257.21209  0.03257
 257.22192  0.03240
 257.23175  0.03257
 257.24158  0.03284
 257.25141  0.03304
 257.26121  0.03306
 257.27104  0.03274
 257.28087  0.03263
 257.29070  0.03261
 257.30053  0.03280
 257.31036  0.03268
 257.32019  0.03287
 257.33002  0.03265
 257.33985  0.03275
 257.34967  0.03298
 257.35948  0.03292
 257.36931  0.03297
 257.37913  0.03312
 257.38897  0.03323
 257.39880  0.03326
 257.40862  0.03320
 257.41846  0.03313
 257.42826  0.03296
 257.43808  0.03308
 257.44792  0.03302
 257.45775  0.03286
 257.46757  0.03321
 257.47741  0.03333
 257.48720  0.03354
 257.49703  0.03329
 257.50687  0.03341
 257.51669  0.03353
 257.52652  0.03337
 257.53633  0.03353
 257.54615  0.03351
 257.55598  0.03330
 257.56581  0.03337
 257.57564  0.03294
 257.58544  0.03320
 257.59527  0.03286
 257.60510  0.03275
 257.61493  0.03342
 257.62473  0.03352
 257.63456  0.03354
 257.64439  0.03369
 257.65422  0.03361
 257.66402  0.03392
 257.67385  0.03401
 257.68368  0.03364
 257.69348  0.03352
 257.70331  0.03332
 257.71314  0.03341
 257.72297  0.03336
 257.73277  0.03339
 257.74259  0.03333
 257.75243  0.03339
 257.76223  0.03323
 257.77205  0.03339
 257.78188  0.03334
 257.79169  0.03333
 257.80151  0.03329
 257.81134  0.03333
 257.82115  0.03356
 257.83097  0.03325
 257.84080  0.03347
 257.85061  0.03328
 257.86043  0.03345
 257.87026  0.03327
 257.88007  0.03331
 257.88989  0.03340
 257.89969  0.03339
 257.90952  0.03357
 257.91935  0.03365
 257.92915  0.03377
 257.93898  0.03368
 257.94878  0.03379
 257.95861  0.03387
 257.96843  0.03400
 257.97824  0.03351
 257.98807  0.03367
 257.99786  0.03368
 258.00770  0.03390
 258.01750  0.03370
 258.02732  0.03366
 258.03716  0.03331
 258.04696  0.03344
 258.05678  0.03349
 258.06659  0.03361
 258.07641  0.03374
 258.08621  0.03383
 258.09605  0.03370
 258.10584  0.03368
 258.11567  0.03371
 258.12548  0.03373
 258.13530  0.03397
 258.14510  0.03400
 258.15494  0.03404
 258.16473  0.03408
 258.17456  0.03420
 258.18435  0.03388
 258.19419  0.03373
 258.20399  0.03370
 258.21381  0.03395
 258.22362  0.03392
 258.23342  0.03408
 258.24324  0.03397
 258.25305  0.03385
 258.26288  0.03389
 258.27267  0.03381
 258.28251  0.03378
 258.29230  0.03388
 258.30210  0.03425
 258.31194  0.03437
 258.32173  0.03433
 258.33156  0.03413
 258.34137  0.03401
 258.35116  0.03371
 258.36099  0.03389
 258.37080  0.03381
 258.38062  0.03407
 258.39042  0.03434
 258.40022  0.03409
 258.41005  0.03391
 258.41985  0.03389
 258.42964  0.03374
 258.43948  0.03382
 258.44928  0.03399
 258.45907  0.03380
 258.46891  0.03364
 258.47871  0.03359
 258.48850  0.03362
 258.49834  0.03374
 258.50813  0.03366
 258.51793  0.03376
 258.52777  0.03388
 258.53756  0.03400
 258.54736  0.03422
 258.55720  0.03415
 258.56699  0.03431
 258.57679  0.03429
 258.58659  0.03425
 258.59642  0.03408
 258.60622  0.03409
 258.61602  0.03405
 258.62582  0.03442
 258.63565  0.03419
 258.64544  0.03392
 258.65525  0.03401
 258.66504  0.03390
 258.67487  0.03401
 258.68468  0.03369
 258.69447  0.03396
 258.70427  0.03407
 258.71411  0.03426
 258.72390  0.03397
 258.73370  0.03397
 258.74350  0.03403
 258.75330  0.03428
 258.76313  0.03440
 258.77293  0.03450
 258.78273  0.03468
 258.79253  0.03452
 258.80233  0.03419
 258.81213  0.03417
 258.82195  0.03447
 258.83176  0.03448
 258.84156  0.03440
 258.85135  0.03449
 258.86115  0.03456
 258.87096  0.03466
 258.88075  0.03449
 258.89058  0.03451
 258.90038  0.03460
 258.91018  0.03466
 258.91998  0.03449
 258.92978  0.03469
 258.93958  0.03474
 258.94938  0.03456
 258.95918  0.03448
 258.96898  0.03454
 258.97877  0.03457
 258.98861  0.03461
 258.99841  0.03484
 259.00820  0.03462
 259.01801  0.03435
 259.02780  0.03452
 259.03760  0.03435
 259.04741  0.03451
 259.05720  0.03428
 259.06700  0.03460
 259.07681  0.03449
 259.08660  0.03451
 259.09640  0.03433
 259.10619  0.03426
 259.11600  0.03434
 259.12580  0.03425
 259.13559  0.03396
 259.14540  0.03374
 259.15519  0.03406
 259.16499  0.03422
 259.17480  0.03429
 259.18459  0.03438
 259.19439  0.03440
 259.20420  0.03455
 259.21399  0.03443
 259.22379  0.03486
 259.23359  0.03507
 259.24339  0.03519
 259.25319  0.03503
 259.26299  0.03476
 259.27279  0.03453
 259.28258  0.03446
 259.29236  0.03475
 259.30216  0.03482
 259.31195  0.03465
 259.32175  0.03476
 259.33155  0.03474
 259.34135  0.03497
 259.35115  0.03475
 259.36095  0.03479
 259.37075  0.03475
 259.38055  0.03499
 259.39032  0.03505
 259.40012  0.03504
 259.40991  0.03515
 259.41972  0.03519
 259.42952  0.03519
 259.43931  0.03502
 259.44912  0.03514
 259.45888  0.03505
 259.46868  0.03507
 259.47849  0.03509
 259.48828  0.03516
 259.49808  0.03517
 259.50785  0.03552
 259.51765  0.03582
 259.52745  0.03598
 259.53725  0.03614
 259.54705  0.03590
 259.55681  0.03555
 259.56661  0.03563
 259.57642  0.03599
 259.58621  0.03598
 259.59601  0.03620
 259.60578  0.03596
 259.61558  0.03565
 259.62538  0.03536
 259.63518  0.03572
 259.64495  0.03555
 259.65474  0.03576
 259.66455  0.03577
 259.67435  0.03564
 259.68411  0.03548
 259.69392  0.03549
 259.70371  0.03560
 259.71348  0.03547
 259.72329  0.03564
 259.73308  0.03588
 259.74288  0.03591
 259.75265  0.03620
 259.76245  0.03612
 259.77225  0.03623
 259.78202  0.03622
 259.79182  0.03589
 259.80161  0.03591
 259.81138  0.03568
 259.82119  0.03589
 259.83098  0.03621
 259.84075  0.03585
 259.85055  0.03575
 259.86035  0.03575
 259.87012  0.03556
 259.87992  0.03555
 259.88969  0.03558
 259.89948  0.03594
 259.90929  0.03597
 259.91906  0.03588
 259.92885  0.03581
 259.93863  0.03564
 259.94842  0.03571
 259.95822  0.03568
 259.96800  0.03581
 259.97779  0.03586
 259.98756  0.03609
 259.99736  0.03626
 260.00713  0.03612
 260.01692  0.03618
 260.02673  0.03606
 260.03650  0.03625
 260.04629  0.03639
 260.05606  0.03643
 260.06586  0.03649
 260.07563  0.03626
 260.08543  0.03631
 260.09520  0.03638
 260.10500  0.03629
 260.11476  0.03633
 260.12457  0.03646
 260.13434  0.03663
 260.14413  0.03675
 260.15391  0.03709
 260.16370  0.03728
 260.17347  0.03768
 260.18328  0.03746
 260.19304  0.03786
 260.20284  0.03803
 260.21261  0.03812
 260.22241  0.03801
 260.23217  0.03801
 260.24195  0.03788
 260.25175  0.03807
 260.26151  0.03821
 260.27132  0.03819
 260.28108  0.03809
 260.29088  0.03796
 260.30065  0.03761
 260.31042  0.03738
 260.32022  0.03778
 260.32998  0.03804
 260.33979  0.03810
 260.34955  0.03797
 260.35932  0.03803
 260.36913  0.03792
 260.37889  0.03782
 260.38866  0.03770
 260.39846  0.03792
 260.40823  0.03811
 260.41803  0.03868
 260.42780  0.03828
 260.43757  0.03861
 260.44736  0.03821
 260.45714  0.03831
 260.46690  0.03781
 260.47670  0.03820
 260.48648  0.03834
 260.49624  0.03814
 260.50601  0.03815
 260.51581  0.03809
 260.52558  0.03817
 260.53534  0.03787
 260.54515  0.03771
 260.55492  0.03782
 260.56468  0.03773
 260.57448  0.03793
 260.58425  0.03789
 260.59402  0.03781
 260.60378  0.03775
 260.61359  0.03800
 260.62336  0.03786
 260.63312  0.03810
 260.64290  0.03824
 260.65269  0.03860
 260.66246  0.03843
 260.67224  0.03850
 260.68200  0.03824
 260.69177  0.03828
 260.70157  0.03827
 260.71134  0.03854
 260.72110  0.03866
 260.73088  0.03864
 260.74065  0.03834
 260.75044  0.03824
 260.76022  0.03831
 260.76998  0.03829
 260.77975  0.03802
 260.78952  0.03817
 260.79929  0.03816
 260.80909  0.03832
 260.81886  0.03881
 260.82863  0.03880
 260.83839  0.03897
 260.84816  0.03864
 260.85793  0.03836
 260.86770  0.03833
 260.87746  0.03821
 260.88727  0.03842
 260.89704  0.03851
 260.90680  0.03848
 260.91658  0.03849
 260.92634  0.03850
 260.93611  0.03853
 260.94588  0.03842
 260.95565  0.03853
 260.96542  0.03865
 260.97519  0.03894
 260.98496  0.03922
 260.99472  0.03874
 261.00450  0.03852
 261.01429  0.03855
 261.02406  0.03864
 261.03384  0.03890
 261.04360  0.03890
 261.05337  0.03886
 261.06314  0.03871
 261.07291  0.03876
 261.08267  0.03864
 261.09245  0.03841
 261.10222  0.03840
 261.11198  0.03850
 261.12175  0.03850
 261.13152  0.03836
 261.14129  0.03839
 261.15105  0.03810
 261.16083  0.03830
 261.17059  0.03825
 261.18036  0.03849
 261.19014  0.03823
 261.19987  0.03841
 261.20964  0.03846
 261.21941  0.03861
 261.22918  0.03913
 261.23894  0.03899
 261.24872  0.03898
 261.25848  0.03880
 261.26825  0.03875
 261.27803  0.03868
 261.28779  0.03889
 261.29756  0.03886
 261.30733  0.03872
 261.31707  0.03878
 261.32683  0.03887
 261.33661  0.03895
 261.34637  0.03891
 261.35614  0.03891
 261.36592  0.03894
 261.37568  0.03893
 261.38545  0.03885
 261.39518  0.03912
 261.40496  0.03939
 261.41472  0.03977
 261.42449  0.03963
 261.43427  0.03982
 261.44403  0.03992
 261.45377  0.03992
 261.46354  0.04007
 261.47331  0.04026
 261.48307  0.04019
 261.49285  0.04025
 261.50258  0.04056
 261.51235  0.04060
 261.52212  0.04069
 261.53189  0.04054
 261.54163  0.04059
 261.55140  0.04098
 261.56117  0.04110
 261.57093  0.04081
 261.58071  0.04120
 261.59044  0.04133
 261.60021  0.04126
 261.60998  0.04120
 261.61972  0.04133
 261.62948  0.04130
 261.63926  0.04144
 261.64903  0.04162
 261.65876  0.04190
 261.66853  0.04146
 261.67830  0.04158
 261.68804  0.04128
 261.69780  0.04128
 261.70758  0.04159
 261.71734  0.04187
 261.72708  0.04159
 261.73686  0.04169
 261.74662  0.04139
 261.75636  0.04103
 261.76613  0.04114
 261.77587  0.04113
 261.78563  0.04081
 261.79541  0.04059
 261.80514  0.04084
 261.81491  0.04098
 261.82468  0.04132
 261.83442  0.04130
 261.84419  0.04129
 261.85396  0.04132
 261.86370  0.04139
 261.87346  0.04178
 261.88321  0.04160
 261.89297  0.04197
 261.90271  0.04222
 261.91248  0.04185
 261.92225  0.04171
 261.93198  0.04174
 261.94176  0.04269
 261.95149  0.04202
 261.96126  0.04246
 261.97100  0.04229
 261.98077  0.04215
 261.99051  0.04246
 262.00027  0.04233
 262.01005  0.04219
 262.01978  0.04224
 262.02955  0.04217
 262.03929  0.04267
 262.04906  0.04268
 262.05879  0.04269
 262.06857  0.04289
 262.07830  0.04296
 262.08807  0.04301
 262.09782  0.04285
 262.10758  0.04261
 262.11732  0.04277
 262.12706  0.04260
 262.13683  0.04266
 262.14656  0.04285
 262.15634  0.04311
 262.16607  0.04331
 262.17584  0.04361
 262.18558  0.04362
 262.19535  0.04354
 262.20508  0.04362
 262.21483  0.04338
 262.22459  0.04352
 262.23433  0.04373
 262.24411  0.04393
 262.25384  0.04402
 262.26358  0.04400
 262.27334  0.04394
 262.28309  0.04353
 262.29285  0.04336
 262.30259  0.04353
 262.31233  0.04343
 262.32210  0.04359
 262.33183  0.04353
 262.34158  0.04330
 262.35134  0.04356
 262.36108  0.04327
 262.37082  0.04330
 262.38059  0.04361
 262.39032  0.04391
 262.40007  0.04382
 262.40984  0.04396
 262.41957  0.04419
 262.42932  0.04427
 262.43908  0.04410
 262.44882  0.04403
 262.45856  0.04374
 262.46833  0.04389
 262.47806  0.04407
 262.48781  0.04416
 262.49754  0.04388
 262.50731  0.04388
 262.51705  0.04371
 262.52679  0.04368
 262.53652  0.04378
 262.54630  0.04401
 262.55603  0.04428
 262.56577  0.04427
 262.57550  0.04437
 262.58528  0.04461
 262.59501  0.04437
 262.60475  0.04424
 262.61450  0.04467
 262.62423  0.04476
 262.63400  0.04479
 262.64374  0.04485
 262.65348  0.04488
 262.66321  0.04509
 262.67296  0.04518
 262.68272  0.04527
 262.69246  0.04551
 262.70220  0.04562
 262.71194  0.04591
 262.72167  0.04597
 262.73142  0.04562
 262.74115  0.04573
 262.75092  0.04577
 262.76066  0.04554
 262.77040  0.04565
 262.78013  0.04574
 262.78988  0.04586
 262.79961  0.04606
 262.80935  0.04597
 262.81909  0.04639
 262.82883  0.04655
 262.83859  0.04666
 262.84834  0.04708
 262.85807  0.04698
 262.86781  0.04694
 262.87756  0.04692
 262.88729  0.04686
 262.89703  0.04712
 262.90676  0.04733
 262.91651  0.04727
 262.92624  0.04734
 262.93598  0.04699
 262.94572  0.04681
 262.95546  0.04662
 262.96519  0.04656
 262.97494  0.04669
 262.98467  0.04700
 262.99441  0.04671
 263.00415  0.04695
 263.01389  0.04692
 263.02362  0.04701
 263.03337  0.04721
 263.04310  0.04724
 263.05284  0.04752
 263.06258  0.04778
 263.07232  0.04816
 263.08205  0.04830
 263.09180  0.04798
 263.10153  0.04796
 263.11127  0.04768
 263.12101  0.04764
 263.13075  0.04790
 263.14048  0.04792
 263.15023  0.04801
 263.15996  0.04931
 263.16970  0.04753
 263.17941  0.04803
 263.18915  0.04805
 263.19888  0.04746
 263.20863  0.04752
 263.21836  0.04779
 263.22810  0.04754
 263.23783  0.04784
 263.24758  0.04781
 263.25731  0.04790
 263.26702  0.04817
 263.27676  0.04797
 263.28650  0.04808
 263.29623  0.04855
 263.30598  0.04837
 263.31571  0.04856
 263.32542  0.04878
 263.33516  0.04879
 263.34490  0.04879
 263.35463  0.04909
 263.36438  0.04928
 263.37408  0.04912
 263.38382  0.04901
 263.39356  0.04911
 263.40330  0.04871
 263.41303  0.04880
 263.42275  0.04880
 263.43248  0.04875
 263.44222  0.04898
 263.45196  0.04899
 263.46167  0.04924
 263.47140  0.04906
 263.48115  0.04914
 263.49088  0.04932
 263.50059  0.04938
 263.51033  0.04945
 263.52007  0.04991
 263.52980  0.04961
 263.53952  0.04994
 263.54925  0.04994
 263.55899  0.05012
 263.56869  0.05036
 263.57844  0.05013
 263.58817  0.05050
 263.59791  0.05047
 263.60762  0.05134
 263.61736  0.05149
 263.62709  0.05156
 263.63681  0.05176
 263.64654  0.05121
 263.65628  0.05120
 263.66599  0.05099
 263.67573  0.05099
 263.68543  0.05134
 263.69518  0.05154
 263.70491  0.05146
 263.71462  0.05156
 263.72436  0.05124
 263.73410  0.05093
 263.74380  0.05077
 263.75355  0.05095
 263.76325  0.05122
 263.77299  0.05114
 263.78273  0.05127
 263.79244  0.05143
 263.80217  0.05131
 263.81189  0.05111
 263.82162  0.05111
 263.83133  0.05178
 263.84107  0.05156
 263.85078  0.05192
 263.86051  0.05191
 263.87026  0.05214
 263.87996  0.05227
 263.88970  0.05285
 263.89941  0.05253
 263.90915  0.05266
 263.91885  0.05245
 263.92858  0.05262
 263.93830  0.05329
 263.94803  0.05289
 263.95774  0.05256
 263.96748  0.05279
 263.97719  0.05286
 263.98692  0.05327
 263.99664  0.05307
 264.00634  0.05326
 264.01608  0.05329
 264.02579  0.05358
 264.03553  0.05343
 264.04523  0.05372
 264.05498  0.05405
 264.06468  0.05445
 264.07442  0.05460
 264.08413  0.05467
 264.09384  0.05440
 264.10357  0.05413
 264.11329  0.05452
 264.12302  0.05448
 264.13273  0.05505
 264.14244  0.05522
 264.15218  0.05542
 264.16188  0.05583
 264.17163  0.05513
 264.18133  0.05518
 264.19103  0.05542
 264.20078  0.05575
 264.21048  0.05576
 264.22019  0.05605
 264.22993  0.05578
 264.23964  0.05644
 264.24934  0.05613
 264.25909  0.05597
 264.26879  0.05609
 264.27850  0.05639
 264.28824  0.05694
 264.29795  0.05636
 264.30765  0.05661
 264.31739  0.05648
 264.32710  0.05673
 264.33681  0.05648
 264.34651  0.05668
 264.35626  0.05693
 264.36596  0.05709
 264.37566  0.05703
 264.38538  0.05736
 264.39511  0.05668
 264.40482  0.05697
 264.41453  0.05692
 264.42424  0.05703
 264.43397  0.05680
 264.44369  0.05703
 264.45339  0.05718
 264.46310  0.05737
 264.47281  0.05725
 264.48255  0.05757
 264.49225  0.05802
 264.50197  0.05768
 264.51167  0.05790
 264.52138  0.05810
 264.53112  0.05858
 264.54082  0.05885
 264.55053  0.05914
 264.56024  0.05874
 264.56995  0.05859
 264.57965  0.05845
 264.58940  0.05846
 264.59910  0.05924
 264.60881  0.05897
 264.61852  0.05896
 264.62823  0.05935
 264.63793  0.05920
 264.64765  0.05939
 264.65735  0.05944
 264.66709  0.05962
 264.67680  0.05963
 264.68650  0.06005
 264.69621  0.05988
 264.70591  0.06015
 264.71563  0.05988
 264.72533  0.06054
 264.73504  0.06039
 264.74475  0.06037
 264.75446  0.06021
 264.76416  0.06078
 264.77388  0.06035
 264.78358  0.06090
 264.79329  0.06163
 264.80300  0.06184
 264.81270  0.06242
 264.82241  0.06262
 264.83212  0.06257
 264.84186  0.06261
 264.85156  0.06246
 264.86128  0.06277
 264.87095  0.06260
 264.88066  0.06325
 264.89037  0.06355
 264.90008  0.06346
 264.90978  0.06295
 264.91949  0.06316
 264.92920  0.06258
 264.93890  0.06314
 264.94862  0.06352
 264.95832  0.06354
 264.96803  0.06380
 264.97774  0.06376
 264.98745  0.06329
 264.99715  0.06339
 265.00687  0.06366
 265.01657  0.06366
 265.02628  0.06441
 265.03599  0.06455
 265.04566  0.06499
 265.05537  0.06531
 265.06508  0.06496
 265.07479  0.06507
 265.08449  0.06471
 265.09420  0.06448
 265.10391  0.06449
 265.11362  0.06480
 265.12329  0.06499
 265.13300  0.06542
 265.14271  0.06494
 265.15241  0.06495
 265.16213  0.06510
 265.17183  0.06499
 265.18151  0.06547
 265.19122  0.06536
 265.20093  0.06551
 265.21063  0.06617
 265.22035  0.06592
 265.23002  0.06626
 265.23972  0.06591
 265.24944  0.06635
 265.25914  0.06659
 265.26885  0.06682
 265.27853  0.06779
 265.28824  0.06736
 265.29794  0.06739
 265.30766  0.06757
 265.31733  0.06847
 265.32703  0.06849
 265.33675  0.06925
 265.34645  0.06841
 265.35613  0.06908
 265.36584  0.06867
 265.37555  0.06896
 265.38522  0.06890
 265.39494  0.06901
 265.40464  0.06924
 265.41431  0.06947
 265.42403  0.06948
 265.43373  0.06991
 265.44344  0.07083
 265.45312  0.07083
 265.46283  0.07135
 265.47253  0.07220
 265.48222  0.07240
 265.49192  0.07217
 265.50159  0.07272
 265.51131  0.07258
 265.52101  0.07310
 265.53069  0.07215
 265.54039  0.07343
 265.55011  0.07316
 265.55978  0.07364
 265.56949  0.07336
 265.57917  0.07296
 265.58887  0.07275
 265.59858  0.07269
 265.60826  0.07233
 265.61797  0.07285
 265.62764  0.07344
 265.63736  0.07345
 265.64703  0.07315
 265.65673  0.07363
 265.66645  0.07330
 265.67612  0.07332
 265.68583  0.07424
 265.69551  0.07437
 265.70522  0.07524
 265.71489  0.07590
 265.72460  0.07569
 265.73428  0.07566
 265.74398  0.07517
 265.75367  0.07501
 265.76337  0.07500
 265.77305  0.07555
 265.78276  0.07599
 265.79244  0.07579
 265.80214  0.07579
 265.81182  0.07550
 265.82153  0.07522
 265.83120  0.07560
 265.84092  0.07576
 265.85059  0.07592
 265.86030  0.07640
 265.86998  0.07654
 265.87965  0.07701
 265.88936  0.07681
 265.89904  0.07710
 265.90875  0.07742
 265.91842  0.07762
 265.92811  0.07827
 265.93781  0.07871
 265.94748  0.07873
 265.95720  0.07918
 265.96687  0.07916
 265.97655  0.07954
 265.98626  0.07956
 265.99594  0.07981
 266.00564  0.08024
 266.01531  0.08013
 266.02500  0.08024
 266.03470  0.08008
 266.04438  0.07982
 266.05406  0.07993
 266.06377  0.08021
 266.07344  0.08038
 266.08312  0.08068
 266.09283  0.08097
 266.10250  0.08133
 266.11219  0.08169
 266.12186  0.08204
 266.13156  0.08187
 266.14125  0.08266
 266.15092  0.08268
 266.16063  0.08306
 266.17031  0.08298
 266.17999  0.08398
 266.18966  0.08440
 266.19937  0.08525
 266.20905  0.08480
 266.21872  0.08505
 266.22841  0.08546
 266.23811  0.08539
 266.24779  0.08630
 266.25747  0.08684
 266.26714  0.08713
 266.27682  0.08794
 266.28653  0.08792
 266.29621  0.08707
 266.30588  0.08752
 266.31556  0.08747
 266.32524  0.08828
 266.33494  0.08861
 266.34463  0.08902
 266.35430  0.08872
 266.36398  0.08887
 266.37366  0.08903
 266.38333  0.08873
 266.39304  0.08955
 266.40272  0.08929
 266.41240  0.08922
 266.42207  0.08951
 266.43175  0.09009
 266.44143  0.08987
 266.45110  0.08999
 266.46079  0.09082
 266.47049  0.09058
 266.48017  0.09174
 266.48985  0.09156
 266.49952  0.09240
 266.50920  0.09250
 266.51887  0.09353
 266.52856  0.09435
 266.53823  0.09377
 266.54790  0.09402
 266.55759  0.09454
 266.56726  0.09478
 266.57694  0.09487
 266.58662  0.09500
 266.59629  0.09481
 266.60597  0.09490
 266.61565  0.09561
 266.62533  0.09571
 266.63500  0.09579
 266.64468  0.09615
 266.65436  0.09674
 266.66403  0.09670
 266.67372  0.09746
 266.68339  0.09711
 266.69306  0.09815
 266.70275  0.09887
 266.71242  0.09919
 266.72210  0.09907
 266.73178  0.09881
 266.74145  0.09950
 266.75113  0.09932
 266.76081  0.09995
 266.77049  0.10047
 266.78016  0.10097
 266.78985  0.10182
 266.79952  0.10187
 266.80919  0.10203
 266.81888  0.10174
 266.82855  0.10314
 266.83820  0.10251
 266.84788  0.10379
 266.85755  0.10375
 266.86723  0.10416
 266.87691  0.10462
 266.88659  0.10489
 266.89626  0.10522
 266.90594  0.10545
 266.91559  0.10612
 266.92526  0.10580
 266.93495  0.10731
 266.94462  0.10697
 266.95429  0.10660
 266.96398  0.10641
 266.97362  0.10707
 266.98330  0.10747
 266.99298  0.10808
 267.00265  0.10870
 267.01233  0.10896
 267.02198  0.10892
 267.03166  0.10932
 267.04133  0.10931
 267.05100  0.10970
 267.06069  0.10912
 267.07033  0.11082
 267.08000  0.10965
 267.08969  0.11103
 267.09936  0.11140
 267.10901  0.11153
 267.11869  0.11205
 267.12836  0.11315
 267.13801  0.11284
 267.14769  0.11385
 267.15737  0.11394
 267.16704  0.11528
 267.17669  0.11597
 267.18637  0.11570
 267.19604  0.11671
 267.20570  0.11657
 267.21537  0.11621
 267.22504  0.11648
 267.23470  0.11773
 267.24437  0.11768
 267.25405  0.11902
 267.26370  0.11906
 267.27337  0.11885
 267.28305  0.12048
 267.29270  0.12031
 267.30237  0.12147
 267.31205  0.12151
 267.32170  0.12236
 267.33138  0.12282
 267.34102  0.12344
 267.35070  0.12340
 267.36038  0.12450
 267.37002  0.12509
 267.37971  0.12496
 267.38935  0.12647
 267.39902  0.12560
 267.40871  0.12734
 267.41835  0.12783
 267.42803  0.12849
 267.43768  0.12906
 267.44735  0.13109
 267.45700  0.13104
 267.46668  0.13162
 267.47632  0.13292
 267.48600  0.13167
 267.49565  0.13313
 267.50533  0.13449
 267.51497  0.13426
 267.52465  0.13523
 267.53430  0.13587
 267.54397  0.13542
 267.55362  0.13640
 267.56330  0.13647
 267.57294  0.13653
 267.58263  0.13758
 267.59227  0.13836
 267.60194  0.13772
 267.61160  0.13969
 267.62127  0.13959
 267.63092  0.14030
 267.64059  0.14118
 267.65024  0.14196
 267.65989  0.14234
 267.66956  0.14492
 267.67921  0.14550
 267.68889  0.14570
 267.69853  0.14726
 267.70822  0.14677
 267.71786  0.14746
 267.72750  0.14727
 267.73719  0.14833
 267.74683  0.14875
 267.75647  0.14957
 267.76616  0.15028
 267.77580  0.14986
 267.78548  0.15142
 267.79513  0.15182
 267.80477  0.15239
 267.81445  0.15357
 267.82410  0.15422
 267.83374  0.15549
 267.84342  0.15488
 267.85307  0.15670
 267.86272  0.15763
 267.87236  0.15874
 267.88204  0.15805
 267.89169  0.15935
 267.90133  0.16059
 267.91101  0.16127
 267.92066  0.16279
 267.93030  0.16238
 267.93995  0.16417
 267.94963  0.16543
 267.95927  0.16681
 267.96893  0.16719
 267.97857  0.16880
 267.98824  0.16884
 267.99790  0.17048
 268.00754  0.17080
 268.01718  0.17144
 268.02687  0.17275
 268.03651  0.17265
 268.04616  0.17375
 268.05581  0.17591
 268.06545  0.17558
 268.07513  0.17874
 268.08478  0.17792
 268.09442  0.18067
 268.10407  0.18155
 268.11372  0.18305
 268.12336  0.18333
 268.13304  0.18635
 268.14269  0.18640
 268.15234  0.18777
 268.16198  0.18965
 268.17163  0.18889
 268.18128  0.19156
 268.19092  0.19255
 268.20060  0.19340
 268.21025  0.19304
 268.21989  0.19274
 268.22954  0.19557
 268.23919  0.19476
 268.24883  0.19699
 268.25848  0.19867
 268.26813  0.19868
 268.27777  0.20166
 268.28743  0.20157
 268.29707  0.20333
 268.30671  0.20329
 268.31639  0.20634
 268.32604  0.20696
 268.33568  0.20951
 268.34533  0.20942
 268.35498  0.21178
 268.36462  0.21298
 268.37427  0.21398
 268.38392  0.21431
 268.39357  0.21520
 268.40321  0.21608
 268.41286  0.21893
 268.42251  0.21968
 268.43215  0.22093
 268.44180  0.22188
 268.45145  0.22362
 268.46109  0.22399
 268.47074  0.22597
 268.48039  0.22686
 268.49000  0.22982
 268.49965  0.23005
 268.50930  0.23158
 268.51894  0.23314
 268.52859  0.23552
 268.53824  0.23620
 268.54788  0.23790
 268.55754  0.24095
 268.56718  0.24228
 268.57682  0.24404
 268.58648  0.24629
 268.59612  0.24801
 268.60573  0.24952
 268.61539  0.25189
 268.62503  0.25302
 268.63467  0.25478
 268.64433  0.25786
 268.65397  0.25860
 268.66361  0.26010
 268.67324  0.26212
 268.68288  0.26544
 268.69252  0.26616
 268.70218  0.26801
 268.71182  0.26990
 268.72146  0.27290
 268.73109  0.27455
 268.74073  0.27654
 268.75037  0.27944
 268.76003  0.28185
 268.76967  0.28378
 268.77928  0.28589
 268.78894  0.28849
 268.79858  0.29137
 268.80823  0.29421
 268.81785  0.29692
 268.82749  0.29969
 268.83714  0.30251
 268.84679  0.30534
 268.85640  0.30812
 268.86605  0.31150
 268.87570  0.31471
 268.88534  0.31781
 268.89496  0.32170
 268.90461  0.32440
 268.91425  0.32713
 268.92387  0.32992
 268.93352  0.33301
 268.94316  0.33686
 268.95278  0.34042
 268.96243  0.34434
 268.97207  0.34806
 268.98169  0.35092
 268.99134  0.35438
 269.00098  0.35529
 269.01060  0.35470
 269.02025  0.36027
 269.02989  0.36094
 269.03951  0.36115
 269.04916  0.36354
 269.05880  0.36426
 269.06842  0.36606
 269.07807  0.36595
 269.08768  0.36984
 269.09733  0.36975
 269.10698  0.37027
 269.11659  0.37029
 269.12624  0.37442
 269.13585  0.37332
 269.14550  0.37841
 269.15512  0.37615
 269.16476  0.37676
 269.17441  0.37784
 269.18403  0.37757
 269.19367  0.37725
 269.20329  0.37692
 269.21294  0.37608
 269.22255  0.37767
 269.23220  0.37519
 269.24182  0.37645
 269.25146  0.37803
 269.26108  0.37809
 269.27073  0.37944
 269.28034  0.37847
 269.28999  0.38019
 269.29961  0.37960
 269.30925  0.38161
 269.31887  0.38272
 269.32852  0.38296
 269.33813  0.38496
 269.34775  0.38548
 269.35740  0.38437
 269.36701  0.38429
 269.37666  0.38183
 269.38628  0.38687
 269.39592  0.38797
 269.40554  0.38755
 269.41516  0.39012
 269.42480  0.38644
 269.43442  0.38733
 269.44407  0.39005
 269.45368  0.38802
 269.46330  0.38802
 269.47295  0.38753
 269.48256  0.38819
 269.49221  0.39078
 269.50182  0.38838
 269.51144  0.38751
 269.52109  0.39024
 269.53070  0.38665
 269.54032  0.38920
 269.54997  0.38968
 269.55958  0.38711
 269.56920  0.38849
 269.57885  0.38641
 269.58846  0.38505
 269.59808  0.38610
 269.60770  0.38574
 269.61734  0.38597
 269.62696  0.38698
 269.63658  0.38532
 269.64622  0.38478
 269.65584  0.38419
 269.66546  0.38308
 269.67507  0.38395
 269.68472  0.38183
 269.69434  0.38278
 269.70395  0.38114
 269.71356  0.38299
 269.72322  0.38001
 269.73283  0.37912
 269.74244  0.38182
 269.75207  0.37937
 269.76168  0.37919
 269.77132  0.37925
 269.78095  0.38079
 269.79056  0.37956
 269.80017  0.38206
 269.80980  0.38144
 269.81944  0.38040
 269.82905  0.38031
 269.83868  0.37903
 269.84829  0.38076
 269.85790  0.38121
 269.86752  0.38025
 269.87714  0.38200
 269.88678  0.37987
 269.89640  0.38108
 269.90602  0.37856
 269.91563  0.38153
 269.92525  0.38142
 269.93487  0.38158
 269.94448  0.38039
 269.95410  0.38178
 269.96372  0.38252
 269.97333  0.38265
 269.98298  0.38273
 269.99260  0.38320
 270.00221  0.38449
 270.01183  0.38141
 270.02144  0.38379
 270.03106  0.38558
 270.04068  0.38585
 270.05029  0.38570
 270.05991  0.38832
 270.06953  0.38544
 270.07914  0.38920
 270.08876  0.38618
 270.09838  0.38640
 270.10799  0.38574
 270.11760  0.38741
 270.12723  0.38633
 270.13684  0.38779
 270.14645  0.38395
 270.15607  0.38668
 270.16569  0.38411
 270.17530  0.38242
 270.18492  0.38409
 270.19454  0.37975
 270.20415  0.37920
 270.21377  0.38013
 270.22339  0.37899
 270.23297  0.37644
 270.24258  0.37674
 270.25221  0.37716
 270.26182  0.38155
 270.27143  0.38049
 270.28106  0.37899
 270.29067  0.38006
 270.30028  0.38130
 270.30991  0.37977
 270.31952  0.37930
 270.32910  0.38000
 270.33872  0.37716
 270.34834  0.37541
 270.35795  0.37455
 270.36757  0.37486
 270.37719  0.37601
 270.38680  0.37320
 270.39639  0.37305
 270.40600  0.37042
 270.41562  0.37120
 270.42524  0.36926
 270.43485  0.36852
 270.44444  0.37180
 270.45406  0.37251
 270.46367  0.37128
 270.47329  0.37153
 270.48291  0.37045
 270.49249  0.37313
 270.50210  0.37331
 270.51173  0.37021
 270.52134  0.37154
 270.53092  0.37094
 270.54055  0.37055
 270.55016  0.36854
 270.55977  0.36981
 270.56936  0.37275
 270.57898  0.37227
 270.58859  0.37244
 270.59818  0.37605
 270.60780  0.37632
 270.61741  0.37499
 270.62700  0.37306
 270.63661  0.37390
 270.64623  0.37356
 270.65585  0.37189
 270.66543  0.37090
 270.67505  0.37448
 270.68467  0.36992
 270.69425  0.37510
 270.70386  0.37200
 270.71346  0.37561
 270.72307  0.37374
 270.73268  0.37543
 270.74228  0.37599
 270.75189  0.37584
 270.76150  0.37544
 270.77109  0.37844
 270.78071  0.37618
 270.79029  0.37760
 270.79991  0.37690
 270.80953  0.37599
 270.81911  0.37589
 270.82873  0.37404
 270.83831  0.37221
 270.84793  0.37117
 270.85752  0.37119
 270.86713  0.37140
 270.87672  0.37022
 270.88634  0.37015
 270.89592  0.36995
 270.90553  0.37069
 270.91516  0.36979
 270.92474  0.37116
 270.93435  0.37092
 270.94394  0.37304
 270.95356  0.37595
 270.96314  0.37543
 270.97276  0.37301
 270.98235  0.37195
 270.99193  0.37226
 271.00155  0.37129
 271.01113  0.36923
 271.02075  0.36826
 271.03034  0.36987
 271.03995  0.36707
 271.04954  0.36869
 271.05916  0.36697
 271.06874  0.36404
 271.07832  0.36429
 271.08795  0.36531
 271.09753  0.36229
 271.10714  0.36408
 271.11673  0.36268
 271.12632  0.36274
 271.13593  0.36523
 271.14552  0.36378
 271.15514  0.36274
 271.16472  0.36533
 271.17431  0.36414
 271.18392  0.36818
 271.19351  0.36357
 271.20310  0.36357
 271.21271  0.36673
 271.22229  0.36414
 271.23189  0.36548
 271.24150  0.36625
 271.25108  0.36596
 271.26067  0.36326
 271.27029  0.36297
 271.27987  0.36266
 271.28946  0.36337
 271.29905  0.36160
 271.30866  0.35944
 271.31825  0.35981
 271.32783  0.36171
 271.33745  0.36066
 271.34704  0.36115
 271.35662  0.36028
 271.36620  0.35997
 271.37583  0.36102
 271.38541  0.36204
 271.39499  0.35965
 271.40458  0.35905
 271.41417  0.36177
 271.42378  0.36059
 271.43337  0.36100
 271.44296  0.36361
 271.45254  0.36143
 271.46213  0.36351
 271.47174  0.36128
 271.48133  0.36316
 271.49092  0.36071
 271.50050  0.36294
 271.51008  0.36192
 271.51968  0.36221
 271.52929  0.36328
 271.53887  0.36234
 271.54846  0.36352
 271.55805  0.36128
 271.56763  0.36429
 271.57722  0.36170
 271.58680  0.36267
 271.59639  0.36272
 271.60601  0.36259
 271.61559  0.36073
 271.62517  0.36244
 271.63477  0.36047
 271.64435  0.36132
 271.65393  0.35964
 271.66352  0.35905
 271.67311  0.35974
 271.68269  0.35967
 271.69228  0.35944
 271.70186  0.36173
 271.71145  0.35966
 271.72104  0.36172
 271.73062  0.36073
 271.74020  0.36004
 271.74980  0.36494
 271.75938  0.36168
 271.76896  0.36559
 271.77855  0.36223
 271.78814  0.36182
 271.79772  0.36280
 271.80731  0.36183
 271.81689  0.36049
 271.82648  0.36162
 271.83607  0.36213
 271.84565  0.36753
 271.85524  0.37940
 271.86483  0.40475
