# wl 	 %tx
 278.16162  49.08249
 278.17133  49.36750
 278.18104  49.51631
 278.19074  49.37263
 278.20049  49.17642
 278.21019  49.56106
 278.21990  49.48557
 278.22961  49.51555
 278.23931  49.41836
 278.24902  49.43335
 278.25873  49.40303
 278.26844  49.47553
 278.27815  49.39100
 278.28789  49.36944
 278.29759  49.34940
 278.30731  49.31677
 278.31701  49.33698
 278.32672  49.30620
 278.33643  49.11604
 278.34614  49.27170
 278.35584  49.26776
 278.36555  49.23511
 278.37526  49.02741
 278.38496  49.09697
 278.39468  49.20557
 278.40438  48.90915
 278.41409  48.96977
 278.42380  48.81061
 278.43354  48.96002
 278.44324  48.82866
 278.45296  48.72350
 278.46266  48.57845
 278.47237  48.77450
 278.48208  48.59569
 278.49178  48.46893
 278.50149  48.43704
 278.51120  48.38716
 278.52091  48.20366
 278.53062  48.03941
 278.54033  48.18352
 278.55000  48.15669
 278.55972  47.90700
 278.56942  47.85437
 278.57913  47.79544
 278.58884  47.72315
 278.59854  47.60409
 278.60825  47.51789
 278.61796  47.40944
 278.62767  47.31638
 278.63737  47.33803
 278.64709  47.14651
 278.65679  47.08699
 278.66650  46.78336
 278.67621  46.95697
 278.68592  46.83675
 278.69562  46.65122
 278.70530  46.62794
 278.71501  46.40840
 278.72471  46.38186
 278.73443  46.33862
 278.74413  46.14244
 278.75385  46.06606
 278.76355  45.87316
 278.77326  45.89771
 278.78294  45.76900
 278.79265  45.50198
 278.80235  45.54418
 278.81206  45.35455
 278.82177  45.36802
 278.83147  45.28163
 278.84116  45.11531
 278.85086  45.01386
 278.86057  44.84227
 278.87028  44.66431
 278.87999  44.70255
 278.88969  44.51429
 278.89937  44.44243
 278.90908  44.28519
 278.91878  44.09067
 278.92850  44.11437
 278.93817  44.06591
 278.94788  43.81335
 278.95759  43.86814
 278.96730  43.75988
 278.97701  43.66229
 278.98669  43.43920
 278.99639  43.34464
 279.00610  43.27978
 279.01581  43.24320
 279.02548  43.13324
 279.03520  43.07495
 279.04490  42.91260
 279.05461  42.96859
 279.06429  42.75221
 279.07400  42.74386
 279.08370  42.64341
 279.09338  42.48077
 279.10309  42.56271
 279.11279  42.37392
 279.12248  42.24582
 279.13218  42.24349
 279.14189  42.19644
 279.15160  42.17929
 279.16128  42.04295
 279.17098  41.94230
 279.18069  41.89132
 279.19037  41.84653
 279.20008  41.78542
 279.20976  41.68134
 279.21946  41.62519
 279.22918  41.68139
 279.23885  41.50607
 279.24855  41.54526
 279.25827  41.51435
 279.26794  41.42646
 279.27765  41.35580
 279.28733  41.34177
 279.29704  41.26951
 279.30674  41.28328
 279.31643  41.26455
 279.32613  41.13215
 279.33580  41.20578
 279.34552  41.09535
 279.35522  41.14642
 279.36490  41.01696
 279.37461  41.05711
 279.38429  41.04468
 279.39399  40.96786
 279.40367  41.00400
 279.41338  41.07555
 279.42309  41.02420
 279.43277  40.91872
 279.44247  40.97595
 279.45216  41.02641
 279.46186  40.92223
 279.47154  40.99124
 279.48125  40.97856
 279.49092  40.98197
 279.50063  40.95570
 279.51031  40.95292
 279.52002  40.90150
 279.52969  41.02398
 279.53941  41.01073
 279.54908  41.03407
 279.55878  41.06373
 279.56847  41.06285
 279.57817  41.07832
 279.58785  41.17796
 279.59756  41.17605
 279.60724  41.19342
 279.61691  41.26306
 279.62662  41.19539
 279.63630  41.41585
 279.64601  41.27179
 279.65569  41.40172
 279.66539  41.39000
 279.67508  41.48010
 279.68475  41.55088
 279.69445  41.60899
 279.70414  41.59060
 279.71384  41.62660
 279.72352  41.74399
 279.73320  41.82111
 279.74291  41.90935
 279.75258  41.88423
 279.76229  41.98573
 279.77197  42.06012
 279.78164  42.16905
 279.79136  42.20387
 279.80103  42.24902
 279.81071  42.33336
 279.82042  42.37118
 279.83009  42.52575
 279.83977  42.51603
 279.84948  42.53514
 279.85916  42.69969
 279.86884  42.79220
 279.87855  42.73544
 279.88822  42.93952
 279.89790  42.98086
 279.90761  43.08264
 279.91728  43.17804
 279.92697  43.20876
 279.93667  43.33492
 279.94635  43.37169
 279.95603  43.43728
 279.96570  43.46375
 279.97541  43.52640
 279.98509  43.70710
 279.99477  43.77687
 280.00444  43.79250
 280.01415  43.84878
 280.02383  43.94410
 280.03350  44.05582
 280.04319  44.24205
 280.05289  44.25884
 280.06258  44.27634
 280.07225  44.43600
 280.08192  44.40290
 280.09161  44.51602
 280.10131  44.70758
 280.11099  44.62839
 280.12067  44.62208
 280.13034  44.88367
 280.14002  44.74328
 280.14973  44.91440
 280.15941  44.99145
 280.16908  45.22824
 280.17877  45.07600
 280.18844  45.17887
 280.19814  45.21519
 280.20783  45.34199
 280.21750  45.32204
 280.22718  45.44178
 280.23686  45.47895
 280.24653  45.59173
 280.25621  45.55088
 280.26589  45.60527
 280.27560  45.72339
 280.28528  45.65923
 280.29496  45.82989
 280.30463  45.73084
 280.31431  45.78850
 280.32399  45.89453
 280.33366  45.78596
 280.34335  45.96759
 280.35302  45.94657
 280.36269  45.93045
 280.37241  46.05847
 280.38208  45.97413
 280.39176  45.96685
 280.40144  46.13023
 280.41111  45.98485
 280.42079  46.10564
 280.43047  45.95754
 280.44015  46.05977
 280.44982  46.12446
 280.45951  45.91867
 280.46918  46.19968
 280.47886  45.90566
 280.48854  46.00025
 280.49821  46.01112
 280.50790  45.99919
 280.51757  45.96263
 280.52724  45.94124
 280.53693  45.92057
 280.54660  45.89224
 280.55628  46.04097
 280.56596  45.92284
 280.57563  45.90520
 280.58531  45.85838
 280.59499  45.79242
 280.60467  45.79807
 280.61434  45.77020
 280.62402  45.61878
 280.63370  45.83443
 280.64337  45.63582
 280.65303  45.52886
 280.66270  45.68962
 280.67237  45.49931
 280.68206  45.66792
 280.69173  45.42625
 280.70142  45.49718
 280.71109  45.36745
 280.72076  45.42064
 280.73045  45.31186
 280.74012  45.19406
 280.74980  45.33547
 280.75945  45.20638
 280.76912  45.20078
 280.77880  45.19299
 280.78848  45.07333
 280.79816  45.00361
 280.80783  45.04421
 280.81751  44.98801
 280.82716  45.05101
 280.83683  44.82079
 280.84652  44.78769
 280.85619  44.90561
 280.86586  44.76331
 280.87555  44.84765
 280.88519  44.76587
 280.89488  44.67472
 280.90455  44.67366
 280.91422  44.72285
 280.92391  44.64779
 280.93355  44.59463
 280.94323  44.57211
 280.95291  44.57899
 280.96258  44.55208
 280.97223  44.53739
 280.98191  44.62287
 280.99159  44.55053
 281.00126  44.42230
 281.01091  44.50229
 281.02059  44.54080
 281.03026  44.38672
 281.03995  44.36926
 281.04959  44.41134
 281.05926  44.31483
 281.06895  44.38670
 281.07862  44.40335
 281.08828  44.36102
 281.09795  44.43771
 281.10762  44.30820
 281.11728  44.48393
 281.12695  44.41468
 281.13663  44.49848
 281.14628  44.40027
 281.15595  44.46907
 281.16563  44.41910
 281.17528  44.53600
 281.18495  44.44275
 281.19463  44.65439
 281.20428  44.58232
 281.21396  44.58536
 281.22363  44.64914
 281.23328  44.72913
 281.24296  44.69375
 281.25263  44.72676
 281.26229  44.74536
 281.27196  44.87919
 281.28161  44.88723
 281.29129  44.85688
 281.30096  44.95370
 281.31061  44.90726
 281.32029  45.11610
 281.32993  44.96095
 281.33962  45.24507
 281.34929  45.14906
 281.35893  45.22810
 281.36862  45.17990
 281.37826  45.36811
 281.38794  45.34919
 281.39759  45.30259
 281.40726  45.58882
 281.41694  45.57353
 281.42659  45.60283
 281.43627  45.69240
 281.44591  45.68734
 281.45559  45.78983
 281.46524  45.88856
 281.47492  46.04403
 281.48456  45.95932
 281.49424  46.09428
 281.50389  46.11430
 281.51357  46.16603
 281.52321  46.26280
 281.53289  46.31157
 281.54254  46.47675
 281.55221  46.48613
 281.56186  46.56002
 281.57154  46.66018
 281.58118  46.74631
 281.59084  46.75533
 281.60051  46.93175
 281.61015  46.81541
 281.61984  47.01916
 281.62948  46.98223
 281.63915  47.22509
 281.64881  47.30814
 281.65848  47.13484
 281.66814  47.38478
 281.67778  47.36610
 281.68745  47.41680
 281.69711  47.54032
 281.70678  47.64270
 281.71642  47.66435
 281.72608  47.68279
 281.73575  47.84989
 281.74540  47.79236
 281.75505  48.06170
 281.76472  47.97441
 281.77437  48.00905
 281.78405  48.12934
 281.79369  48.08108
 281.80334  48.24271
 281.81302  48.33225
 281.82267  48.32245
 281.83231  48.39321
 281.84199  48.40855
 281.85164  48.57554
 281.86129  48.49002
 281.87093  48.66162
 281.88061  48.51007
 281.89026  48.69248
 281.89991  48.64085
 281.90958  48.76822
 281.91923  48.72502
 281.92888  48.77875
 281.93855  48.90224
 281.94820  48.83882
 281.95785  48.80077
 281.96749  48.96378
 281.97718  48.96598
 281.98682  49.06188
 281.99646  49.03814
 282.00612  49.02651
 282.01579  49.18439
 282.02544  49.07393
 282.03509  49.11822
 282.04473  49.18720
 282.05438  49.12639
 282.06406  49.10172
 282.07370  49.31849
 282.08336  49.24952
 282.09300  49.26580
 282.10264  49.32977
 282.11233  49.28289
 282.12197  49.34803
 282.13161  49.42584
 282.14127  49.27659
 282.15091  49.31505
 282.16055  49.30877
 282.17024  49.33688
 282.17988  49.40413
 282.18953  49.46146
 282.19918  49.44281
 282.20882  49.39720
 282.21848  49.41140
 282.22812  49.38029
 282.23779  49.35266
 282.24745  49.29025
 282.25709  49.52102
 282.26673  49.49698
 282.27639  49.47173
 282.28603  49.47405
 282.29568  49.46229
 282.30533  49.31872
 282.31497  49.33650
 282.32462  49.41867
 282.33430  49.53938
 282.34394  49.37990
 282.35359  49.29389
 282.36324  49.45655
 282.37288  49.48349
 282.38253  49.56739
 282.39218  49.49600
 282.40183  49.28952
 282.41148  49.64468
 282.42112  49.46772
 282.43077  49.32844
 282.44042  49.48526
 282.45006  49.51825
 282.45971  49.33918
 282.46936  49.39011
 282.47900  49.51823
 282.48865  49.58832
 282.49830  49.47600
 282.50794  49.33974
 282.51759  49.44173
 282.52724  49.49601
 282.53688  49.47004
 282.54653  49.61433
 282.55618  49.34291
 282.56583  49.47202
 282.57548  49.46537
 282.58512  49.51638
 282.59477  49.53645
 282.60442  49.48218
 282.61403  49.61614
 282.62368  49.55646
 282.63333  49.59088
 282.64297  49.50385
 282.65262  49.70802
 282.66227  49.49714
 282.67191  49.59679
 282.68156  49.62981
 282.69121  49.57332
 282.70085  49.63016
 282.71047  49.62840
 282.72012  49.62670
 282.72976  49.66947
 282.73941  49.85502
 282.74906  49.62098
 282.75871  49.55812
 282.76836  49.66422
 282.77797  49.64700
 282.78762  49.63610
 282.79727  49.82502
 282.80691  49.63257
 282.81656  49.74287
 282.82621  49.72291
 282.83582  49.79954
 282.84547  49.72408
 282.85512  49.66438
 282.86476  49.86942
 282.87441  49.73538
 282.88403  49.69295
 282.89367  50.01078
 282.90332  49.63724
 282.91297  49.84422
 282.92258  49.80283
 282.93224  49.78765
 282.94188  49.72626
 282.95152  49.89917
 282.96115  49.71712
 282.97079  49.85081
 282.98043  49.78538
 282.99009  49.95107
 282.99970  49.83548
 283.00934  49.89916
 283.01900  49.82162
 283.02864  49.96340
 283.03826  49.81404
 283.04791  49.88106
 283.05755  49.77456
 283.06717  49.91796
 283.07682  49.79990
 283.08646  50.05160
 283.09609  49.78238
 283.10573  49.90267
 283.11537  49.83542
 283.12500  49.89569
 283.13464  49.93535
 283.14428  49.65585
 283.15391  49.80074
 283.16355  49.98218
 283.17319  49.71885
 283.18282  49.71152
 283.19246  49.95737
 283.20207  49.77817
 283.21173  49.80223
 283.22137  49.79076
 283.23098  49.80029
 283.24064  49.71964
 283.25025  49.82281
 283.25989  49.78783
 283.26955  49.73477
 283.27916  49.99978
 283.28881  49.62810
 283.29843  49.83111
 283.30807  49.71449
 283.31769  49.69904
 283.32734  49.68549
 283.33698  49.67393
 283.34660  49.70647
 283.35625  49.73754
 283.36586  49.57064
 283.37551  49.72955
 283.38513  49.74357
 283.39477  49.68625
 283.40439  49.68118
 283.41404  49.63555
 283.42365  49.55407
 283.43330  49.53652
 283.44292  49.68539
 283.45257  49.64863
 283.46218  49.69828
 283.47183  49.48646
 283.48145  49.61308
 283.49109  49.52253
 283.50071  49.57757
 283.51036  49.54227
 283.51997  49.57352
 283.52958  49.41756
 283.53924  49.67036
 283.54885  49.49907
 283.55850  49.62821
 283.56812  49.41469
 283.57776  49.60961
 283.58737  49.53022
 283.59700  49.39165
 283.60664  49.59071
 283.61626  49.51487
 283.62591  49.39943
 283.63552  49.46706
 283.64514  49.68700
 283.65479  49.46627
 283.66440  49.42819
 283.67405  49.42327
 283.68367  49.49584
 283.69328  49.35329
 283.70293  49.42277
 283.71255  49.52558
 283.72216  49.57752
 283.73181  49.47661
 283.74143  49.63762
 283.75104  49.48697
 283.76069  49.50190
 283.77031  49.55409
 283.77993  49.52414
 283.78957  49.57057
 283.79919  49.45055
 283.80881  49.39956
 283.81845  49.65679
 283.82807  49.33348
 283.83769  49.60519
 283.84730  49.53146
 283.85694  49.50690
 283.86657  49.60095
 283.87618  49.57154
 283.88579  49.58494
 283.89545  49.52378
 283.90506  49.69408
 283.91467  49.52451
 283.92430  49.65244
 283.93394  49.53732
 283.94356  49.65251
 283.95318  49.70546
 283.96279  49.72111
 283.97244  49.66296
 283.98206  49.72812
 283.99167  49.78993
 284.00129  49.62313
 284.01091  49.74695
 284.02052  49.84125
 284.03017  49.84472
 284.03978  49.66772
 284.04940  49.87480
 284.05902  49.99409
 284.06863  49.80208
 284.07828  49.85549
 284.08790  49.90910
 284.09751  49.89418
 284.10713  50.03852
 284.11675  49.88773
 284.12636  49.85200
 284.13599  50.02728
 284.14560  50.09961
 284.15524  50.14367
 284.16487  49.86403
 284.17448  50.23074
 284.18409  50.02240
 284.19371  50.04194
 284.20333  50.13145
 284.21294  50.48137
 284.22256  50.11322
 284.23218  50.22713
 284.24179  50.16540
 284.25141  50.26442
 284.26103  50.31897
 284.27067  50.38123
 284.28029  50.16105
 284.28991  50.33832
 284.29953  50.33938
 284.30914  50.29750
 284.31875  50.28884
 284.32838  50.23422
 284.33799  50.49487
 284.34760  50.30654
 284.35723  50.40609
 284.36684  50.42173
 284.37645  50.59829
 284.38608  50.48090
 284.39569  50.32794
 284.40530  50.61034
 284.41492  50.39927
 284.42454  50.73364
 284.43415  50.61555
 284.44377  50.72134
 284.45339  50.59895
 284.46301  50.41932
 284.47259  50.55993
 284.48221  50.60988
 284.49183  50.76147
 284.50144  50.67732
 284.51105  50.72471
 284.52068  50.67817
 284.53029  50.70448
 284.53990  50.67241
 284.54953  50.60369
 284.55914  50.63256
 284.56875  50.79714
 284.57838  50.84135
 284.58796  50.70604
 284.59758  50.74090
 284.60719  50.71815
 284.61681  50.75693
 284.62643  50.90281
 284.63604  50.70633
 284.64566  50.80314
 284.65525  50.94134
 284.66486  50.77717
 284.67448  50.83113
 284.68410  50.88546
 284.69371  50.85386
 284.70332  50.94933
 284.71292  50.70187
 284.72253  50.94945
 284.73214  50.95060
 284.74177  50.80157
 284.75138  50.71639
 284.76097  50.87885
 284.77058  50.79343
 284.78020  50.86485
 284.78982  50.90027
 284.79943  50.94363
 284.80902  50.87387
 284.81864  50.98057
 284.82825  50.93516
 284.83787  51.12031
 284.84746  50.72056
 284.85707  51.06703
 284.86668  50.89885
 284.87631  50.95589
 284.88589  50.93211
 284.89550  51.03922
 284.90513  50.88741
 284.91471  50.99443
 284.92433  51.01388
 284.93394  50.79508
 284.94353  51.22121
 284.95315  50.92211
 284.96276  51.00254
 284.97238  50.94216
 284.98197  51.03596
 284.99158  50.88537
 285.00119  50.91184
 285.01079  51.23999
 285.02040  50.97215
 285.02998  51.05578
 285.03961  50.98475
 285.04922  50.91674
 285.05880  50.93123
 285.06842  51.05888
 285.07804  51.09546
 285.08763  50.97759
 285.09724  51.08983
 285.10683  51.24432
 285.11645  50.85339
 285.12606  51.05964
 285.13564  50.86695
 285.14527  51.12563
 285.15485  51.08761
 285.16446  51.12504
 285.17409  51.15479
 285.18367  51.16554
 285.19328  50.92873
 285.20287  50.98491
 285.21249  51.01560
 285.22207  51.00485
 285.23169  51.07406
 285.24127  51.14414
 285.25090  50.98483
 285.26048  50.98266
 285.27009  51.00931
 285.27969  51.10056
 285.28930  51.12110
 285.29888  50.99918
 285.30850  51.07864
 285.31809  50.98063
 285.32770  50.92582
 285.33729  51.11115
 285.34691  50.88445
 285.35649  51.14711
 285.36611  50.93646
 285.37569  50.86526
 285.38532  50.89831
 285.39490  50.96690
 285.40451  50.97708
 285.41410  50.96873
 285.42369  50.77150
 285.43330  50.75043
 285.44289  51.06062
 285.45251  50.85396
 285.46209  50.78039
 285.47171  50.86320
 285.48129  50.56494
 285.49088  51.13501
 285.50050  50.92143
 285.51008  50.69409
 285.51966  50.75090
 285.52929  50.69419
 285.53887  50.69529
 285.54849  50.56040
 285.55808  50.54624
 285.56766  50.71368
 285.57728  50.46773
 285.58686  50.53725
 285.59645  50.38124
 285.60607  50.69312
 285.61565  50.57863
 285.62523  50.28221
 285.63486  50.57110
 285.64444  50.23609
 285.65402  50.33798
 285.66365  50.36632
 285.67323  50.10845
 285.68281  50.40445
 285.69240  50.09293
 285.70202  50.16564
 285.71161  49.98666
 285.72119  50.06626
 285.73080  50.03776
 285.74040  49.97589
 285.74998  49.92905
 285.75956  49.90259
 285.76918  49.86548
 285.77877  49.74442
 285.78835  49.69568
 285.79794  49.80348
 285.80752  49.64329
 285.81714  49.71415
 285.82673  49.36551
 285.83631  49.37651
 285.84591  49.66180
 285.85549  49.23522
 285.86510  49.36168
 285.87469  49.35155
 285.88428  49.05959
 285.89386  49.31049
 285.90345  49.11453
 285.91306  48.87148
 285.92265  49.11112
 285.93224  48.96355
 285.94182  48.75316
 285.95140  48.86877
 285.96100  48.57486
 285.97058  48.74059
 285.98019  48.44313
 285.98978  48.62316
 285.99937  48.45130
 286.00896  48.27807
 286.01854  48.18612
 286.02812  48.33665
 286.03772  48.05283
 286.04730  48.02796
 286.05688  48.13349
 286.06647  47.93690
 286.07609  47.86473
 286.08567  47.79240
 286.09526  47.69062
 286.10485  47.54489
 286.11443  47.53702
 286.12402  47.25947
 286.13360  47.37754
 286.14320  47.14162
 286.15278  47.25614
 286.16236  47.00267
 286.17195  46.93268
 286.18154  46.84851
 286.19112  46.79718
 286.20071  46.65001
 286.21029  46.45955
 286.21988  46.45059
 286.22947  46.39378
 286.23905  46.16060
 286.24863  46.16364
 286.25823  45.90484
 286.26781  45.97312
 286.27739  45.56490
 286.28698  45.71610
 286.29657  45.54619
 286.30616  45.43465
 286.31574  45.13974
 286.32532  45.21426
 286.33492  45.09701
 286.34450  44.79346
 286.35405  44.71494
 286.36364  44.62297
 286.37323  44.31082
 286.38281  44.36439
 286.39240  44.18786
 286.40198  43.95305
 286.41157  43.92596
 286.42116  43.76843
 286.43074  43.67407
 286.44033  43.50639
 286.44988  43.35385
 286.45947  43.15507
 286.46906  42.99483
 286.47864  42.88644
 286.48823  42.62063
 286.49782  42.55187
 286.50737  42.36548
 286.51695  42.20785
 286.52654  42.02918
 286.53613  41.76561
 286.54571  41.66706
 286.55530  41.45373
 286.56485  41.35051
 286.57444  41.15953
 286.58403  40.99647
 286.59361  40.77063
 286.60320  40.54968
 286.61276  40.42316
 286.62234  40.19241
 286.63193  39.96199
 286.64151  39.75048
 286.65107  39.60725
 286.66066  39.41884
 286.67024  39.24177
 286.67982  39.00156
 286.68939  38.80761
 286.69897  38.66955
 286.70855  38.46085
 286.71814  38.19180
 286.72769  37.97953
 286.73729  37.72120
 286.74687  37.56760
 286.75642  37.34977
 286.76601  37.10407
 286.77560  36.91867
 286.78515  36.65975
 286.79474  36.43467
 286.80432  36.22569
 286.81388  35.98888
 286.82347  35.76337
 286.83305  35.52914
 286.84260  35.31654
 286.85220  35.01223
 286.86178  34.84274
 286.87133  34.59123
 286.88092  34.34467
 286.89051  34.17107
 286.90007  33.87717
 286.90965  33.67532
 286.91920  33.50187
 286.92879  33.19988
 286.93838  32.87025
 286.94793  32.71126
 286.95752  32.42297
 286.96707  32.20753
 286.97666  32.01868
 286.98625  31.75634
 286.99580  31.55563
 287.00538  31.25891
 287.01494  30.97587
 287.02453  30.76743
 287.03409  30.52574
 287.04367  30.32679
 287.05322  30.03581
 287.06282  29.86933
 287.07240  29.53348
 287.08195  29.41327
 287.09154  29.15443
 287.10110  28.94823
 287.11068  28.69927
 287.12024  28.43427
 287.12982  28.19411
 287.13937  28.00458
 287.14897  27.71299
 287.15852  27.49502
 287.16808  27.29873
 287.17766  27.05422
 287.18722  26.86702
 287.19681  26.53832
 287.20636  26.33917
 287.21594  26.06289
 287.22550  25.89859
 287.23509  25.66055
 287.24464  25.43332
 287.25420  25.23833
 287.26378  25.06833
 287.27334  24.77858
 287.28293  24.56201
 287.29248  24.36824
 287.30204  24.13305
 287.31162  23.88887
 287.32118  23.70615
 287.33077  23.50764
 287.34032  23.33492
 287.34987  23.07484
 287.35947  22.88988
 287.36902  22.66848
 287.37857  22.42702
 287.38816  22.25509
 287.39771  22.07145
 287.40727  21.87234
 287.41686  21.67364
 287.42641  21.44433
 287.43596  21.24854
 287.44556  21.03468
 287.45511  20.92070
 287.46467  20.66758
 287.47425  20.52233
 287.48380  20.34253
 287.49337  20.12891
 287.50295  19.91040
 287.51250  19.73342
 287.52206  19.55123
 287.53161  19.40604
 287.54120  19.17532
 287.55076  19.05979
 287.56031  18.82975
 287.56986  18.67950
 287.57946  18.48502
 287.58901  18.30462
 287.59857  18.16769
 287.60812  17.99058
 287.61770  17.87143
 287.62727  17.64757
 287.63682  17.49737
 287.64637  17.33829
 287.65593  17.18160
 287.66551  16.97579
 287.67507  16.78810
 287.68463  16.67878
 287.69418  16.51420
 287.70373  16.34753
 287.71329  16.20555
 287.72288  16.04456
 287.73244  15.92763
 287.74199  15.72483
 287.75154  15.61974
 287.76110  15.41715
 287.77066  15.28702
 287.78021  15.15138
 287.78980  14.96351
 287.79935  14.83203
 287.80891  14.71525
 287.81847  14.56454
 287.82802  14.40063
 287.83757  14.25252
 287.84713  14.08417
 287.85669  13.97138
 287.86625  13.85422
 287.87580  13.68597
 287.88535  13.55407
 287.89494  13.45153
 287.90450  13.24772
 287.91405  13.15734
 287.92361  12.97708
 287.93316  12.86234
 287.94271  12.72622
 287.95228  12.58472
 287.96183  12.46665
 287.97138  12.33487
 287.98094  12.20407
 287.99049  12.07095
 288.00006  11.95299
 288.00961  11.81970
 288.01916  11.71980
 288.02872  11.58475
 288.03827  11.42502
 288.04783  11.33547
 288.05739  11.22131
 288.06694  11.08876
 288.07649  10.95407
 288.08605  10.80916
 288.09561  10.69849
 288.10516  10.60222
 288.11469  10.48097
 288.12424  10.34773
 288.13380  10.21782
 288.14336  10.13169
 288.15291  9.97081
 288.16247  9.87750
 288.17202  9.77865
 288.18157  9.65287
 288.19114  9.51882
 288.20069  9.38922
 288.21024  9.28516
 288.21977  9.18814
 288.22932  9.05030
 288.23888  8.93518
 288.24844  8.84435
 288.25799  8.74517
 288.26754  8.61010
 288.27710  8.55461
 288.28662  8.39107
 288.29619  8.31288
 288.30574  8.20960
 288.31529  8.09071
 288.32485  8.01467
 288.33440  7.88052
 288.34393  7.78615
 288.35349  7.69082
 288.36304  7.58894
 288.37259  7.50319
 288.38215  7.38609
 288.39168  7.25595
 288.40123  7.15475
 288.41079  7.09298
 288.42034  6.97585
 288.42987  6.88431
 288.43942  6.80826
 288.44898  6.68905
 288.45854  6.61785
 288.46806  6.52403
 288.47761  6.43225
 288.48717  6.31756
 288.49673  6.23575
 288.50625  6.17041
 288.51581  6.08815
 288.52536  5.98812
 288.53488  5.88986
 288.54445  5.80577
 288.55400  5.71680
 288.56353  5.64418
 288.57308  5.56901
 288.58263  5.48177
 288.59216  5.40562
 288.60172  5.31838
 288.61127  5.24175
 288.62080  5.13887
 288.63035  5.08433
 288.63990  5.00475
 288.64944  4.94394
 288.65899  4.87959
 288.66854  4.78314
 288.67807  4.71441
 288.68762  4.62758
 288.69715  4.58803
 288.70671  4.48937
 288.71626  4.43701
 288.72579  4.36566
 288.73534  4.31348
 288.74486  4.24812
 288.75443  4.18073
 288.76398  4.10827
 288.77350  4.04620
 288.78306  4.00079
 288.79258  3.91238
 288.80213  3.86826
 288.81167  3.81822
 288.82122  3.75474
 288.83075  3.71744
 288.84030  3.63781
 288.84982  3.57601
 288.85938  3.52949
 288.86891  3.47927
 288.87846  3.41336
 288.88799  3.36415
 288.89754  3.31962
 288.90706  3.27900
 288.91663  3.22565
 288.92615  3.17146
 288.93570  3.12417
 288.94523  3.08320
 288.95478  3.03119
 288.96431  2.97697
 288.97387  2.93279
 288.98339  2.89646
 288.99295  2.84739
 289.00247  2.80449
 289.01199  2.75673
 289.02155  2.70741
 289.03108  2.66935
 289.04063  2.64820
 289.05016  2.59159
 289.05968  2.56236
 289.06923  2.52929
 289.07876  2.48487
 289.08832  2.45546
 289.09785  2.41721
 289.10737  2.37185
 289.11692  2.35385
 289.12645  2.30427
 289.13597  2.27743
 289.14553  2.22253
 289.15506  2.20245
 289.16458  2.17696
 289.17413  2.13825
 289.18366  2.11984
 289.19318  2.09203
 289.20275  2.04484
 289.21227  2.02879
 289.22179  2.00008
 289.23135  1.98129
 289.24087  1.94618
 289.25039  1.92457
 289.25996  1.89020
 289.26948  1.87225
 289.27900  1.84169
 289.28853  1.80924
 289.29808  1.78777
 289.30760  1.76546
 289.31714  1.73425
 289.32666  1.71945
 289.33622  1.69107
 289.34574  1.67479
 289.35526  1.65174
 289.36479  1.63786
 289.37435  1.61488
 289.38387  1.59049
 289.39340  1.58758
 289.40292  1.55972
 289.41244  1.53663
 289.42200  1.51582
 289.43152  1.48936
 289.44105  1.47047
 289.45058  1.44764
 289.46010  1.43934
 289.46963  1.42471
 289.47918  1.40014
 289.48870  1.39796
 289.49824  1.36415
 289.50776  1.35402
 289.51728  1.33671
 289.52681  1.32718
 289.53633  1.30943
 289.54585  1.29470
 289.55542  1.27732
 289.56494  1.26150
 289.57446  1.24305
 289.58399  1.23373
 289.59351  1.21907
 289.60304  1.20379
 289.61256  1.18996
 289.62209  1.19055
 289.63162  1.16074
 289.64114  1.15287
 289.65066  1.14485
 289.66019  1.13985
 289.66974  1.11671
 289.67926  1.11050
 289.68880  1.09421
 289.69832  1.07814
 289.70784  1.06841
 289.71737  1.06008
 289.72689  1.05141
 289.73642  1.03361
 289.74595  1.02750
 289.75547  1.01451
 289.76500  1.00167
 289.77452  1.00215
 289.78404  1.00167
 289.79357  0.97896
 289.80309  0.97660
 289.81262  0.95912
 289.82215  0.95759
 289.83164  0.93560
 289.84116  0.92841
 289.85069  0.93130
 289.86021  0.91056
 289.86974  0.90971
 289.87927  0.89696
 289.88879  0.89951
 289.89832  0.89382
 289.90784  0.88166
 289.91736  0.85833
 289.92689  0.86965
 289.93641  0.85513
 289.94591  0.85119
 289.95544  0.83986
 289.96496  0.84102
 289.97449  0.82579
 289.98401  0.82911
 289.99353  0.82015
 290.00306  0.81591
 290.01259  0.80480
 290.02208  0.79457
 290.03161  0.79190
 290.04113  0.79564
 290.05065  0.77443
 290.06018  0.77072
 290.06967  0.76852
 290.07920  0.76279
 290.08873  0.76626
 290.09825  0.76056
 290.10778  0.75352
 290.11727  0.75034
 290.12679  0.73331
 290.13632  0.73333
 290.14585  0.73208
 290.15537  0.72871
 290.16487  0.73051
 290.17439  0.71304
 290.18391  0.71346
 290.19344  0.70442
 290.20293  0.70683
 290.21245  0.70214
 290.22199  0.69426
 290.23148  0.69638
 290.24101  0.69034
 290.25053  0.69509
 290.26005  0.68441
 290.26955  0.67679
 290.27907  0.67738
 290.28860  0.67924
 290.29810  0.66925
 290.30762  0.65957
 290.31714  0.66125
 290.32664  0.65162
 290.33616  0.65168
 290.34568  0.65247
 290.35518  0.64659
 290.36471  0.63988
 290.37424  0.62934
 290.38373  0.63202
 290.39325  0.63436
 290.40275  0.62894
 290.41227  0.62783
 290.42179  0.62434
 290.43129  0.62691
 290.44082  0.62037
 290.45031  0.61174
 290.45984  0.60979
 290.46936  0.60562
 290.47886  0.60002
 290.48838  0.59895
 290.49787  0.60068
 290.50740  0.59754
 290.51690  0.59683
 290.52642  0.59504
 290.53595  0.58663
 290.54544  0.58106
 290.55496  0.58436
 290.56446  0.58486
 290.57398  0.58028
 290.58347  0.57617
 290.59301  0.57790
 290.60250  0.57271
 290.61203  0.56936
 290.62152  0.56533
 290.63104  0.56318
 290.64054  0.56511
 290.65006  0.55889
 290.65955  0.54240
 290.66909  0.55360
 290.67858  0.54278
 290.68807  0.54219
 290.69760  0.54165
 290.70709  0.53654
 290.71661  0.52839
 290.72611  0.51974
 290.73563  0.52444
 290.74514  0.51420
 290.75463  0.51782
 290.76415  0.51098
 290.77365  0.50472
 290.78317  0.50494
 290.79266  0.50154
 290.80216  0.49520
 290.81168  0.48914
 290.82117  0.48202
 290.83071  0.48496
 290.84020  0.48581
 290.84970  0.47259
 290.85922  0.47225
 290.86871  0.46907
 290.87821  0.46318
 290.88773  0.45825
 290.89722  0.44957
 290.90672  0.44181
 290.91625  0.43850
 290.92574  0.43453
 290.93524  0.42167
 290.94473  0.42262
 290.95425  0.41806
 290.96375  0.41600
 290.97324  0.41485
 290.98277  0.40201
 290.99226  0.40150
 291.00176  0.39056
 291.01126  0.38194
 291.02078  0.38272
 291.03027  0.37607
 291.03977  0.36718
 291.04926  0.35795
 291.05878  0.35986
 291.06828  0.35354
 291.07777  0.33661
 291.08727  0.33854
 291.09680  0.33689
 291.10629  0.32235
 291.11579  0.32777
 291.12528  0.31428
 291.13477  0.30901
 291.14427  0.30714
 291.15379  0.29278
 291.16328  0.29284
 291.17279  0.28936
 291.18228  0.27206
 291.19177  0.26894
 291.20127  0.26938
 291.21079  0.25799
 291.22029  0.25343
 291.22978  0.25224
 291.23927  0.24749
 291.24877  0.23928
 291.25826  0.23635
 291.26776  0.23773
 291.27726  0.22771
 291.28678  0.21786
 291.29627  0.21379
 291.30577  0.21977
 291.31526  0.21270
 291.32475  0.20861
 291.33425  0.19853
 291.34374  0.20165
 291.35324  0.19578
 291.36274  0.18235
 291.37223  0.18387
 291.38173  0.18313
 291.39122  0.17649
 291.40071  0.16547
 291.41021  0.16784
 291.41970  0.16667
 291.42919  0.16257
 291.43869  0.16081
 291.44818  0.15536
 291.45769  0.15931
 291.46718  0.14801
 291.47667  0.14272
 291.48617  0.15065
 291.49566  0.13537
 291.50515  0.13593
 291.51465  0.13497
 291.52414  0.13131
 291.53363  0.12924
 291.54313  0.12723
 291.55263  0.12208
 291.56212  0.12013
 291.57162  0.11907
 291.58111  0.11761
 291.59061  0.11587
 291.60010  0.11729
 291.60956  0.11412
 291.61906  0.11109
 291.62855  0.10780
 291.63804  0.10920
 291.64754  0.10010
 291.65704  0.10256
 291.66653  0.09722
 291.67603  0.10443
 291.68549  0.09673
 291.69498  0.09663
 291.70448  0.09950
 291.71397  0.09270
 291.72347  0.10023
 291.73296  0.09530
 291.74245  0.08957
 291.75192  0.08713
 291.76141  0.08735
 291.77091  0.08596
 291.78041  0.08478
 291.78990  0.08240
 291.79936  0.07486
 291.80886  0.07820
 291.81835  0.07495
 291.82785  0.08621
 291.83731  0.07749
 291.84680  0.07496
 291.85630  0.07112
 291.86579  0.07641
 291.87525  0.07404
 291.88476  0.06690
 291.89425  0.07218
 291.90374  0.07052
 291.91321  0.06592
 291.92270  0.07054
 291.93219  0.06789
 291.94169  0.06134
 291.95115  0.06714
 291.96065  0.06367
 291.97014  0.05813
 291.97960  0.06627
 291.98910  0.06418
 291.99860  0.06121
 292.00806  0.06426
 292.01756  0.05936
 292.02705  0.05843
 292.03651  0.06091
 292.04601  0.05814
 292.05550  0.05172
 292.06497  0.05405
 292.07446  0.05740
 292.08392  0.05651
 292.09342  0.05449
 292.10291  0.05676
 292.11237  0.05529
 292.12188  0.05720
 292.13134  0.05036
 292.14083  0.05516
 292.15033  0.05064
 292.15979  0.05238
 292.16928  0.04909
 292.17875  0.04352
 292.18824  0.05386
 292.19771  0.05273
 292.20720  0.05082
 292.21669  0.05212
 292.22616  0.04597
 292.23565  0.05495
 292.24512  0.04531
 292.25462  0.05187
 292.26408  0.04677
 292.27357  0.05069
 292.28304  0.04833
 292.29253  0.04733
 292.30200  0.04391
 292.31149  0.04259
 292.32095  0.04282
 292.33045  0.04202
 292.33991  0.04726
 292.34937  0.04735
 292.35887  0.04443
 292.36833  0.04609
 292.37783  0.04672
 292.38730  0.03941
 292.39679  0.04465
 292.40626  0.04479
 292.41575  0.04552
 292.42521  0.04369
 292.43468  0.04359
 292.44417  0.04321
 292.45363  0.04759
 292.46313  0.04450
 292.47259  0.04427
 292.48205  0.04676
 292.49155  0.04193
 292.50101  0.04378
 292.51047  0.04131
 292.51997  0.04458
 292.52944  0.04166
 292.53891  0.03565
 292.54840  0.03821
 292.55786  0.03798
 292.56733  0.03514
 292.57682  0.03660
 292.58628  0.04354
 292.59575  0.03322
 292.60524  0.03715
 292.61470  0.03656
 292.62417  0.04004
 292.63366  0.03130
 292.64313  0.03657
 292.65259  0.03583
 292.66205  0.03675
 292.67155  0.03984
 292.68102  0.03498
 292.69048  0.03890
 292.69995  0.03896
 292.70944  0.03466
 292.71890  0.04039
 292.72837  0.04233
 292.73783  0.03192
 292.74732  0.03827
 292.75679  0.03979
 292.76625  0.04006
 292.77572  0.03641
 292.78518  0.03242
 292.79467  0.03394
 292.80414  0.03624
 292.81360  0.04084
 292.82306  0.03659
 292.83253  0.03492
 292.84202  0.03279
 292.85149  0.04026
 292.86096  0.03543
 292.87042  0.03240
 292.87989  0.03577
 292.88935  0.03276
 292.89881  0.03073
 292.90828  0.03265
 292.91777  0.03702
 292.92723  0.03043
 292.93670  0.03050
 292.94616  0.03721
 292.95562  0.03391
 292.96509  0.03168
 292.97455  0.03135
 292.98402  0.03150
 292.99348  0.02946
 293.00294  0.02910
 293.01241  0.03468
 293.02187  0.03765
 293.03136  0.03245
 293.04084  0.03266
 293.05030  0.03231
 293.05976  0.03055
 293.06923  0.03364
 293.07869  0.03400
 293.08815  0.03083
 293.09762  0.03590
 293.10708  0.03207
 293.11655  0.03297
 293.12601  0.03204
 293.13547  0.03249
 293.14494  0.02937
 293.15440  0.03291
 293.16386  0.02575
 293.17333  0.03352
 293.18279  0.02965
 293.19222  0.02777
 293.20169  0.03046
 293.21115  0.02816
 293.22062  0.02571
 293.23008  0.02887
 293.23954  0.02977
 293.24901  0.03449
 293.25848  0.03139
 293.26794  0.03093
 293.27741  0.02772
 293.28687  0.02749
 293.29633  0.02822
 293.30577  0.02817
 293.31523  0.03383
 293.32470  0.02264
 293.33416  0.03185
 293.34362  0.02990
 293.35309  0.02909
 293.36255  0.03228
 293.37198  0.02941
 293.38145  0.02509
 293.39091  0.03277
 293.40037  0.03273
 293.40984  0.02957
 293.41927  0.02748
 293.42873  0.03049
 293.43820  0.03249
 293.44766  0.02411
 293.45713  0.02885
 293.46656  0.02844
 293.47602  0.02919
 293.48549  0.02953
 293.49495  0.02580
 293.50438  0.02623
 293.51385  0.02585
 293.52332  0.02798
 293.53278  0.02526
 293.54222  0.02843
 293.55168  0.02756
 293.56115  0.03049
 293.57061  0.02709
 293.58004  0.02611
 293.58951  0.02955
 293.59897  0.02823
 293.60840  0.02647
 293.61787  0.03043
 293.62733  0.02927
 293.63676  0.02689
 293.64623  0.02625
 293.65569  0.02974
 293.66513  0.02824
 293.67459  0.02198
 293.68405  0.02233
 293.69349  0.02789
 293.70295  0.02662
 293.71241  0.02802
 293.72185  0.02813
 293.73131  0.02947
 293.74077  0.02461
 293.75021  0.02599
 293.75967  0.02800
 293.76910  0.02936
 293.77857  0.02637
 293.78803  0.02067
 293.79747  0.02906
 293.80693  0.02283
 293.81636  0.02596
 293.82583  0.02911
 293.83526  0.02387
 293.84472  0.02835
 293.85416  0.02421
 293.86362  0.02302
 293.87305  0.02451
 293.88253  0.01994
 293.89199  0.03046
 293.90143  0.02335
 293.91089  0.02512
 293.92032  0.02228
 293.92979  0.02692
 293.93922  0.02362
 293.94868  0.02814
 293.95812  0.02477
 293.96755  0.02692
 293.97701  0.02341
 293.98645  0.02652
 293.99591  0.02482
 294.00535  0.02347
 294.01481  0.02405
 294.02424  0.02537
 294.03371  0.02765
 294.04314  0.02379
 294.05257  0.02240
 294.06204  0.02249
 294.07147  0.02408
 294.08093  0.02350
 294.09037  0.02759
 294.09980  0.02853
 294.10927  0.02193
 294.11870  0.02154
 294.12816  0.02418
 294.13760  0.02825
 294.14703  0.02259
 294.15649  0.03191
 294.16593  0.02521
 294.17536  0.02643
 294.18482  0.02076
 294.19426  0.02488
 294.20369  0.01977
 294.21316  0.02553
 294.22259  0.01802
 294.23202  0.02415
 294.24149  0.02647
 294.25092  0.02163
 294.26035  0.02779
 294.26979  0.01968
 294.27925  0.02311
 294.28868  0.02156
 294.29812  0.02523
 294.30758  0.02028
 294.31701  0.02300
 294.32645  0.02279
 294.33588  0.02486
 294.34535  0.02462
 294.35478  0.02263
 294.36421  0.01720
 294.37365  0.02369
 294.38308  0.01869
 294.39254  0.02305
 294.40198  0.02333
 294.41141  0.02583
 294.42084  0.01951
 294.43028  0.02022
 294.43974  0.02243
 294.44918  0.02313
 294.45861  0.02277
 294.46804  0.02218
 294.47748  0.02158
 294.48691  0.02407
 294.49637  0.02183
 294.50581  0.02326
 294.51524  0.02030
 294.52467  0.02444
 294.53411  0.02364
 294.54354  0.02299
 294.55298  0.02660
 294.56241  0.02340
 294.57184  0.02061
 294.58131  0.02187
 294.59074  0.02109
 294.60017  0.02509
 294.60961  0.02107
 294.61904  0.02051
 294.62847  0.02435
 294.63791  0.02147
 294.64734  0.02021
 294.65678  0.01994
 294.66621  0.02501
 294.67564  0.02166
 294.68508  0.02625
 294.69451  0.01736
 294.70394  0.01743
 294.71338  0.01817
 294.72281  0.02593
 294.73224  0.02336
 294.74168  0.02188
 294.75111  0.02117
 294.76055  0.01627
 294.76998  0.02254
 294.77941  0.02246
 294.78885  0.02537
 294.79828  0.02257
 294.80771  0.02011
 294.81715  0.02268
 294.82658  0.02383
 294.83601  0.02473
 294.84545  0.01953
 294.85488  0.02590
 294.86431  0.02269
 294.87372  0.01753
 294.88315  0.02442
 294.89259  0.01675
 294.90202  0.01635
 294.91145  0.01974
 294.92089  0.02053
 294.93032  0.02102
 294.93975  0.02031
 294.94916  0.01834
 294.95859  0.02061
 294.96802  0.01865
 294.97746  0.01737
 294.98689  0.02086
 294.99633  0.02040
 295.00576  0.02225
 295.01516  0.01841
 295.02460  0.01932
 295.03403  0.02083
 295.04346  0.02047
 295.05290  0.01969
 295.06230  0.01466
 295.07173  0.02089
 295.08117  0.01763
 295.09060  0.02538
 295.10001  0.02105
 295.10944  0.01719
 295.11887  0.01516
 295.12831  0.01772
 295.13770  0.01473
 295.14713  0.02130
 295.15657  0.01584
 295.16600  0.02156
 295.17540  0.02002
 295.18484  0.02098
 295.19427  0.01685
 295.20368  0.01356
 295.21311  0.01656
 295.22254  0.02025
 295.23198  0.01801
 295.24138  0.02095
 295.25081  0.01278
 295.26025  0.01798
 295.26965  0.01305
 295.27908  0.02406
 295.28852  0.02074
 295.29792  0.01810
 295.30736  0.01619
 295.31676  0.01524
 295.32619  0.01804
 295.33563  0.01771
 295.34503  0.02011
 295.35446  0.02137
 295.36387  0.02435
 295.37330  0.01841
 295.38273  0.01979
 295.39214  0.01589
 295.40157  0.02272
 295.41098  0.02170
 295.42041  0.01913
 295.42984  0.01540
 295.43925  0.02245
 295.44868  0.02184
 295.45808  0.02267
 295.46752  0.01777
 295.47692  0.01926
 295.48635  0.02014
 295.49575  0.01625
 295.50518  0.01467
 295.51459  0.01698
 295.52402  0.02777
 295.53342  0.02112
 295.54286  0.01941
 295.55226  0.02003
 295.56169  0.01421
 295.57110  0.01712
 295.58053  0.01861
 295.58993  0.01900
 295.59937  0.01570
 295.60877  0.01995
 295.61818  0.02139
 295.62761  0.01596
 295.63701  0.01898
 295.64645  0.01631
 295.65585  0.01595
 295.66528  0.01500
 295.67469  0.01636
 295.68409  0.01992
 295.69352  0.02002
 295.70293  0.01834
 295.71236  0.01956
 295.72177  0.01216
 295.73117  0.01980
 295.74060  0.01766
 295.75001  0.01257
 295.75940  0.01861
 295.76883  0.01447
 295.77824  0.01920
 295.78764  0.01799
 295.79707  0.01721
 295.80648  0.01478
 295.81588  0.01542
 295.82532  0.01928
 295.83472  0.01413
 295.84412  0.02091
 295.85353  0.01648
 295.86296  0.02072
 295.87236  0.01324
 295.88177  0.02162
 295.89120  0.01522
 295.90060  0.01384
 295.91001  0.01754
 295.91941  0.01694
 295.92885  0.01665
 295.93825  0.01373
 295.94765  0.01873
 295.95706  0.01760
 295.96645  0.01642
 295.97588  0.01563
 295.98529  0.01960
 295.99469  0.01532
 296.00409  0.01933
 296.01350  0.01664
 296.02293  0.01411
 296.03234  0.01922
 296.04174  0.01507
 296.05114  0.01916
 296.06055  0.01453
 296.06995  0.01395
 296.07938  0.01154
 296.08879  0.02083
 296.09819  0.01922
 296.10759  0.01533
 296.11700  0.02001
 296.12640  0.01943
 296.13581  0.01759
 296.14521  0.01259
 296.15464  0.01804
 296.16404  0.02022
 296.17344  0.01221
 296.18284  0.01867
 296.19225  0.01380
 296.20165  0.01765
 296.21105  0.01702
 296.22046  0.01496
 296.22986  0.01901
 296.23927  0.01261
 296.24867  0.01737
 296.25807  0.01554
 296.26748  0.01573
 296.27688  0.01481
 296.28628  0.01189
 296.29569  0.01253
 296.30509  0.01370
 296.31449  0.01275
 296.32389  0.01726
 296.33329  0.01512
 296.34270  0.01350
 296.35210  0.01861
 296.36150  0.01350
 296.37091  0.01580
 296.38031  0.01358
 296.38971  0.01627
 296.39912  0.01476
 296.40852  0.01878
 296.41792  0.01498
 296.42733  0.01582
 296.43673  0.01525
 296.44614  0.02072
 296.45554  0.01727
 296.46491  0.01165
 296.47431  0.01813
 296.48371  0.01465
 296.49311  0.01840
 296.50252  0.01422
 296.51192  0.01708
 296.52132  0.01952
 296.53073  0.01882
 296.54010  0.01062
 296.54951  0.01072
 296.55891  0.02028
 296.56831  0.01523
 296.57772  0.01572
 296.58712  0.01048
 296.59649  0.01171
 296.60590  0.01402
 296.61529  0.01150
 296.62469  0.01975
 296.63410  0.01144
 296.64347  0.01951
 296.65288  0.00858
 296.66228  0.01504
 296.67168  0.01726
 296.68106  0.01563
 296.69046  0.01146
 296.69986  0.01359
 296.70927  0.00720
 296.71864  0.01563
 296.72804  0.01126
 296.73745  0.01791
 296.74685  0.01251
 296.75622  0.01845
 296.76562  0.01497
 296.77502  0.01652
 296.78440  0.01925
 296.79380  0.01373
 296.80320  0.01125
 296.81258  0.01324
 296.82198  0.01751
 296.83138  0.01848
 296.84076  0.01551
 296.85016  0.01509
 296.85957  0.01379
 296.86894  0.01844
 296.87833  0.01808
 296.88774  0.01434
 296.89711  0.01692
 296.90651  0.01301
 296.91592  0.01678
 296.92529  0.01358
 296.93469  0.01624
 296.94407  0.01779
 296.95347  0.01419
 296.96285  0.01254
 296.97225  0.01356
 296.98165  0.01413
 296.99102  0.01444
 297.00042  0.01421
 297.00979  0.01261
 297.01920  0.01593
 297.02857  0.02001
 297.03797  0.01044
 297.04735  0.01087
 297.05675  0.01319
 297.06613  0.01197
 297.07553  0.01177
 297.08490  0.01106
 297.09431  0.01605
 297.10367  0.00897
 297.11307  0.01701
 297.12245  0.02119
 297.13185  0.01350
 297.14122  0.01473
 297.15063  0.01749
 297.16000  0.01465
 297.16941  0.01367
 297.17878  0.01064
 297.18818  0.01316
 297.19756  0.01127
 297.20693  0.01528
 297.21632  0.01404
 297.22570  0.01279
 297.23510  0.01160
 297.24447  0.01559
 297.25385  0.01339
 297.26325  0.01336
 297.27263  0.01285
 297.28203  0.01129
 297.29140  0.01711
 297.30078  0.01908
 297.31018  0.01803
 297.31954  0.01445
 297.32892  0.01007
 297.33832  0.01871
 297.34769  0.01860
 297.35707  0.01293
 297.36647  0.01538
 297.37585  0.01535
 297.38522  0.01289
 297.39462  0.01467
 297.40400  0.01322
 297.41337  0.01285
 297.42273  0.01456
 297.43214  0.01633
 297.44151  0.01790
 297.45088  0.01325
 297.46026  0.01138
 297.46966  0.01313
 297.47904  0.01564
 297.48841  0.01098
 297.49778  0.01379
 297.50719  0.01495
 297.51655  0.01036
 297.52592  0.01127
 297.53530  0.01340
 297.54470  0.01431
 297.55407  0.01503
 297.56345  0.01037
 297.57282  0.01107
 297.58220  0.01288
 297.59157  0.00858
 297.60097  0.01244
 297.61034  0.01788
 297.61971  0.00904
 297.62908  0.01576
 297.63846  0.01081
 297.64783  0.01330
 297.65720  0.01109
 297.66661  0.00981
 297.67598  0.01778
 297.68536  0.01495
 297.69473  0.01567
 297.70409  0.01881
 297.71347  0.01777
