# Columns are Wavelength, oob_c
252.02434 0.03629
252.03425 0.03586
252.04414 0.03578
252.05403 0.03579
252.06393 0.03580
252.07381 0.03573
252.08371 0.03641
252.09360 0.03600
252.10349 0.03575
252.11338 0.03600
252.12327 0.03601
252.13317 0.03588
252.14306 0.03619
252.15295 0.03585
252.16284 0.03595
252.17273 0.03632
252.18261 0.03580
252.19251 0.03550
252.20241 0.03531
252.21228 0.03530
252.22218 0.03581
252.23208 0.03570
252.24196 0.03583
252.25185 0.03586
252.26174 0.03644
252.27163 0.03625
252.28152 0.03604
252.29140 0.03584
252.30129 0.03599
252.31120 0.03629
252.32107 0.03599
252.33097 0.03589
252.34085 0.03615
252.35075 0.03595
252.36063 0.03574
252.37052 0.03606
252.38040 0.03605
252.39030 0.03611
252.40018 0.03634
252.41007 0.03622
252.41995 0.03668
252.42985 0.03778
252.43973 0.03597
252.44962 0.03548
252.45950 0.03609
252.46940 0.03571
252.47928 0.03618
252.48916 0.03579
252.49905 0.03553
252.50894 0.03566
252.51883 0.03521
252.52871 0.03521
252.53859 0.03508
252.54849 0.03500
252.55837 0.03519
252.56826 0.03516
252.57814 0.03557
252.58803 0.03523
252.59792 0.03498
252.60780 0.03532
252.61767 0.03520
252.62756 0.03546
252.63745 0.03526
252.64733 0.03549
252.65721 0.03566
252.66710 0.03557
252.67699 0.03578
252.68687 0.03551
252.69676 0.03550
252.70663 0.03528
252.71653 0.03566
252.72640 0.03542
252.73629 0.03569
252.74617 0.03511
252.75605 0.03518
252.76594 0.03524
252.77583 0.03531
252.78571 0.03514
252.79558 0.03541
252.80546 0.03535
252.81535 0.03541
252.82523 0.03531
252.83512 0.03546
252.84500 0.03577
252.85488 0.03574
252.86476 0.03574
252.87464 0.03560
252.88452 0.03585
252.89441 0.03576
252.90428 0.03540
252.91416 0.03564
252.92404 0.03558
252.93393 0.03578
252.94380 0.03556
252.95368 0.03530
252.96356 0.03529
252.97345 0.03488
252.98332 0.03491
252.99320 0.03529
253.00308 0.03505
253.01297 0.03530
253.02285 0.03527
253.03272 0.03498
253.04260 0.03542
253.05249 0.03553
253.06237 0.03536
253.07223 0.03561
253.08211 0.03571
253.09199 0.03559
253.10187 0.03695
253.11175 0.03529
253.12163 0.03469
253.13152 0.03482
253.14138 0.03499
253.15126 0.03509
253.16114 0.03484
253.17102 0.03473
253.18090 0.03451
253.19076 0.03434
253.20065 0.03433
253.21053 0.03476
253.22040 0.03450
253.23027 0.03448
253.24015 0.03451
253.25003 0.03427
253.25991 0.03438
253.26977 0.03432
253.27966 0.03463
253.28954 0.03417
253.29940 0.03440
253.30928 0.03442
253.31916 0.03446
253.32904 0.03476
253.33891 0.03512
253.34878 0.03634
253.35866 0.03527
253.36853 0.03511
253.37841 0.03484
253.38827 0.03469
253.39816 0.03495
253.40802 0.03463
253.41790 0.03439
253.42778 0.03460
253.43765 0.03467
253.44753 0.03430
253.45739 0.03439
253.46727 0.03470
253.47714 0.03451
253.48702 0.03480
253.49688 0.03442
253.50676 0.03426
253.51663 0.03466
253.52651 0.03483
253.53637 0.03488
253.54626 0.03479
253.55612 0.03454
253.56600 0.03481
253.57586 0.03475
253.58575 0.03467
253.59561 0.03476
253.60547 0.03480
253.61535 0.03487
253.62522 0.03464
253.63510 0.03480
253.64496 0.03453
253.65483 0.03447
253.66471 0.03423
253.67458 0.03473
253.68444 0.03460
253.69432 0.03477
253.70419 0.03471
253.71405 0.03441
253.72393 0.03439
253.73379 0.03452
253.74366 0.03443
253.75353 0.03465
253.76341 0.03456
253.77327 0.03435
253.78314 0.03444
253.79300 0.03435
253.80288 0.03421
253.81274 0.03443
253.82261 0.03436
253.83248 0.03421
253.84234 0.03439
253.85222 0.03429
253.86209 0.03426
253.87195 0.03416
253.88181 0.03404
253.89169 0.03394
253.90155 0.03398
253.91143 0.03360
253.92129 0.03385
253.93116 0.03389
253.94102 0.03384
253.95089 0.03386
253.96075 0.03384
253.97062 0.03365
253.98048 0.03386
253.99035 0.03408
254.00021 0.03417
254.01008 0.03430
254.01994 0.03430
254.02981 0.03449
254.03967 0.03420
254.04954 0.03399
254.05940 0.03401
254.06927 0.03451
254.07913 0.03416
254.08900 0.03394
254.09886 0.03399
254.10873 0.03402
254.11859 0.03388
254.12846 0.03396
254.13832 0.03400
254.14819 0.03427
254.15805 0.03406
254.16792 0.03388
254.17778 0.03368
254.18763 0.03409
254.19750 0.03435
254.20737 0.03411
254.21723 0.03427
254.22709 0.03398
254.23696 0.03391
254.24681 0.03367
254.25667 0.03389
254.26653 0.03410
254.27641 0.03435
254.28627 0.03450
254.29612 0.03444
254.30598 0.03459
254.31585 0.03441
254.32571 0.03434
254.33556 0.03404
254.34542 0.03420
254.35530 0.03418
254.36516 0.03187
254.37501 0.03449
254.38487 0.03430
254.39474 0.03407
254.40459 0.03375
254.41445 0.03380
254.42431 0.03381
254.43417 0.03383
254.44403 0.03383
254.45389 0.03338
254.46374 0.03358
254.47361 0.03365
254.48346 0.03341
254.49332 0.03374
254.50320 0.03352
254.51304 0.03371
254.52291 0.03379
254.53275 0.03391
254.54263 0.03408
254.55247 0.03379
254.56234 0.03366
254.57218 0.03356
254.58205 0.03357
254.59190 0.03357
254.60176 0.03351
254.61161 0.03350
254.62148 0.03343
254.63133 0.03337
254.64119 0.03310
254.65104 0.03310
254.66091 0.03327
254.67076 0.03330
254.68062 0.03359
254.69047 0.03346
254.70033 0.03358
254.71019 0.03351
254.72004 0.03329
254.72988 0.03317
254.73976 0.03341
254.74960 0.03341
254.75947 0.03341
254.76932 0.03324
254.77917 0.03337
254.78903 0.03288
254.79888 0.03317
254.80874 0.03311
254.81858 0.03345
254.82845 0.03359
254.83829 0.03330
254.84815 0.03366
254.85800 0.03347
254.86786 0.03355
254.87771 0.03330
254.88757 0.03330
254.89741 0.03325
254.90727 0.03348
254.91712 0.03353
254.92698 0.03282
254.93683 0.03286
254.94667 0.03368
254.95654 0.03356
254.96639 0.03358
254.97624 0.03367
254.98609 0.03368
254.99593 0.03367
255.00579 0.03364
255.01564 0.03355
255.02549 0.03347
255.03534 0.03385
255.04521 0.03376
255.05505 0.03360
255.06490 0.03349
255.07476 0.03377
255.08460 0.03409
255.09445 0.03414
255.10430 0.03373
255.11416 0.03370
255.12400 0.03345
255.13385 0.03337
255.14370 0.03334
255.15355 0.03354
255.16340 0.03370
255.17325 0.03355
255.18310 0.03334
255.19295 0.03314
255.20280 0.03284
255.21263 0.03299
255.22248 0.03302
255.23234 0.03298
255.24218 0.03298
255.25203 0.03282
255.26189 0.03295
255.27174 0.03265
255.28158 0.03280
255.29141 0.03308
255.30127 0.03307
255.31112 0.03308
255.32097 0.03318
255.33081 0.03324
255.34067 0.03315
255.35050 0.03311
255.36035 0.03326
255.37020 0.03323
255.38005 0.03361
255.38989 0.03307
255.39973 0.03314
255.40958 0.03312
255.41944 0.03302
255.42927 0.03310
255.43912 0.03290
255.44896 0.03307
255.45881 0.03307
255.46865 0.03295
255.47850 0.03317
255.48834 0.03302
255.49819 0.03308
255.50804 0.03324
255.51787 0.03336
255.52773 0.03336
255.53757 0.03352
255.54740 0.03369
255.55725 0.03375
255.56709 0.03375
255.57694 0.03383
255.58679 0.03398
255.59662 0.03404
255.60648 0.03406
255.61631 0.03399
255.62616 0.03409
255.63599 0.03444
255.64585 0.03488
255.65568 0.03372
255.66552 0.03366
255.67536 0.03380
255.68521 0.03398
255.69505 0.03425
255.70489 0.03399
255.71473 0.03409
255.72458 0.03381
255.73441 0.03393
255.74425 0.03412
255.75410 0.03406
255.76393 0.03408
255.77378 0.03434
255.78361 0.03418
255.79346 0.03364
255.80330 0.03365
255.81313 0.03371
255.82297 0.03367
255.83282 0.03370
255.84266 0.03387
255.85249 0.03351
255.86233 0.03360
255.87218 0.03341
255.88201 0.03316
255.89186 0.03355
255.90170 0.03367
255.91153 0.03322
255.92136 0.03320
255.93121 0.03336
255.94105 0.03332
255.95088 0.03349
255.96071 0.03328
255.97056 0.03343
255.98040 0.03342
255.99024 0.03372
256.00007 0.03367
256.00990 0.03371
256.01974 0.03375
256.02959 0.03373
256.03942 0.03365
256.04925 0.03307
256.05909 0.03353
256.06893 0.03385
256.07876 0.03363
256.08862 0.03330
256.09843 0.03332
256.10828 0.03343
256.11810 0.03341
256.12795 0.03317
256.13777 0.03348
256.14762 0.03359
256.15743 0.03365
256.16729 0.03354
256.17711 0.03303
256.18695 0.03352
256.19677 0.03342
256.20663 0.03371
256.21644 0.03365
256.22629 0.03388
256.23611 0.03355
256.24597 0.03342
256.25578 0.03336
256.26563 0.03318
256.27545 0.03320
256.28530 0.03351
256.29512 0.03342
256.30494 0.03326
256.31479 0.03330
256.32461 0.03333
256.33446 0.03334
256.34427 0.03326
256.35413 0.03349
256.36395 0.03339
256.37377 0.03353
256.38361 0.03324
256.39344 0.03319
256.40329 0.03322
256.41310 0.03306
256.42292 0.03325
256.43278 0.03326
256.44259 0.03355
256.45244 0.03308
256.46227 0.03297
256.47208 0.03301
256.48193 0.03318
256.49175 0.03288
256.50157 0.03314
256.51142 0.03330
256.52124 0.03301
256.53105 0.03306
256.54091 0.03291
256.55073 0.03293
256.56055 0.03283
256.57039 0.03284
256.58022 0.03285
256.59004 0.03279
256.59988 0.03276
256.60970 0.03270
256.61953 0.03282
256.62934 0.03289
256.63919 0.03318
256.64902 0.03286
256.65883 0.03295
256.66868 0.03296
256.67850 0.03315
256.68832 0.03332
256.69814 0.03313
256.70799 0.03309
256.71780 0.03307
256.72763 0.03285
256.73745 0.03288
256.74729 0.03301
256.75711 0.03302
256.76694 0.03306
256.77675 0.03307
256.78657 0.03296
256.79642 0.03288
256.80625 0.03279
256.81606 0.03294
256.82588 0.03310
256.83571 0.03297
256.84555 0.03295
256.85537 0.03310
256.86519 0.03324
256.87501 0.03326
256.88483 0.03317
256.89465 0.03321
256.90449 0.03316
256.91432 0.03304
256.92414 0.03295
256.93395 0.03319
256.94377 0.03407
256.95360 0.03386
256.96341 0.03358
256.97326 0.03378
256.98309 0.03380
256.99290 0.03350
257.00272 0.03356
257.01254 0.03322
257.02236 0.03331
257.03218 0.03345
257.04200 0.03346
257.05181 0.03367
257.06164 0.03354
257.07146 0.03340
257.08130 0.03318
257.09112 0.03325
257.10095 0.03314
257.11076 0.03324
257.12058 0.03332
257.13040 0.03311
257.14022 0.03278
257.15004 0.03291
257.15986 0.03282
257.16968 0.03286
257.17950 0.03300
257.18932 0.03295
257.19913 0.03308
257.20896 0.03291
257.21878 0.03310
257.22859 0.03311
257.23841 0.03316
257.24824 0.03279
257.25805 0.03266
257.26787 0.03282
257.27769 0.03258
257.28751 0.03274
257.29733 0.03264
257.30715 0.03259
257.31697 0.03250
257.32679 0.03257
257.33661 0.03240
257.34642 0.03257
257.35625 0.03284
257.36607 0.03304
257.37585 0.03306
257.38567 0.03274
257.39550 0.03263
257.40531 0.03261
257.41513 0.03280
257.42495 0.03268
257.43477 0.03287
257.44459 0.03265
257.45441 0.03275
257.46423 0.03298
257.47402 0.03292
257.48384 0.03297
257.49365 0.03312
257.50348 0.03323
257.51330 0.03326
257.52311 0.03320
257.53293 0.03313
257.54273 0.03296
257.55254 0.03308
257.56236 0.03302
257.57218 0.03286
257.58200 0.03321
257.59182 0.03333
257.60160 0.03354
257.61142 0.03329
257.62125 0.03341
257.63106 0.03353
257.64088 0.03337
257.65068 0.03353
257.66049 0.03351
257.67031 0.03330
257.68013 0.03337
257.68995 0.03294
257.69974 0.03320
257.70956 0.03286
257.71937 0.03275
257.72920 0.03342
257.73899 0.03352
257.74880 0.03354
257.75862 0.03369
257.76845 0.03361
257.77823 0.03392
257.78805 0.03401
257.79788 0.03364
257.80766 0.03352
257.81748 0.03332
257.82730 0.03341
257.83712 0.03336
257.84691 0.03339
257.85672 0.03333
257.86654 0.03339
257.87634 0.03323
257.88615 0.03339
257.89597 0.03334
257.90576 0.03333
257.91558 0.03329
257.92540 0.03333
257.93519 0.03356
257.94501 0.03325
257.95483 0.03347
257.96462 0.03328
257.97443 0.03345
257.98426 0.03327
257.99405 0.03331
258.00386 0.03340
258.01365 0.03339
258.02347 0.03357
258.03329 0.03365
258.04308 0.03377
258.05290 0.03368
258.06269 0.03379
258.07251 0.03387
258.08232 0.03400
258.09212 0.03351
258.10194 0.03367
258.11172 0.03368
258.12154 0.03390
258.13134 0.03370
258.14115 0.03366
258.15097 0.03331
258.16076 0.03344
258.17058 0.03349
258.18037 0.03361
258.19018 0.03374
258.19998 0.03383
258.20980 0.03370
258.21958 0.03368
258.22940 0.03371
258.23920 0.03373
258.24901 0.03397
258.25880 0.03400
258.26862 0.03404
258.27841 0.03408
258.28823 0.03420
258.29801 0.03388
258.30783 0.03373
258.31763 0.03370
258.32744 0.03395
258.33723 0.03392
258.34703 0.03408
258.35684 0.03397
258.36663 0.03385
258.37645 0.03389
258.38624 0.03381
258.39606 0.03378
258.40584 0.03388
258.41563 0.03425
258.42546 0.03437
258.43524 0.03433
258.44506 0.03413
258.45485 0.03401
258.46464 0.03371
258.47446 0.03389
258.48425 0.03381
258.49407 0.03407
258.50386 0.03434
258.51364 0.03409
258.52346 0.03391
258.53326 0.03389
258.54304 0.03374
258.55286 0.03382
258.56265 0.03399
258.57244 0.03380
258.58226 0.03364
258.59205 0.03359
258.60184 0.03362
258.61166 0.03374
258.62144 0.03366
258.63123 0.03376
258.64106 0.03388
258.65084 0.03400
258.66063 0.03422
258.67045 0.03415
258.68024 0.03431
258.69003 0.03429
258.69981 0.03425
258.70963 0.03408
258.71943 0.03409
258.72921 0.03405
258.73900 0.03442
258.74883 0.03419
258.75861 0.03392
258.76840 0.03401
258.77818 0.03390
258.78801 0.03401
258.79780 0.03369
258.80758 0.03396
258.81737 0.03407
258.82720 0.03426
258.83698 0.03397
258.84677 0.03397
258.85656 0.03403
258.86635 0.03428
258.87617 0.03440
258.88595 0.03450
258.89575 0.03468
258.90554 0.03452
258.91532 0.03419
258.92511 0.03417
258.93493 0.03447
258.94472 0.03448
258.95451 0.03440
258.96429 0.03449
258.97409 0.03456
258.98388 0.03466
258.99366 0.03449
259.00349 0.03451
259.01327 0.03460
259.02306 0.03466
259.03285 0.03449
259.04264 0.03469
259.05243 0.03474
259.06222 0.03456
259.07200 0.03448
259.08180 0.03454
259.09158 0.03457
259.10140 0.03461
259.11120 0.03484
259.12098 0.03462
259.13077 0.03435
259.14055 0.03452
259.15035 0.03435
259.16014 0.03451
259.16992 0.03428
259.17971 0.03460
259.18951 0.03449
259.19929 0.03451
259.20908 0.03433
259.21886 0.03426
259.22866 0.03434
259.23845 0.03425
259.24823 0.03396
259.25803 0.03374
259.26781 0.03406
259.27760 0.03422
259.28739 0.03429
259.29718 0.03438
259.30697 0.03440
259.31676 0.03455
259.32654 0.03443
259.33634 0.03486
259.34612 0.03507
259.35591 0.03519
259.36571 0.03503
259.37549 0.03476
259.38528 0.03453
259.39506 0.03446
259.40483 0.03475
259.41462 0.03482
259.42440 0.03465
259.43419 0.03476
259.44398 0.03474
259.45377 0.03497
259.46356 0.03475
259.47335 0.03479
259.48314 0.03475
259.49293 0.03499
259.50268 0.03505
259.51248 0.03504
259.52226 0.03515
259.53205 0.03519
259.54184 0.03519
259.55163 0.03502
259.56142 0.03514
259.57117 0.03505
259.58096 0.03507
259.59076 0.03509
259.60054 0.03516
259.61033 0.03517
259.62009 0.03552
259.62988 0.03582
259.63967 0.03598
259.64945 0.03614
259.65925 0.03590
259.66900 0.03555
259.67879 0.03563
259.68858 0.03599
259.69837 0.03598
259.70816 0.03620
259.71791 0.03596
259.72771 0.03565
259.73750 0.03536
259.74728 0.03572
259.75704 0.03555
259.76683 0.03576
259.77662 0.03577
259.78641 0.03564
259.79616 0.03548
259.80596 0.03549
259.81574 0.03560
259.82550 0.03547
259.83530 0.03564
259.84508 0.03588
259.85487 0.03591
259.86462 0.03620
259.87442 0.03612
259.88421 0.03623
259.89396 0.03622
259.90375 0.03589
259.91354 0.03591
259.92330 0.03568
259.93309 0.03589
259.94288 0.03621
259.95264 0.03585
259.96242 0.03575
259.97221 0.03575
259.98198 0.03556
259.99176 0.03555
260.00152 0.03558
260.01130 0.03594
260.02110 0.03597
260.03086 0.03588
260.04064 0.03581
260.05041 0.03564
260.06019 0.03571
260.06998 0.03568
260.07974 0.03581
260.08953 0.03586
260.09929 0.03609
260.10907 0.03626
260.11883 0.03612
260.12862 0.03618
260.13841 0.03606
260.14817 0.03625
260.15796 0.03639
260.16772 0.03643
260.17750 0.03649
260.18726 0.03626
260.19706 0.03631
260.20681 0.03638
260.21660 0.03629
260.22635 0.03633
260.23615 0.03646
260.24591 0.03663
260.25569 0.03675
260.26546 0.03709
260.27524 0.03728
260.28500 0.03768
260.29479 0.03746
260.30455 0.03786
260.31434 0.03803
260.32409 0.03812
260.33388 0.03801
260.34364 0.03801
260.35340 0.03788
260.36319 0.03807
260.37295 0.03821
260.38274 0.03819
260.39249 0.03809
260.40228 0.03796
260.41205 0.03761
260.42180 0.03738
260.43159 0.03778
260.44134 0.03804
260.45114 0.03810
260.46089 0.03797
260.47065 0.03803
260.48045 0.03792
260.49020 0.03782
260.49996 0.03770
260.50974 0.03792
260.51951 0.03811
260.52930 0.03868
260.53905 0.03828
260.54881 0.03861
260.55860 0.03821
260.56836 0.03831
260.57811 0.03781
260.58791 0.03820
260.59767 0.03834
260.60742 0.03814
260.61718 0.03815
260.62697 0.03809
260.63673 0.03817
260.64648 0.03787
260.65627 0.03771
260.66604 0.03782
260.67579 0.03773
260.68558 0.03793
260.69534 0.03789
260.70510 0.03781
260.71485 0.03775
260.72464 0.03800
260.73441 0.03786
260.74416 0.03810
260.75392 0.03824
260.76370 0.03860
260.77347 0.03843
260.78323 0.03850
260.79298 0.03824
260.80275 0.03828
260.81253 0.03827
260.82229 0.03854
260.83204 0.03866
260.84181 0.03864
260.85157 0.03834
260.86135 0.03824
260.87111 0.03831
260.88087 0.03829
260.89063 0.03802
260.90038 0.03817
260.91015 0.03816
260.91994 0.03832
260.92969 0.03881
260.93945 0.03880
260.94921 0.03897
260.95897 0.03864
260.96872 0.03836
260.97848 0.03833
260.98824 0.03821
260.99803 0.03842
261.00779 0.03851
261.01755 0.03848
261.02731 0.03849
261.03706 0.03850
261.04682 0.03853
261.05658 0.03842
261.06634 0.03853
261.07610 0.03865
261.08586 0.03894
261.09562 0.03922
261.10537 0.03874
261.11513 0.03852
261.12492 0.03855
261.13468 0.03864
261.14444 0.03890
261.15419 0.03890
261.16396 0.03886
261.17371 0.03871
261.18347 0.03876
261.19323 0.03864
261.20299 0.03841
261.21275 0.03840
261.22250 0.03850
261.23227 0.03850
261.24202 0.03836
261.25178 0.03839
261.26153 0.03810
261.27130 0.03830
261.28105 0.03825
261.29081 0.03849
261.30058 0.03823
261.31030 0.03841
261.32006 0.03846
261.32981 0.03861
261.33958 0.03913
261.34933 0.03899
261.35909 0.03898
261.36884 0.03880
261.37861 0.03875
261.38837 0.03868
261.39812 0.03889
261.40789 0.03886
261.41764 0.03872
261.42737 0.03878
261.43712 0.03887
261.44689 0.03895
261.45664 0.03891
261.46640 0.03891
261.47617 0.03894
261.48592 0.03893
261.49568 0.03885
261.50540 0.03912
261.51517 0.03939
261.52492 0.03977
261.53468 0.03963
261.54444 0.03982
261.55420 0.03992
261.56393 0.03992
261.57368 0.04007
261.58345 0.04026
261.59320 0.04019
261.60296 0.04025
261.61268 0.04056
261.62245 0.04060
261.63220 0.04069
261.64196 0.04054
261.65169 0.04059
261.66145 0.04098
261.67121 0.04110
261.68096 0.04081
261.69073 0.04120
261.70045 0.04133
261.71021 0.04126
261.71996 0.04120
261.72970 0.04133
261.73945 0.04130
261.74921 0.04144
261.75898 0.04162
261.76870 0.04190
261.77846 0.04146
261.78821 0.04158
261.79795 0.04128
261.80770 0.04128
261.81746 0.04159
261.82721 0.04187
261.83695 0.04159
261.84671 0.04169
261.85646 0.04139
261.86620 0.04103
261.87595 0.04114
261.88568 0.04113
261.89543 0.04081
261.90520 0.04059
261.91492 0.04084
261.92468 0.04098
261.93443 0.04132
261.94417 0.04130
261.95393 0.04129
261.96368 0.04132
261.97342 0.04139
261.98317 0.04178
261.99290 0.04160
262.00265 0.04197
262.01239 0.04222
262.02214 0.04185
262.03190 0.04171
262.04163 0.04174
262.05139 0.04269
262.06111 0.04202
262.07087 0.04246
262.08061 0.04229
262.09036 0.04215
262.10009 0.04246
262.10984 0.04233
262.11961 0.04219
262.12933 0.04224
262.13909 0.04217
262.14882 0.04267
262.15858 0.04268
262.16830 0.04269
262.17806 0.04289
262.18779 0.04296
262.19755 0.04301
262.20728 0.04285
262.21704 0.04261
262.22677 0.04277
262.23649 0.04260
262.24625 0.04266
262.25598 0.04285
262.26574 0.04311
262.27546 0.04331
262.28522 0.04361
262.29495 0.04362
262.30471 0.04354
262.31443 0.04362
262.32417 0.04338
262.33392 0.04352
262.34365 0.04373
262.35341 0.04393
262.36314 0.04402
262.37287 0.04400
262.38262 0.04394
262.39236 0.04353
262.40211 0.04336
262.41184 0.04353
262.42156 0.04343
262.43133 0.04359
262.44105 0.04353
262.45078 0.04330
262.46053 0.04356
262.47027 0.04327
262.47999 0.04330
262.48975 0.04361
262.49948 0.04391
262.50921 0.04382
262.51897 0.04396
262.52869 0.04419
262.53843 0.04427
262.54818 0.04410
262.55791 0.04403
262.56764 0.04374
262.57740 0.04389
262.58712 0.04407
262.59685 0.04416
262.60658 0.04388
262.61634 0.04388
262.62606 0.04371
262.63579 0.04368
262.64552 0.04378
262.65528 0.04401
262.66500 0.04428
262.67474 0.04427
262.68446 0.04437
262.69422 0.04461
262.70394 0.04437
262.71368 0.04424
262.72341 0.04467
262.73313 0.04476
262.74290 0.04479
262.75262 0.04485
262.76235 0.04488
262.77207 0.04509
262.78181 0.04518
262.79156 0.04527
262.80129 0.04551
262.81102 0.04562
262.82075 0.04591
262.83047 0.04597
262.84020 0.04562
262.84993 0.04573
262.85969 0.04577
262.86941 0.04554
262.87914 0.04565
262.88887 0.04574
262.89860 0.04586
262.90832 0.04606
262.91806 0.04597
262.92778 0.04639
262.93751 0.04655
262.94726 0.04666
262.95700 0.04708
262.96672 0.04698
262.97645 0.04694
262.98619 0.04692
262.99591 0.04686
263.00564 0.04712
263.01536 0.04733
263.02510 0.04727
263.03482 0.04734
263.04455 0.04699
263.05427 0.04681
263.06401 0.04662
263.07373 0.04656
263.08346 0.04669
263.09319 0.04700
263.10292 0.04671
263.11264 0.04695
263.12237 0.04692
263.13210 0.04701
263.14183 0.04721
263.15155 0.04724
263.16129 0.04752
263.17101 0.04778
263.18074 0.04816
263.19046 0.04830
263.20020 0.04798
263.20992 0.04796
263.21965 0.04768
263.22938 0.04764
263.23911 0.04790
263.24883 0.04792
263.25856 0.04801
263.26829 0.04931
263.27802 0.04753
263.28771 0.04803
263.29744 0.04805
263.30717 0.04746
263.31690 0.04752
263.32662 0.04779
263.33636 0.04754
263.34608 0.04784
263.35581 0.04781
263.36553 0.04790
263.37524 0.04817
263.38496 0.04797
263.39469 0.04808
263.40442 0.04855
263.41415 0.04837
263.42387 0.04856
263.43357 0.04878
263.44330 0.04879
263.45303 0.04879
263.46275 0.04909
263.47249 0.04928
263.48218 0.04912
263.49191 0.04901
263.50163 0.04911
263.51137 0.04871
263.52109 0.04880
263.53079 0.04880
263.54051 0.04875
263.55025 0.04898
263.55997 0.04899
263.56967 0.04924
263.57940 0.04906
263.58913 0.04914
263.59885 0.04932
263.60855 0.04938
263.61828 0.04945
263.62801 0.04991
263.63773 0.04961
263.64744 0.04994
263.65716 0.04994
263.66689 0.05012
263.67658 0.05036
263.68632 0.05013
263.69604 0.05050
263.70577 0.05047
263.71547 0.05134
263.72520 0.05149
263.73492 0.05156
263.74462 0.05176
263.75435 0.05121
263.76408 0.05120
263.77377 0.05099
263.78351 0.05099
263.79320 0.05134
263.80293 0.05154
263.81265 0.05146
263.82236 0.05156
263.83208 0.05124
263.84181 0.05093
263.85150 0.05077
263.86124 0.05095
263.87093 0.05122
263.88066 0.05114
263.89039 0.05127
263.90009 0.05143
263.90981 0.05131
263.91951 0.05111
263.92924 0.05111
263.93894 0.05178
263.94866 0.05156
263.95837 0.05192
263.96809 0.05191
263.97782 0.05214
263.98751 0.05227
263.99725 0.05285
264.00694 0.05253
264.01667 0.05266
264.02637 0.05245
264.03609 0.05262
264.04579 0.05329
264.05551 0.05289
264.06522 0.05256
264.07494 0.05279
264.08464 0.05286
264.09437 0.05327
264.10407 0.05307
264.11376 0.05326
264.12349 0.05329
264.13319 0.05358
264.14292 0.05343
264.15261 0.05372
264.16235 0.05405
264.17204 0.05445
264.18177 0.05460
264.19146 0.05467
264.20117 0.05440
264.21089 0.05413
264.22059 0.05452
264.23031 0.05448
264.24002 0.05505
264.24971 0.05522
264.25944 0.05542
264.26914 0.05583
264.27887 0.05513
264.28856 0.05518
264.29825 0.05542
264.30799 0.05575
264.31768 0.05576
264.32738 0.05605
264.33711 0.05578
264.34681 0.05644
264.35650 0.05613
264.36623 0.05597
264.37593 0.05609
264.38563 0.05639
264.39535 0.05694
264.40506 0.05636
264.41475 0.05661
264.42448 0.05648
264.43417 0.05673
264.44388 0.05648
264.45357 0.05668
264.46330 0.05693
264.47300 0.05709
264.48269 0.05703
264.49239 0.05736
264.50211 0.05668
264.51182 0.05697
264.52151 0.05692
264.53121 0.05703
264.54094 0.05680
264.55064 0.05703
264.56033 0.05718
264.57003 0.05737
264.57973 0.05725
264.58946 0.05757
264.59915 0.05802
264.60886 0.05768
264.61855 0.05790
264.62825 0.05810
264.63797 0.05858
264.64767 0.05885
264.65737 0.05914
264.66706 0.05874
264.67676 0.05859
264.68646 0.05845
264.69619 0.05846
264.70588 0.05924
264.71559 0.05897
264.72528 0.05896
264.73498 0.05935
264.74467 0.05920
264.75438 0.05939
264.76407 0.05944
264.77380 0.05962
264.78350 0.05963
264.79319 0.06005
264.80289 0.05988
264.81258 0.06015
264.82229 0.05988
264.83198 0.06054
264.84168 0.06039
264.85138 0.06037
264.86108 0.06021
264.87077 0.06078
264.88047 0.06035
264.89017 0.06090
264.89987 0.06163
264.90956 0.06184
264.91926 0.06242
264.92896 0.06262
264.93865 0.06257
264.94838 0.06261
264.95808 0.06246
264.96778 0.06277
264.97744 0.06260
264.98715 0.06325
264.99684 0.06355
265.00654 0.06346
265.01623 0.06295
265.02593 0.06316
265.03563 0.06258
265.04532 0.06314
265.05503 0.06352
265.06472 0.06354
265.07442 0.06380
265.08411 0.06376
265.09382 0.06329
265.10351 0.06339
265.11321 0.06366
265.12291 0.06366
265.13261 0.06441
265.14230 0.06455
265.15196 0.06499
265.16167 0.06531
265.17136 0.06496
265.18106 0.06507
265.19076 0.06471
265.20046 0.06448
265.21015 0.06449
265.21985 0.06480
265.22952 0.06499
265.23921 0.06542
265.24891 0.06494
265.25861 0.06495
265.26831 0.06510
265.27800 0.06499
265.28767 0.06547
265.29737 0.06536
265.30707 0.06551
265.31676 0.06617
265.32647 0.06592
265.33613 0.06626
265.34582 0.06591
265.35552 0.06635
265.36522 0.06659
265.37492 0.06682
265.38458 0.06779
265.39429 0.06736
265.40398 0.06739
265.41368 0.06757
265.42334 0.06847
265.43304 0.06849
265.44274 0.06925
265.45243 0.06841
265.46211 0.06908
265.47180 0.06867
265.48150 0.06896
265.49116 0.06890
265.50087 0.06901
265.51056 0.06924
265.52022 0.06947
265.52993 0.06948
265.53962 0.06991
265.54932 0.07083
265.55898 0.07083
265.56869 0.07135
265.57838 0.07220
265.58805 0.07240
265.59775 0.07217
265.60741 0.07272
265.61711 0.07258
265.62680 0.07310
265.63648 0.07215
265.64617 0.07343
265.65587 0.07316
265.66554 0.07364
265.67524 0.07336
265.68490 0.07296
265.69459 0.07275
265.70430 0.07269
265.71396 0.07233
265.72366 0.07285
265.73333 0.07344
265.74303 0.07345
265.75269 0.07315
265.76238 0.07363
265.77209 0.07330
265.78175 0.07332
265.79145 0.07424
265.80112 0.07437
265.81082 0.07524
265.82048 0.07590
265.83017 0.07569
265.83985 0.07566
265.84954 0.07517
265.85921 0.07501
265.86891 0.07500
265.87858 0.07555
265.88827 0.07599
265.89794 0.07579
265.90764 0.07579
265.91730 0.07550
265.92700 0.07522
265.93667 0.07560
265.94637 0.07576
265.95603 0.07592
265.96573 0.07640
265.97540 0.07654
265.98506 0.07701
265.99476 0.07681
266.00443 0.07710
266.01413 0.07742
266.02379 0.07762
266.03346 0.07827
266.04316 0.07871
266.05282 0.07873
266.06252 0.07918
266.07219 0.07916
266.08186 0.07954
266.09155 0.07956
266.10122 0.07981
266.11092 0.08024
266.12058 0.08013
266.13025 0.08024
266.13995 0.08008
266.14962 0.07982
266.15928 0.07993
266.16898 0.08021
266.17865 0.08038
266.18831 0.08068
266.19801 0.08097
266.20768 0.08133
266.21735 0.08169
266.22701 0.08204
266.23670 0.08187
266.24638 0.08266
266.25604 0.08268
266.26574 0.08306
266.27541 0.08298
266.28508 0.08398
266.29474 0.08440
266.30443 0.08525
266.31411 0.08480
266.32377 0.08505
266.33344 0.08546
266.34314 0.08539
266.35281 0.08630
266.36247 0.08684
266.37213 0.08713
266.38181 0.08794
266.39150 0.08792
266.40117 0.08707
266.41084 0.08752
266.42050 0.08747
266.43017 0.08828
266.43986 0.08861
266.44954 0.08902
266.45920 0.08872
266.46887 0.08887
266.47854 0.08903
266.48820 0.08873
266.49790 0.08955
266.50757 0.08929
266.51724 0.08922
266.52690 0.08951
266.53656 0.09009
266.54624 0.08987
266.55590 0.08999
266.56557 0.09082
266.57527 0.09058
266.58494 0.09174
266.59460 0.09156
266.60426 0.09240
266.61394 0.09250
266.62360 0.09353
266.63327 0.09435
266.64294 0.09377
266.65260 0.09402
266.66227 0.09454
266.67193 0.09478
266.68161 0.09487
266.69127 0.09500
266.70093 0.09481
266.71061 0.09490
266.72027 0.09561
266.72994 0.09571
266.73960 0.09579
266.74927 0.09615
266.75894 0.09674
266.76860 0.09670
266.77828 0.09746
266.78794 0.09711
266.79760 0.09815
266.80727 0.09887
266.81694 0.09919
266.82661 0.09907
266.83627 0.09881
266.84594 0.09950
266.85561 0.09932
266.86527 0.09995
266.87494 0.10047
266.88461 0.10097
266.89428 0.10182
266.90394 0.10187
266.91361 0.10203
266.92328 0.10174
266.93294 0.10314
266.94259 0.10251
266.95225 0.10379
266.96191 0.10375
266.97158 0.10416
266.98125 0.10462
266.99092 0.10489
267.00058 0.10522
267.01025 0.10545
267.01989 0.10612
267.02955 0.10580
267.03922 0.10731
267.04889 0.10697
267.05855 0.10660
267.06822 0.10641
267.07786 0.10707
267.08753 0.10747
267.09719 0.10808
267.10685 0.10870
267.11653 0.10896
267.12616 0.10892
267.13583 0.10932
267.14550 0.10931
267.15516 0.10970
267.16483 0.10912
267.17446 0.11082
267.18413 0.10965
267.19380 0.11103
267.20346 0.11140
267.21311 0.11153
267.22277 0.11205
267.23243 0.11315
267.24207 0.11284
267.25174 0.11385
267.26141 0.11394
267.27107 0.11528
267.28071 0.11597
267.29038 0.11570
267.30004 0.11671
267.30969 0.11657
267.31935 0.11621
267.32901 0.11648
267.33865 0.11773
267.34832 0.11768
267.35799 0.11902
267.36762 0.11906
267.37729 0.11885
267.38696 0.12048
267.39659 0.12031
267.40625 0.12147
267.41593 0.12151
267.42556 0.12236
267.43523 0.12282
267.44487 0.12344
267.45453 0.12340
267.46420 0.12450
267.47383 0.12509
267.48351 0.12496
267.49314 0.12647
267.50280 0.12560
267.51248 0.12734
267.52211 0.12783
267.53178 0.12849
267.54141 0.12906
267.55108 0.13109
267.56072 0.13104
267.57038 0.13162
267.58002 0.13292
267.58969 0.13167
267.59932 0.13313
267.60900 0.13449
267.61863 0.13426
267.62829 0.13523
267.63793 0.13587
267.64760 0.13542
267.65723 0.13640
267.66690 0.13647
267.67654 0.13653
267.68621 0.13758
267.69584 0.13836
267.70550 0.13772
267.71515 0.13969
267.72481 0.13959
267.73445 0.14030
267.74412 0.14118
267.75375 0.14196
267.76339 0.14234
267.77305 0.14492
267.78269 0.14550
267.79236 0.14570
267.80199 0.14726
267.81167 0.14677
267.82130 0.14746
267.83093 0.14727
267.84061 0.14833
267.85024 0.14875
267.85987 0.14957
267.86954 0.15028
267.87918 0.14986
267.88885 0.15142
267.89848 0.15182
267.90812 0.15239
267.91779 0.15357
267.92742 0.15422
267.93705 0.15549
267.94673 0.15488
267.95636 0.15670
267.96600 0.15763
267.97564 0.15874
267.98530 0.15805
267.99494 0.15935
268.00457 0.16059
268.01424 0.16127
268.02388 0.16279
268.03351 0.16238
268.04315 0.16417
268.05282 0.16543
268.06245 0.16681
268.07210 0.16719
268.08173 0.16880
268.09139 0.16884
268.10103 0.17048
268.11067 0.17080
268.12030 0.17144
268.12997 0.17275
268.13961 0.17265
268.14925 0.17375
268.15888 0.17591
268.16851 0.17558
268.17819 0.17874
268.18782 0.17792
268.19745 0.18067
268.20710 0.18155
268.21673 0.18305
268.22636 0.18333
268.23603 0.18635
268.24567 0.18640
268.25531 0.18777
268.26494 0.18965
268.27458 0.18889
268.28422 0.19156
268.29385 0.19255
268.30352 0.19340
268.31316 0.19304
268.32279 0.19274
268.33242 0.19557
268.34207 0.19476
268.35170 0.19699
268.36133 0.19867
268.37098 0.19868
268.38061 0.20166
268.39025 0.20157
268.39988 0.20333
268.40952 0.20329
268.41919 0.20634
268.42882 0.20696
268.43846 0.20951
268.44810 0.20942
268.45773 0.21178
268.46737 0.21298
268.47701 0.21398
268.48664 0.21431
268.49628 0.21520
268.50592 0.21608
268.51555 0.21893
268.52519 0.21968
268.53483 0.22093
268.54446 0.22188
268.55410 0.22362
268.56373 0.22399
268.57337 0.22597
268.58301 0.22686
268.59261 0.22982
268.60225 0.23005
268.61189 0.23158
268.62152 0.23314
268.63115 0.23552
268.64080 0.23620
268.65043 0.23790
268.66007 0.24095
268.66971 0.24228
268.67934 0.24404
268.68898 0.24629
268.69862 0.24801
268.70822 0.24952
268.71786 0.25189
268.72749 0.25302
268.73713 0.25478
268.74677 0.25786
268.75640 0.25860
268.76604 0.26010
268.77565 0.26212
268.78528 0.26544
268.79491 0.26616
268.80456 0.26801
268.81419 0.26990
268.82382 0.27290
268.83344 0.27455
268.84307 0.27654
268.85270 0.27944
268.86235 0.28185
268.87198 0.28378
268.88158 0.28589
268.89122 0.28849
268.90086 0.29137
268.91050 0.29421
268.92010 0.29692
268.92974 0.29969
268.93938 0.30251
268.94901 0.30534
268.95861 0.30812
268.96826 0.31150
268.97789 0.31471
268.98752 0.31781
268.99714 0.32170
269.00677 0.32440
269.01640 0.32713
269.02602 0.32992
269.03565 0.33301
269.04528 0.33686
269.05489 0.34042
269.06453 0.34434
269.07416 0.34806
269.08377 0.35092
269.09341 0.35438
269.10304 0.35529
269.11265 0.35470
269.12228 0.36027
269.13192 0.36094
269.14153 0.36115
269.15116 0.36354
269.16080 0.36426
269.17041 0.36606
269.18004 0.36595
269.18965 0.36984
269.19929 0.36975
269.20892 0.37027
269.21852 0.37029
269.22817 0.37442
269.23777 0.37332
269.24740 0.37841
269.25702 0.37615
269.26665 0.37676
269.27628 0.37784
269.28590 0.37757
269.29553 0.37725
269.30513 0.37692
269.31477 0.37608
269.32438 0.37767
269.33401 0.37519
269.34362 0.37645
269.35326 0.37803
269.36286 0.37809
269.37250 0.37944
269.38210 0.37847
269.39174 0.38019
269.40135 0.37960
269.41098 0.38161
269.42059 0.38272
269.43023 0.38296
269.43983 0.38496
269.44944 0.38548
269.45908 0.38437
269.46868 0.38429
269.47831 0.38183
269.48793 0.38687
269.49756 0.38797
269.50716 0.38755
269.51678 0.39012
269.52641 0.38644
269.53601 0.38733
269.54565 0.39005
269.55526 0.38802
269.56486 0.38802
269.57450 0.38753
269.58411 0.38819
269.59374 0.39078
269.60334 0.38838
269.61296 0.38751
269.62259 0.39024
269.63219 0.38665
269.64180 0.38920
269.65144 0.38968
269.66104 0.38711
269.67065 0.38849
269.68029 0.38641
269.68989 0.38505
269.69950 0.38610
269.70911 0.38574
269.71874 0.38597
269.72835 0.38698
269.73795 0.38532
269.74759 0.38478
269.75720 0.38419
269.76680 0.38308
269.77641 0.38395
269.78605 0.38183
269.79565 0.38278
269.80525 0.38114
269.81486 0.38299
269.82450 0.38001
269.83410 0.37912
269.84371 0.38182
269.85332 0.37937
269.86292 0.37919
269.87256 0.37925
269.88217 0.38079
269.89177 0.37956
269.90137 0.38206
269.91099 0.38144
269.92062 0.38040
269.93022 0.38031
269.93984 0.37903
269.94944 0.38076
269.95904 0.38121
269.96865 0.38025
269.97826 0.38200
269.98789 0.37987
269.99749 0.38108
270.00711 0.37856
270.01671 0.38153
270.02631 0.38142
270.03593 0.38158
270.04553 0.38039
270.05513 0.38178
270.06474 0.38252
270.07435 0.38265
270.08398 0.38273
270.09359 0.38320
270.10320 0.38449
270.11280 0.38141
270.12240 0.38379
270.13202 0.38558
270.14162 0.38585
270.15122 0.38570
270.16083 0.38832
270.17044 0.38544
270.18004 0.38920
270.18965 0.38618
270.19926 0.38640
270.20886 0.38574
270.21846 0.38741
270.22808 0.38633
270.23768 0.38779
270.24728 0.38395
270.25689 0.38668
270.26650 0.38411
270.27610 0.38242
270.28571 0.38409
270.29532 0.37975
270.30492 0.37920
270.31453 0.38013
270.32414 0.37899
270.33371 0.37644
270.34331 0.37674
270.35292 0.37716
270.36253 0.38155
270.37213 0.38049
270.38174 0.37899
270.39135 0.38006
270.40095 0.38130
270.41056 0.37977
270.42017 0.37930
270.42974 0.38000
270.43934 0.37716
270.44895 0.37541
270.45856 0.37455
270.46816 0.37486
270.47777 0.37601
270.48738 0.37320
270.49695 0.37305
270.50655 0.37042
270.51616 0.37120
270.52577 0.36926
270.53537 0.36852
270.54495 0.37180
270.55456 0.37251
270.56416 0.37128
270.57377 0.37153
270.58338 0.37045
270.59295 0.37313
270.60255 0.37331
270.61216 0.37021
270.62177 0.37154
270.63134 0.37094
270.64095 0.37055
270.65056 0.36854
270.66016 0.36981
270.66973 0.37275
270.67935 0.37227
270.68895 0.37244
270.69852 0.37605
270.70813 0.37632
270.71774 0.37499
270.72731 0.37306
270.73691 0.37390
270.74653 0.37356
270.75613 0.37189
270.76570 0.37090
270.77532 0.37448
270.78492 0.36992
270.79449 0.37510
270.80409 0.37200
270.81368 0.37561
270.82328 0.37374
270.83288 0.37543
270.84247 0.37599
270.85207 0.37584
270.86167 0.37544
270.87125 0.37844
270.88086 0.37618
270.89043 0.37760
270.90003 0.37690
270.90965 0.37599
270.91922 0.37589
270.92882 0.37404
270.93840 0.37221
270.94801 0.37117
270.95758 0.37119
270.96719 0.37140
270.97677 0.37022
270.98637 0.37015
270.99594 0.36995
271.00555 0.37069
271.01516 0.36979
271.02473 0.37116
271.03434 0.37092
271.04391 0.37304
271.05352 0.37595
271.06310 0.37543
271.07270 0.37301
271.08228 0.37195
271.09185 0.37226
271.10146 0.37129
271.11103 0.36923
271.12064 0.36826
271.13022 0.36987
271.13982 0.36707
271.14940 0.36869
271.15901 0.36697
271.16858 0.36404
271.17815 0.36429
271.18776 0.36531
271.19734 0.36229
271.20694 0.36408
271.21651 0.36268
271.22610 0.36274
271.23570 0.36523
271.24527 0.36378
271.25489 0.36274
271.26446 0.36533
271.27403 0.36414
271.28363 0.36818
271.29322 0.36357
271.30279 0.36357
271.31239 0.36673
271.32197 0.36414
271.33155 0.36548
271.34115 0.36625
271.35073 0.36596
271.36030 0.36326
271.36991 0.36297
271.37948 0.36266
271.38906 0.36337
271.39864 0.36160
271.40824 0.35944
271.41782 0.35981
271.42739 0.36171
271.43700 0.36066
271.44658 0.36115
271.45615 0.36028
271.46572 0.35997
271.47533 0.36102
271.48491 0.36204
271.49448 0.35965
271.50405 0.35905
271.51364 0.36177
271.52324 0.36059
271.53281 0.36100
271.54240 0.36361
271.55197 0.36143
271.56154 0.36351
271.57114 0.36128
271.58073 0.36316
271.59030 0.36071
271.59987 0.36294
271.60945 0.36192
271.61903 0.36221
271.62863 0.36328
271.63821 0.36234
271.64778 0.36352
271.65736 0.36128
271.66693 0.36429
271.67651 0.36170
271.68608 0.36267
271.69566 0.36272
271.70527 0.36259
271.71484 0.36073
271.72441 0.36244
271.73400 0.36047
271.74357 0.36132
271.75314 0.35964
271.76271 0.35905
271.77230 0.35974
271.78187 0.35967
271.79144 0.35944
271.80102 0.36173
271.81060 0.35966
271.82017 0.36172
271.82975 0.36073
271.83932 0.36004
271.84890 0.36494
271.85847 0.36168
271.86805 0.36559
271.87762 0.36223
271.88720 0.36182
271.89678 0.36280
271.90635 0.36183
271.91592 0.36049
271.92551 0.36162
271.93508 0.36213
271.94465 0.36753
271.95424 0.37940
271.96381 0.40475
290.29358 0.68483
290.30320 0.69915
290.31280 0.70829
290.32240 0.70962
290.33202 0.69993
290.34162 0.70423
290.35125 0.70407
290.36087 0.70028
290.37047 0.68746
290.38007 0.68644
290.38968 0.68739
290.39929 0.68498
290.40889 0.67632
290.41850 0.67554
290.42811 0.67100
290.43771 0.67388
290.44732 0.66652
290.45693 0.65839
290.46653 0.65463
290.47614 0.65535
290.48574 0.65661
290.49535 0.65385
290.50495 0.64390
290.51456 0.64540
290.52417 0.64298
290.53377 0.63905
290.54338 0.63594
290.55299 0.62900
290.56259 0.63075
290.57220 0.62728
290.58181 0.62115
290.59141 0.61900
290.60102 0.61553
290.61062 0.61337
290.62023 0.60773
290.62984 0.61004
290.63944 0.60533
290.64905 0.60052
290.65866 0.59691
290.66826 0.59750
290.67787 0.59175
290.68748 0.58780
290.69708 0.58097
290.70668 0.58002
290.71627 0.57827
290.72587 0.57608
290.73547 0.57028
290.74509 0.56712
290.75469 0.56140
290.76429 0.55939
290.77391 0.55510
290.78351 0.55008
290.79311 0.54547
290.80269 0.54417
290.81230 0.54087
290.82190 0.53472
290.83150 0.53061
290.84112 0.52460
290.85072 0.52118
290.86032 0.51843
290.86990 0.51249
290.87951 0.50792
290.88911 0.50298
290.89872 0.49976
290.90833 0.49443
290.91790 0.48995
290.92751 0.48418
290.93712 0.47860
290.94672 0.47350
290.95633 0.46813
290.96590 0.46310
290.97551 0.45702
290.98512 0.45053
290.99472 0.44573
291.00430 0.43922
291.01391 0.43288
291.02351 0.42820
291.03311 0.42239
291.04270 0.41644
291.05230 0.41023
291.06190 0.40405
291.07152 0.39839
291.08109 0.39217
291.09069 0.38563
291.10031 0.37940
291.10991 0.37343
291.11948 0.36724
291.12909 0.36121
291.13870 0.35505
291.14827 0.34824
291.15787 0.34195
291.16749 0.33574
291.17706 0.32968
291.18666 0.32249
291.19627 0.31626
291.20585 0.31025
291.21545 0.30401
291.22506 0.29927
291.23463 0.29249
291.24424 0.28727
291.25385 0.28182
291.26342 0.27636
291.27303 0.27065
291.28261 0.26564
291.29221 0.25945
291.30182 0.25542
291.31140 0.25004
291.32100 0.24501
291.33057 0.24013
291.34019 0.23440
291.34979 0.22917
291.35936 0.22414
291.36897 0.22027
291.37855 0.21527
291.38815 0.21191
291.39773 0.20711
291.40734 0.20238
291.41694 0.19783
291.42652 0.19339
291.43612 0.18976
291.44570 0.18556
291.45531 0.18221
291.46488 0.17844
291.47449 0.17419
291.48407 0.17115
291.49367 0.16728
291.50324 0.16458
291.51285 0.16108
291.52243 0.15774
291.53203 0.15467
291.54160 0.15199
291.55122 0.14910
291.56079 0.14643
291.57039 0.14381
291.57998 0.14101
291.58958 0.13776
291.59915 0.13503
291.60876 0.13303
291.61834 0.13041
291.62791 0.12783
291.63752 0.12481
291.64710 0.12255
291.65670 0.12011
291.66628 0.11830
291.67588 0.11580
291.68546 0.11366
291.69504 0.11171
291.70464 0.11025
291.71421 0.10824
291.72383 0.10652
291.73340 0.10475
291.74297 0.10342
291.75259 0.10209
291.76216 0.10092
291.77176 0.09921
291.78134 0.09715
291.79092 0.09499
291.80052 0.09407
291.81010 0.09260
291.81967 0.09169
291.82928 0.09025
291.83886 0.08899
291.84843 0.08738
291.85804 0.08607
291.86762 0.08431
291.87719 0.08327
291.88679 0.08241
291.89638 0.08163
291.90595 0.08078
291.91552 0.07963
291.92513 0.07833
291.93471 0.07761
291.94428 0.07625
291.95388 0.07568
291.96346 0.07540
291.97304 0.07446
291.98261 0.07345
291.99222 0.07244
292.00180 0.07084
292.01137 0.07049
292.02095 0.06979
292.03055 0.06884
292.04013 0.06849
292.04971 0.06752
292.05928 0.06713
292.06885 0.06579
292.07847 0.06460
292.08804 0.06418
292.09761 0.06358
292.10719 0.06311
292.11677 0.06243
292.12637 0.06139
292.13595 0.06085
292.14552 0.06055
292.15510 0.05988
292.16468 0.05938
292.17428 0.05941
292.18386 0.05885
292.19344 0.05856
292.20301 0.05825
292.21258 0.05796
292.22217 0.05785
292.23174 0.05741
292.24134 0.05658
292.25092 0.05579
292.26050 0.05521
292.27007 0.05520
292.27965 0.05476
292.28922 0.05436
292.29880 0.05359
292.30838 0.05328
292.31795 0.05295
292.32752 0.05250
292.33711 0.05217
292.34671 0.05175
292.35628 0.05151
292.36586 0.05110
292.37544 0.05097
292.38501 0.05060
292.39459 0.05083
292.40416 0.05089
292.41374 0.05009
292.42331 0.04972
292.43289 0.04936
292.44246 0.04880
292.45204 0.04848
292.46162 0.04809
292.47119 0.04837
292.48076 0.04850
292.49035 0.04812
292.49992 0.04812
292.50949 0.04769
292.51907 0.04735
292.52865 0.04688
292.53822 0.04665
292.54780 0.04671
292.55737 0.04665
292.56695 0.04632
292.57653 0.04589
292.58610 0.04574
292.59567 0.04531
292.60526 0.04485
292.61483 0.04483
292.62437 0.04475
292.63395 0.04447
292.64353 0.04400
292.65310 0.04363
292.66268 0.04304
292.67225 0.04296
292.68183 0.04290
292.69141 0.04279
292.70098 0.04273
292.71055 0.04254
292.72011 0.04240
292.72968 0.04257
292.73925 0.04213
292.74883 0.04241
292.75841 0.04187
292.76798 0.04155
292.77756 0.04128
292.78710 0.04089
292.79668 0.04064
292.80626 0.04018
292.81583 0.04011
292.82540 0.04012
292.83499 0.03957
292.84453 0.03957
292.85410 0.03948
292.86368 0.03952
292.87326 0.03950
292.88283 0.03937
292.89238 0.03917
292.90195 0.03883
292.91153 0.03859
292.92111 0.03829
292.93065 0.03832
292.94022 0.03816
292.94980 0.03810
292.95938 0.03802
292.96892 0.03788
292.97850 0.03770
292.98807 0.03744
292.99765 0.03726
293.00720 0.03690
293.01677 0.03721
293.02634 0.03702
293.03592 0.03704
293.04547 0.03689
293.05504 0.03677
293.06461 0.03631
293.07417 0.03619
293.08374 0.03623
293.09331 0.03643
293.10286 0.03669
293.11243 0.03660
293.12201 0.03629
293.13156 0.03632
293.14113 0.03599
293.15070 0.03582
293.16026 0.03583
293.16983 0.03588
293.17940 0.03584
293.18895 0.03549
293.19853 0.03537
293.20807 0.03538
293.21765 0.03509
293.22722 0.03505
293.23677 0.03468
293.24635 0.03473
293.25589 0.03485
293.26546 0.03486
293.27504 0.03501
293.28459 0.03501
293.29416 0.03448
293.30371 0.03438
293.31328 0.03391
293.32283 0.03401
293.33241 0.03383
293.34198 0.03367
293.35152 0.03347
293.36111 0.03313
293.37065 0.03296
293.38022 0.03274
293.38977 0.03240
293.39934 0.03246
293.40889 0.03221
293.41847 0.03238
293.42801 0.03225
293.43758 0.03252
293.44714 0.03200
293.45671 0.03192
293.46625 0.03178
293.47583 0.03183
293.48537 0.03213
293.49495 0.03184
293.50450 0.03194
293.51407 0.03198
293.52361 0.03169
293.53317 0.03163
293.54274 0.03187
293.55228 0.03207
293.56186 0.03176
293.57140 0.03158
293.58098 0.03144
293.59053 0.03107
293.60007 0.03115
293.60964 0.03092
293.61920 0.03094
293.62877 0.03093
293.63831 0.03079
293.64786 0.03074
293.65743 0.03068
293.66698 0.03072
293.67656 0.03068
293.68610 0.03107
293.69564 0.03075
293.70523 0.03110
293.71477 0.03097
293.72431 0.03092
293.73389 0.03087
293.74343 0.03094
293.75298 0.03098
293.76256 0.03096
293.77210 0.03111
293.78164 0.03061
293.79123 0.03069
293.80077 0.03028
293.81031 0.03002
293.81989 0.02998
293.82943 0.02990
293.83898 0.02996
293.84853 0.03006
293.85810 0.03026
293.86764 0.03004
293.87719 0.02976
293.88674 0.02969
293.89631 0.02977
293.90585 0.02959
293.91540 0.02984
293.92494 0.02975
293.93452 0.02965
293.94407 0.02956
293.95361 0.02913
293.96315 0.02886
293.97274 0.02877
293.98228 0.02880
293.99182 0.02895
294.00137 0.02893
294.01091 0.02879
294.02049 0.02854
294.03004 0.02822
294.03958 0.02801
294.04912 0.02825
294.05867 0.02830
294.06822 0.02802
294.07779 0.02769
294.08734 0.02791
294.09688 0.02785
294.10642 0.02770
294.11598 0.02764
294.12552 0.02762
294.13506 0.02769
294.14464 0.02782
294.15419 0.02807
294.16373 0.02779
294.17328 0.02763
294.18282 0.02773
294.19236 0.02759
294.20192 0.02725
294.21146 0.02717
294.22100 0.02753
294.23055 0.02720
294.24009 0.02690
294.24967 0.02691
294.25922 0.02680
294.26876 0.02680
294.27830 0.02672
294.28785 0.02653
294.29740 0.02655
294.30694 0.02666
294.31649 0.02653
294.32603 0.02639
294.33557 0.02651
294.34513 0.02659
294.35467 0.02644
294.36421 0.02646
294.37376 0.02622
294.38330 0.02589
294.39285 0.02576
294.40240 0.02527
294.41194 0.02594
294.42148 0.02596
294.43103 0.02596
294.44058 0.02579
294.45012 0.02540
294.45967 0.02547
294.46921 0.02525
294.47875 0.02524
294.48831 0.02524
294.49782 0.02532
294.50736 0.02551
294.51691 0.02524
294.52645 0.02522
294.53600 0.02507
294.54555 0.02476
294.55509 0.02455
294.56463 0.02505
294.57418 0.02510
294.58373 0.02510
294.59324 0.02471
294.60279 0.02465
294.61233 0.02452
294.62187 0.02456
294.63142 0.02442
294.64097 0.02450
294.65051 0.02429
294.66003 0.02444
294.66957 0.02445
294.67911 0.02400
294.68867 0.02392
294.69821 0.02377
294.70775 0.02378
294.71727 0.02370
294.72681 0.02352
294.73636 0.02357
294.74591 0.02344
294.75545 0.02354
294.76496 0.02362
294.77451 0.02339
294.78406 0.02327
294.79360 0.02366
294.80315 0.02346
294.81266 0.02351
294.82220 0.02387
294.83175 0.02363
294.84130 0.02353
294.85081 0.02338
294.86036 0.02329
294.86990 0.02321
294.87941 0.02329
294.88897 0.02327
294.89851 0.02305
294.90805 0.02298
294.91757 0.02301
294.92711 0.02291
294.93666 0.02289
294.94618 0.02274
294.95572 0.02277
294.96526 0.02295
294.97478 0.02292
294.98432 0.02291
294.99387 0.02296
295.00339 0.02306
295.01293 0.02289
295.02247 0.02277
295.03199 0.02264
295.04154 0.02270
295.05108 0.02257
295.06060 0.02260
295.07014 0.02266
295.07968 0.02280
295.08920 0.02294
295.09875 0.02295
295.10826 0.02291
295.11781 0.02266
295.12735 0.02256
295.13686 0.02242
295.14642 0.02234
295.15593 0.02269
295.16547 0.02257
295.17499 0.02250
295.18453 0.02243
295.19407 0.02236
295.20360 0.02187
295.21314 0.02212
295.22265 0.02216
295.23220 0.02218
295.24171 0.02211
295.25125 0.02202
295.26078 0.02190
295.27032 0.02178
295.27983 0.02170
295.28938 0.02183
295.29889 0.02171
295.30844 0.02159
295.31796 0.02179
295.32750 0.02126
295.33701 0.02154
295.34656 0.02167
295.35607 0.02162
295.36562 0.02127
295.37514 0.02117
295.38468 0.02119
295.39419 0.02115
295.40371 0.02118
295.41325 0.02104
295.42277 0.02097
295.43232 0.02083
295.44183 0.02091
295.45137 0.02081
295.46089 0.02114
295.47040 0.02104
295.47995 0.02109
295.48947 0.02107
295.49901 0.02086
295.50852 0.02058
295.51804 0.02059
295.52758 0.02080
295.53710 0.02061
295.54662 0.02067
295.55616 0.02076
295.56567 0.02062
295.57519 0.02064
295.58473 0.02083
295.59425 0.02063
295.60377 0.02075
295.61331 0.02059
295.62282 0.02053
295.63234 0.02073
295.64188 0.02059
295.65140 0.02057
295.66092 0.02053
295.67046 0.02033
295.67997 0.02040
295.68949 0.02049
295.69900 0.02068
295.70855 0.02076
295.71807 0.02061
295.72758 0.02050
295.73712 0.02069
295.74664 0.02064
295.75615 0.02083
295.76567 0.02067
295.77522 0.02046
295.78473 0.02023
295.79424 0.02027
295.80376 0.02018
295.81327 0.02019
295.82282 0.02023
295.83234 0.02029
295.84185 0.02025
295.85136 0.02033
295.86088 0.02038
295.87042 0.02024
295.87993 0.02028
295.88946 0.02014
295.89897 0.01994
295.90848 0.01975
295.91800 0.01984
295.92754 0.01980
295.93705 0.01986
295.94658 0.01977
295.95609 0.01958
295.96560 0.01961
295.97512 0.01940
295.98463 0.01967
295.99417 0.01952
296.00369 0.01937
296.01321 0.01941
296.02273 0.01937
296.03224 0.01937
296.04175 0.01950
296.05127 0.01933
296.06078 0.01914
296.07030 0.01932
296.07982 0.01902
296.08933 0.01912
296.09884 0.01917
296.10839 0.01895
296.11790 0.01916
296.12741 0.01901
296.13694 0.01902
296.14645 0.01914
296.15596 0.01930
296.16548 0.01931
296.17499 0.01918
296.18450 0.01903
296.19403 0.01887
296.20354 0.01887
296.21305 0.01890
296.22257 0.01870
296.23208 0.01869
296.24159 0.01883
296.25111 0.01860
296.26063 0.01861
296.27014 0.01848
296.27966 0.01833
296.28917 0.01858
296.29865 0.01844
296.30817 0.01855
296.31768 0.01833
296.32720 0.01831
296.33672 0.01863
296.34623 0.01861
296.35574 0.01856
296.36526 0.01845
296.37477 0.01826
296.38428 0.01817
296.39381 0.01807
296.40332 0.01796
296.41280 0.01803
296.42232 0.01789
296.43183 0.01798
296.44134 0.01790
296.45086 0.01789
296.46038 0.01787
296.46989 0.01786
296.47941 0.01788
296.48889 0.01784
296.49840 0.01782
296.50792 0.01814
296.51743 0.01802
296.52695 0.01776
296.53644 0.01770
296.54595 0.01747
296.55546 0.01751
296.56498 0.01746
296.57449 0.01762
296.58397 0.01775
296.59349 0.01736
296.60301 0.01728
296.61252 0.01730
296.62204 0.01692
296.63152 0.01696
296.64103 0.01729
296.65055 0.01715
296.66006 0.01677
296.66955 0.01683
296.67907 0.01694
296.68858 0.01684
296.69809 0.01687
296.70758 0.01692
296.71709 0.01686
296.72660 0.01704
296.73610 0.01702
296.74561 0.01711
296.75512 0.01710
296.76461 0.01713
296.77412 0.01709
296.78363 0.01704
296.79315 0.01684
296.80263 0.01675
296.81215 0.01695
296.82167 0.01691
296.83115 0.01698
296.84066 0.01667
296.85015 0.01691
296.85966 0.01787
296.86917 0.01639
296.87866 0.01645
296.88818 0.01646
296.89770 0.01651
296.90718 0.01640
296.91669 0.01634
296.92618 0.01648
296.93569 0.01663
296.94520 0.01664
296.95470 0.01656
296.96421 0.01646
296.97369 0.01639
296.98321 0.01627
296.99269 0.01632
297.00220 0.01639
297.01172 0.01629
297.02120 0.01630
297.03072 0.01618
297.04021 0.01615
297.04972 0.01617
297.05920 0.01624
297.06872 0.01597
297.07820 0.01601
297.08771 0.01614
297.09720 0.01605
297.10672 0.01616
297.11620 0.01598
297.12572 0.01612
297.13520 0.01588
297.14471 0.01592
297.15420 0.01591
297.16371 0.01601
297.17319 0.01575
297.18271 0.01565
297.19220 0.01570
297.20168 0.01549
297.21120 0.01546
297.22068 0.01551
297.23019 0.01552
297.23968 0.01572
297.24919 0.01570
297.25867 0.01554
297.26817 0.01537
297.27768 0.01537
297.28716 0.01534
297.29668 0.01539
297.30616 0.01526
297.31564 0.01519
297.32516 0.01509
297.33464 0.01512
297.34412 0.01511
297.35365 0.01530
297.36313 0.01526
297.37264 0.01523
297.38213 0.01542
297.39161 0.01549
297.40112 0.01558
297.41061 0.01551
297.42009 0.01545
297.42961 0.01517
297.43910 0.01507
297.44858 0.01490
297.45806 0.01525
297.46758 0.01532
297.47706 0.01513
297.48655 0.01510
297.49606 0.01508
297.50554 0.01497
297.51504 0.01494
297.52452 0.01504
297.53403 0.01493
297.54352 0.01503
297.55300 0.01510
297.56248 0.01494
297.57200 0.01504
297.58148 0.01511
297.59096 0.01512
297.60045 0.01500
297.60997 0.01487
297.61945 0.01471
297.62894 0.01487
297.63842 0.01470
297.64790 0.01486
297.65739 0.01476
297.66690 0.01486
297.67638 0.01503
297.68587 0.01488
297.69536 0.01503
297.70484 0.01466
297.71436 0.01469
297.72384 0.01476
297.73332 0.01489
297.74281 0.01483
297.75229 0.01485
297.76177 0.01478
297.77126 0.01454
297.78074 0.01458
297.79026 0.01456
297.79975 0.01448
297.80923 0.01454
297.81871 0.01457
297.82820 0.01453
297.83768 0.01442
297.84716 0.01448
297.85665 0.01427
297.86613 0.01433
297.87561 0.01443
297.88511 0.01425
297.89459 0.01427
297.90407 0.01387
297.91359 0.01411
297.92307 0.01421
297.93255 0.01412
297.94204 0.01417
297.95152 0.01434
297.96101 0.01403
297.97050 0.01425
297.97998 0.01402
297.98947 0.01424
297.99895 0.01401
298.00843 0.01396
298.01792 0.01385
298.02740 0.01397
298.03688 0.01394
298.04637 0.01389
298.05585 0.01403
298.06530 0.01402
298.07480 0.01382
298.08428 0.01380
298.09376 0.01376
298.10325 0.01368
298.11273 0.01376
298.12221 0.01389
298.13170 0.01394
298.14118 0.01377
298.15066 0.01381
298.16015 0.01386
298.16963 0.01363
298.17912 0.01373
298.18858 0.01386
298.19806 0.01178
298.20754 0.01396
298.21703 0.01358
298.22651 0.01360
298.23599 0.01373
298.24548 0.01361
298.25493 0.01369
298.26441 0.01363
298.27390 0.01368
298.28339 0.01382
298.29287 0.01387
298.30236 0.01397
298.31181 0.01401
298.32129 0.01416
298.33078 0.01435
298.34026 0.01426
298.34974 0.01413
298.35920 0.01419
298.36868 0.01424
298.37817 0.01400
298.38765 0.01405
298.39714 0.01399
298.40660 0.01420
298.41608 0.01409
298.42556 0.01394
298.43505 0.01385
298.44450 0.01373
298.45398 0.01376
298.46347 0.01384
298.47292 0.01392
298.48240 0.01386
298.49189 0.01374
298.50138 0.01373
298.51083 0.01365
298.52032 0.01362
298.52980 0.01375
298.53925 0.01388
298.54874 0.01377
298.55822 0.01395
298.56767 0.01375
298.57716 0.01380
298.58664 0.01346
298.59609 0.01341
298.60558 0.01358
298.61506 0.01353
298.62452 0.01351
298.63401 0.01344
298.64349 0.01341
298.65294 0.01350
298.66243 0.01343
298.67188 0.01317
298.68136 0.01327
298.69085 0.01327
298.70030 0.01317
298.70978 0.01327
298.71924 0.01334
298.72872 0.01327
298.73821 0.01320
298.74767 0.01338
298.75715 0.01341
298.76661 0.01329
298.77609 0.01339
298.78554 0.01332
298.79503 0.01310
298.80448 0.01320
298.81396 0.01303
298.82342 0.01309
298.83290 0.01304
298.84235 0.01306
298.85184 0.01313
298.86129 0.01292
298.87077 0.01306
298.88023 0.01292
298.88972 0.01284
298.89917 0.01273
298.90866 0.01273
298.91811 0.01275
298.92759 0.01302
298.93705 0.01295
298.94653 0.01303
298.95598 0.01308
298.96547 0.01267
298.97492 0.01264
298.98437 0.01269
298.99386 0.01245
299.00331 0.01260
299.01279 0.01265
299.02226 0.01249
299.03174 0.01268
299.04119 0.01245
299.05065 0.01234
299.06013 0.01236
299.06959 0.01235
299.07904 0.01259
299.08852 0.01254
299.09798 0.01268
299.10746 0.01235
299.11691 0.01232
299.12637 0.01236
299.13585 0.01230
299.14530 0.01246
299.15476 0.01238
299.16425 0.01223
299.17370 0.01226
299.18316 0.01197
299.19264 0.01209
299.20209 0.01205
299.21155 0.01194
299.22100 0.01198
299.23048 0.01202
299.23994 0.01199
299.24939 0.01189
299.25887 0.01186
299.26833 0.01171
299.27778 0.01187
299.28723 0.01184
299.29672 0.01180
299.30617 0.01173
299.31562 0.01189
299.32508 0.01183
299.33457 0.01205
299.34402 0.01207
299.35348 0.01191
299.36293 0.01192
299.37239 0.01180
299.38187 0.01176
299.39132 0.01183
299.40078 0.01178
299.41023 0.01166
299.41968 0.01166
299.42914 0.01175
299.43862 0.01147
299.44807 0.01153
299.45753 0.01169
299.46698 0.01157
299.47643 0.01151
299.48589 0.01159
299.49537 0.01146
299.50483 0.01176
299.51429 0.01173
299.52374 0.01165
299.53319 0.01170
299.54265 0.01173
299.55210 0.01172
299.56155 0.01174
299.57101 0.01178
299.58046 0.01177
299.58994 0.01174
299.59940 0.01171
299.60885 0.01168
299.61830 0.01168
299.62776 0.01169
299.63721 0.01163
299.64666 0.01185
299.65612 0.01186
299.66557 0.01160
299.67503 0.01181
299.68448 0.01172
299.69393 0.01171
299.70340 0.01179
299.71285 0.01171
299.72230 0.01158
299.73176 0.01171
299.74121 0.01168
299.75066 0.01168
299.76012 0.01163
299.76957 0.01166
299.77902 0.01148
299.78848 0.01155
299.79793 0.01161
299.80738 0.01155
299.81684 0.01166
299.82629 0.01150
299.83574 0.01144
299.84520 0.01140
299.85465 0.01128
299.86407 0.01131
299.87353 0.01118
299.88298 0.01117
299.89243 0.01103
299.90189 0.01125
299.91134 0.01124
299.92081 0.01129
299.93026 0.01137
299.93971 0.01131
299.94914 0.01125
299.95859 0.01133
299.96804 0.01131
299.97750 0.01126
299.98695 0.01131
299.99640 0.01113
300.00586 0.01120
300.01528 0.01116
300.02473 0.01119
300.03419 0.01117
300.04364 0.01136
300.05309 0.01124
300.06252 0.01113
300.07197 0.01121
300.08142 0.01120
300.09088 0.01106
300.10033 0.01111
300.10975 0.01108
300.11921 0.01114
300.12866 0.01108
300.13811 0.01106
300.14754 0.01121
300.15699 0.01106
300.16644 0.01108
300.17590 0.01113
300.18532 0.01100
300.19479 0.01102
300.20424 0.01095
300.21369 0.01090
300.22312 0.01092
300.23257 0.01101
300.24202 0.01103
300.25145 0.01112
300.26090 0.01103
300.27035 0.01100
300.27978 0.01103
300.28923 0.01091
300.29868 0.01093
300.30811 0.01091
300.31756 0.01099
300.32701 0.01095
300.33644 0.01085
300.34589 0.01089
300.35534 0.01073
300.36477 0.01070
300.37422 0.01065
300.38364 0.01080
300.39310 0.01070
300.40255 0.01060
300.41197 0.01055
300.42143 0.01068
300.43085 0.01055
300.44031 0.01048
300.44976 0.01056
300.45918 0.01056
300.46864 0.01067
300.47806 0.01060
300.48751 0.01060
300.49694 0.01071
300.50639 0.01066
300.51581 0.01049
300.52527 0.01030
300.53472 0.01045
300.54414 0.01050
300.55360 0.01045
300.56302 0.01052
300.57248 0.01037
300.58191 0.01033
300.59136 0.01043
300.60078 0.01038
300.61021 0.01019
300.61966 0.01030
300.62908 0.01028
300.63854 0.01036
300.64796 0.01043
300.65742 0.01037
300.66684 0.01019
300.67629 0.01038
300.68572 0.01035
300.69517 0.01034
300.70459 0.01018
300.71402 0.01027
300.72347 0.01038
300.73289 0.01033
300.74235 0.01020
300.75177 0.01021
300.76119 0.01031
300.77065 0.01026
300.78007 0.01029
300.78952 0.01030
300.79895 0.01035
300.80837 0.01029
300.81782 0.01016
300.82725 0.01007
300.83667 0.01014
300.84612 0.01014
300.85555 0.01038
300.86497 0.01014
300.87443 0.01027
300.88385 0.01032
300.89327 0.01043
300.90273 0.01035
300.91215 0.01034
300.92157 0.01027
300.93100 0.01031
300.94045 0.01024
300.94987 0.01031
300.95930 0.01014
300.96875 0.01037
300.97817 0.01026
300.98760 0.01018
300.99702 0.01011
301.00647 0.00984
301.01590 0.00999
301.02532 0.01001
301.03474 0.00997
301.04420 0.00979
301.05362 0.01000
301.06304 0.00982
301.07247 0.00993
301.08189 0.00988
301.09135 0.00990
301.10077 0.00995
301.11019 0.01008
301.11962 0.01016
301.12904 0.01004
301.13846 0.00992
301.14792 0.00989
301.15734 0.00992
301.16676 0.00986
301.17619 0.00981
301.18561 0.00990
301.19503 0.00982
301.20446 0.00980
301.21391 0.00967
301.22333 0.00967
301.23276 0.00957
301.24218 0.00959
301.25160 0.00958
301.26103 0.00958
301.27045 0.00954
301.27987 0.00965
301.28930 0.00952
301.29872 0.00966
301.30815 0.00970
301.31760 0.00959
301.32702 0.00952
301.33645 0.00969
301.34587 0.00955
301.35529 0.00965
301.36472 0.00951
301.37414 0.00942
301.38356 0.00960
301.39299 0.00961
301.40241 0.00960
301.41183 0.00957
301.42126 0.00957
301.43068 0.00953
301.44010 0.00946
301.44953 0.00944
301.45895 0.00932
301.46837 0.00923
301.47780 0.00938
301.48722 0.00928
301.49665 0.00943
301.50607 0.00935
301.51546 0.00934
301.52489 0.00929
301.53431 0.00938
301.54373 0.00926
301.55316 0.00929
301.56258 0.00943
301.57200 0.00939
301.58143 0.00930
301.59085 0.00936
301.60027 0.00931
301.60970 0.00930
301.61909 0.00936
301.62851 0.00932
301.63794 0.00936
301.64736 0.00939
301.65678 0.00945
301.66621 0.00946
301.67563 0.00934
301.68503 0.00931
301.69445 0.00931
301.70387 0.00930
301.71330 0.00937
301.72272 0.00934
301.73214 0.00932
301.74154 0.00926
301.75096 0.00920
301.76038 0.00905
301.76981 0.00908
301.77923 0.00890
301.78862 0.00911
301.79805 0.00892
301.80747 0.00898
301.81689 0.00886
301.82628 0.00894
301.83570 0.00879
301.84512 0.00890
301.85455 0.00893
301.86394 0.00888
301.87337 0.00898
301.88279 0.00897
301.89218 0.00884
301.90161 0.00907
301.91103 0.00906
301.92045 0.00912
301.92985 0.00902
301.93927 0.00892
301.94869 0.00896
301.95809 0.00888
301.96751 0.00887
301.97693 0.00875
301.98633 0.00881
301.99575 0.00889
302.00517 0.00882
302.01457 0.00882
302.02399 0.00877
302.03338 0.00882
302.04281 0.00885
302.05223 0.00887
302.06163 0.00885
302.07105 0.00889
302.08047 0.00897
302.08987 0.00880
302.09929 0.00892
302.10868 0.00883
302.11811 0.00871
302.12750 0.00878
302.13692 0.00870
302.14635 0.00884
302.15574 0.00880
302.16516 0.00892
302.17456 0.00893
302.18398 0.00871
302.19336 0.00886
302.20279 0.00864
302.21218 0.00880
302.22160 0.00874
302.23100 0.00881
302.24042 0.00870
302.24982 0.00896
302.25924 0.00867
302.26863 0.00865
302.27806 0.00868
302.28745 0.00874
302.29687 0.00877
302.30627 0.00867
302.31569 0.00876
302.32508 0.00865
302.33451 0.00868
302.34390 0.00869
302.35329 0.00859
302.36272 0.00871
302.37211 0.00868
302.38153 0.00853
302.39093 0.00870
302.40035 0.00837
302.40975 0.00838
302.41914 0.00854
302.42856 0.00852
302.43796 0.00847
302.44738 0.00846
302.45676 0.00847
302.46616 0.00846
302.47558 0.00844
302.48497 0.00855
302.49437 0.00853
302.50379 0.00844
302.51318 0.00840
302.52258 0.00844
302.53200 0.00852
302.54139 0.00856
302.55079 0.00875
302.56021 0.00858
302.56960 0.00851
302.57900 0.00845
302.58842 0.00842
302.59782 0.00850
302.60721 0.00846
302.61660 0.00841
302.62603 0.00846
302.63542 0.00850
302.64481 0.00843
302.65421 0.00836
302.66363 0.00847
302.67302 0.00834
302.68241 0.00852
302.69180 0.00832
302.70122 0.00839
302.71062 0.00840
302.72001 0.00843
302.72940 0.00838
302.73880 0.00851
302.74822 0.00837
302.75762 0.00844
302.76701 0.00821
302.77640 0.00839
302.78580 0.00833
302.79519 0.00853
302.80461 0.00855
302.81401 0.00846
302.82340 0.00845
302.83279 0.00845
302.84219 0.00844
302.85158 0.00837
302.86100 0.00839
302.87039 0.00847
302.87978 0.00843
302.88917 0.00844
302.89857 0.00841
302.90796 0.00838
302.91736 0.00825
302.92675 0.00831
302.93614 0.00827
302.94554 0.00826
302.95493 0.00829
302.96435 0.00829
302.97375 0.00819
302.98314 0.00821
302.99253 0.00817
303.00193 0.00813
303.01132 0.00838
303.02071 0.00827
303.03011 0.00821
303.03949 0.00829
303.04888 0.00820
303.05828 0.00826
303.06767 0.00810
303.07707 0.00813
303.08646 0.00814
303.09585 0.00811
303.10525 0.00806
303.11464 0.00813
303.12403 0.00802
303.13343 0.00810
303.14282 0.00801
303.15221 0.00794
303.16158 0.00805
303.17097 0.00805
303.18036 0.00799
303.18975 0.00801
303.19914 0.00803
303.20853 0.00804
303.21793 0.00801
303.22732 0.00793
303.23672 0.00805
303.24611 0.00811
303.25550 0.00812
303.26487 0.00800
303.27426 0.00790
303.28365 0.00795
303.29305 0.00805
303.30244 0.00806
303.31183 0.00811
303.32123 0.00804
303.33059 0.00805
303.33997 0.00795
303.34937 0.00812
303.35876 0.00792
303.36815 0.00794
303.37755 0.00795
303.38691 0.00800
303.39631 0.00789
303.40570 0.00800
303.41509 0.00808
303.42449 0.00807
303.43385 0.00802
303.44324 0.00817
303.45264 0.00826
303.46203 0.00822
303.47138 0.00812
303.48078 0.00812
303.49017 0.00813
303.49956 0.00801
303.50893 0.00814
303.51832 0.00801
303.52772 0.00813
303.53708 0.00819
303.54647 0.00797
303.55587 0.00794
303.56526 0.00789
303.57462 0.00786
303.58402 0.00796
303.59341 0.00796
303.60276 0.00792
303.61216 0.00792
303.62155 0.00781
303.63091 0.00792
303.64031 0.00777
303.64970 0.00789
303.65906 0.00786
303.66846 0.00801
303.67782 0.00795
303.68722 0.00791
303.69661 0.00802
303.70597 0.00793
303.71537 0.00782
303.72472 0.00773
303.73411 0.00786
303.74351 0.00787
303.75287 0.00777
303.76226 0.00782
303.77163 0.00768
303.78102 0.00772
303.79038 0.00768
303.79978 0.00766
303.80917 0.00773
303.81854 0.00769
303.82793 0.00772
303.83728 0.00766
303.84668 0.00765
303.85604 0.00764
303.86543 0.00761
303.87480 0.00770
303.88419 0.00779
303.89355 0.00767
303.90295 0.00776
303.91231 0.00763
303.92170 0.00790
303.93107 0.00770
303.94046 0.00763
303.94981 0.00778
303.95918 0.00773
303.96857 0.00773
303.97794 0.00758
303.98733 0.00762
303.99669 0.00759
304.00609 0.00764
304.01545 0.00755
304.02481 0.00749
304.03421 0.00761
304.04357 0.00759
304.05295 0.00762
304.06232 0.00771
304.07168 0.00766
304.08107 0.00753
304.09044 0.00761
304.09980 0.00747
304.10920 0.00764
304.11856 0.00751
304.12795 0.00765
304.13732 0.00760
304.14668 0.00774
304.15606 0.00758
304.16543 0.00769
304.17479 0.00765
304.18415 0.00757
304.19355 0.00745
304.20291 0.00770
304.21227 0.00766
304.22167 0.00778
304.23103 0.00766
304.24040 0.00756
304.24975 0.00762
304.25914 0.00735
304.26851 0.00764
304.27787 0.00772
304.28723 0.00763
304.29663 0.00755
304.30599 0.00759
304.31535 0.00735
304.32472 0.00745
304.33411 0.00742
304.34347 0.00743
304.35283 0.00749
304.36219 0.00739
304.37155 0.00744
304.38095 0.00748
304.39031 0.00739
304.39968 0.00750
304.40904 0.00737
304.41840 0.00745
304.42777 0.00748
304.43716 0.00750
304.44651 0.00750
304.45588 0.00750
304.46524 0.00758
304.47460 0.00738
304.48397 0.00745
304.49333 0.00744
304.50269 0.00737
304.51209 0.00742
304.52145 0.00745
304.53081 0.00733
304.54017 0.00734
304.54953 0.00733
304.55890 0.00742
304.56826 0.00726
304.57762 0.00726
304.58699 0.00731
304.59635 0.00736
304.60571 0.00736
304.61507 0.00725
304.62443 0.00732
304.63379 0.00736
304.64316 0.00734
304.65252 0.00725
304.66189 0.00732
304.67125 0.00727
304.68061 0.00722
304.68998 0.00724
304.69934 0.00730
304.70869 0.00738
304.71806 0.00734
304.72742 0.00729
304.73678 0.00729
304.74615 0.00729
304.75551 0.00729
304.76487 0.00719
304.77424 0.00718
304.78360 0.00720
304.79296 0.00724
304.80232 0.00731
304.81168 0.00715
304.82105 0.00725
304.83041 0.00729
304.83977 0.00721
304.84911 0.00714
304.85847 0.00721
304.86782 0.00712
304.87719 0.00719
304.88655 0.00703
304.89591 0.00705
304.90528 0.00699
304.91464 0.00703
304.92398 0.00712
304.93334 0.00704
304.94270 0.00701
304.95206 0.00690
304.96142 0.00699
304.97075 0.00701
304.98012 0.00700
304.98948 0.00690
304.99884 0.00690
305.00821 0.00689
305.01754 0.00684
305.02690 0.00701
305.03626 0.00687
305.04562 0.00692
305.05499 0.00680
305.06432 0.00685
305.07368 0.00696
305.08305 0.00690
305.09241 0.00702
305.10173 0.00697
305.11110 0.00695
305.12046 0.00686
305.12979 0.00691
305.13916 0.00682
305.14852 0.00678
305.15789 0.00683
305.16722 0.00688
305.17657 0.00688
305.18594 0.00681
305.19527 0.00692
305.20463 0.00692
305.21400 0.00692
305.22333 0.00681
305.23269 0.00677
305.24206 0.00677
305.25138 0.00687
305.26074 0.00677
305.27008 0.00688
305.27944 0.00687
305.28881 0.00677
305.29814 0.00679
305.30750 0.00669
305.31687 0.00677
305.32619 0.00673
305.33555 0.00679
305.34489 0.00689
305.35425 0.00703
305.36358 0.00685
305.37295 0.00684
305.38231 0.00694
305.39163 0.00677
305.40100 0.00686
305.41033 0.00690
305.41970 0.00680
305.42903 0.00676
305.43839 0.00686
305.44773 0.00672
305.45709 0.00671
305.46641 0.00660
305.47578 0.00671
305.48511 0.00669
305.49447 0.00663
305.50381 0.00665
305.51317 0.00666
305.52251 0.00660
305.53186 0.00661
305.54119 0.00664
305.55056 0.00675
305.55989 0.00671
305.56922 0.00676
305.57859 0.00662
305.58792 0.00666
305.59727 0.00673
305.60661 0.00660
305.61597 0.00650
305.62530 0.00651
305.63464 0.00654
305.64400 0.00650
305.65334 0.00651
305.66266 0.00641
305.67202 0.00647
305.68136 0.00653
305.69072 0.00648
305.70005 0.00643
305.70939 0.00649
305.71875 0.00649
305.72807 0.00651
305.73741 0.00644
305.74677 0.00657
305.75611 0.00648
305.76544 0.00658
305.77480 0.00638
305.78414 0.00641
305.79346 0.00640
305.80279 0.00643
305.81216 0.00651
305.82149 0.00640
305.83082 0.00637
305.84019 0.00644
305.84952 0.00643
305.85884 0.00645
305.86818 0.00654
305.87754 0.00645
305.88688 0.00646
305.89621 0.00643
305.90554 0.00647
305.91487 0.00638
305.92423 0.00637
305.93356 0.00626
305.94290 0.00647
305.95223 0.00635
305.96156 0.00650
305.97093 0.00647
305.98025 0.00657
305.98959 0.00654
305.99892 0.00656
306.00825 0.00647
306.01759 0.00661
306.02695 0.00657
306.03628 0.00667
306.04561 0.00663
306.05494 0.00659
306.06427 0.00653
306.07361 0.00659
306.08294 0.00660
306.09227 0.00648
306.10160 0.00629
306.11096 0.00641
306.12030 0.00629
306.12963 0.00638
306.13896 0.00649
306.14830 0.00662
306.15762 0.00630
306.16695 0.00639
306.17629 0.00621
306.18562 0.00634
306.19495 0.00641
306.20429 0.00648
306.21361 0.00643
306.22295 0.00635
306.23228 0.00645
306.24161 0.00643
306.25095 0.00641
306.26028 0.00625
306.26961 0.00621
306.27894 0.00628
306.28827 0.00634
306.29760 0.00626
306.30694 0.00619
306.31627 0.00626
306.32561 0.00630
306.33493 0.00619
306.34426 0.00622
306.35360 0.00627
306.36293 0.00619
306.37226 0.00621
306.38160 0.00617
306.39092 0.00614
306.40022 0.00623
306.40956 0.00622
306.41889 0.00621
306.42822 0.00607
306.43756 0.00620
306.44688 0.00618
306.45622 0.00612
306.46555 0.00625
306.47485 0.00617
306.48419 0.00617
306.49352 0.00626
306.50284 0.00620
306.51218 0.00617
306.52151 0.00617
306.53081 0.00623
306.54015 0.00604
306.54947 0.00614
306.55881 0.00610
306.56814 0.00603
306.57747 0.00601
306.58678 0.00618
306.59611 0.00614
306.60543 0.00617
306.61477 0.00607
306.62407 0.00608
306.63340 0.00605
306.64274 0.00614
306.65207 0.00608
306.66137 0.00611
306.67070 0.00608
306.68003 0.00608
306.68937 0.00612
306.69867 0.00604
306.70800 0.00608
306.71733 0.00608
306.72663 0.00603
306.73596 0.00609
306.74530 0.00611
306.75460 0.00606
306.76393 0.00605
306.77326 0.00610
306.78256 0.00599
306.79190 0.00609
306.80123 0.00615
306.81053 0.00610
306.81986 0.00612
306.82919 0.00612
306.83849 0.00613
306.84783 0.00609
306.85713 0.00593
306.86646 0.00596
306.87579 0.00604
306.88509 0.00599
306.89443 0.00604
306.90373 0.00612
306.91306 0.00593
306.92239 0.00599
306.93169 0.00598
306.94102 0.00596
306.95033 0.00599
306.95966 0.00603
306.96896 0.00599
306.97829 0.00611
306.98759 0.00604
306.99693 0.00606
307.00623 0.00593
307.01556 0.00599
307.02486 0.00602
307.03419 0.00588
307.04349 0.00597
307.05283 0.00591
307.06213 0.00590
307.07146 0.00593
307.08076 0.00589
307.09009 0.00586
307.09940 0.00586
307.10873 0.00591
307.11802 0.00585
307.12736 0.00594
307.13666 0.00589
307.14596 0.00586
307.15530 0.00585
307.16459 0.00586
307.17393 0.00602
307.18323 0.00595
307.19253 0.00597
307.20187 0.00589
307.21116 0.00596
307.22049 0.00597
307.22980 0.00604
307.23910 0.00580
307.24843 0.00599
307.25774 0.00590
307.26703 0.00585
307.27637 0.00591
307.28567 0.00586
307.29497 0.00583
307.30431 0.00604
307.31360 0.00585
307.32290 0.00592
307.33224 0.00598
307.34154 0.00590
307.35084 0.00588
307.36014 0.00592
307.36947 0.00580
307.37878 0.00587
307.38808 0.00588
307.39738 0.00594
307.40671 0.00587
307.41601 0.00586
307.42531 0.00583
307.43462 0.00581
307.44395 0.00579
307.45324 0.00579
307.46255 0.00583
307.47185 0.00578
307.48119 0.00574
307.49049 0.00573
307.49978 0.00590
307.50909 0.00570
307.51839 0.00578
307.52769 0.00573
307.53703 0.00571
307.54632 0.00578
307.55562 0.00561
307.56493 0.00566
307.57423 0.00573
307.58353 0.00563
307.59286 0.00564
307.60216 0.00567
307.61147 0.00563
307.62077 0.00565
307.63006 0.00565
307.63937 0.00560
307.64867 0.00566
307.65797 0.00562
307.66728 0.00559
307.67657 0.00568
307.68588 0.00565
307.69521 0.00560
307.70451 0.00569
307.71382 0.00566
307.72311 0.00564
307.73241 0.00563
307.74172 0.00573
307.75102 0.00578
307.76031 0.00568
307.76962 0.00559
307.77892 0.00564
307.78823 0.00567
307.79753 0.00565
307.80682 0.00564
307.81613 0.00563
307.82543 0.00576
307.83473 0.00553
307.84404 0.00564
307.85333 0.00561
307.86263 0.00573
307.87194 0.00566
307.88124 0.00572
307.89051 0.00569
307.89981 0.00564
307.90911 0.00580
307.91842 0.00574
307.92772 0.00567
307.93701 0.00572
307.94632 0.00571
307.95562 0.00574
307.96493 0.00570
307.97423 0.00569
307.98352 0.00569
307.99280 0.00558
308.00210 0.00564
308.01140 0.00558
308.02070 0.00552
308.03000 0.00553
308.03930 0.00551
308.04858 0.00562
308.05787 0.00553
308.06718 0.00553
308.07648 0.00552
308.08578 0.00554
308.09509 0.00555
308.10435 0.00551
308.11365 0.00546
308.12296 0.00554
308.13226 0.00557
308.14152 0.00546
308.15083 0.00566
308.16013 0.00543
308.16944 0.00542
308.17871 0.00544
308.18800 0.00535
308.19731 0.00538
308.20661 0.00539
308.21588 0.00543
308.22518 0.00544
308.23448 0.00538
308.24378 0.00530
308.25306 0.00545
308.26236 0.00548
308.27166 0.00536
308.28093 0.00552
308.29023 0.00531
308.29954 0.00544
308.30880 0.00542
308.31810 0.00548
308.32741 0.00540
308.33668 0.00532
308.34598 0.00525
308.35525 0.00527
308.36455 0.00540
308.37386 0.00526
308.38312 0.00537
308.39242 0.00538
308.40173 0.00546
308.41100 0.00538
308.42030 0.00536
308.42957 0.00536
308.43887 0.00536
308.44815 0.00540
308.45745 0.00530
308.46674 0.00531
308.47602 0.00538
308.48532 0.00536
308.49459 0.00535
308.50389 0.00541
308.51316 0.00542
308.52246 0.00541
308.53174 0.00534
308.54103 0.00541
308.55031 0.00538
308.55961 0.00538
308.56888 0.00540
308.57819 0.00528
308.58745 0.00534
308.59675 0.00541
308.60603 0.00538
308.61533 0.00535
308.62460 0.00533
308.63387 0.00465
308.64317 0.00521
308.65245 0.00530
308.66174 0.00532
308.67101 0.00529
308.68032 0.00526
308.68959 0.00521
308.69885 0.00524
308.70816 0.00527
308.71743 0.00516
308.72674 0.00520
308.73600 0.00520
308.74527 0.00535
308.75458 0.00529
308.76385 0.00520
308.77311 0.00521
308.78242 0.00521
308.79169 0.00522
308.80097 0.00521
308.81026 0.00517
308.81953 0.00520
308.82881 0.00503
308.83811 0.00516
308.84737 0.00507
308.85665 0.00486
308.86595 0.00488
308.87522 0.00513
308.88449 0.00517
308.89376 0.00510
308.90307 0.00503
308.91234 0.00501
308.92160 0.00510
308.93088 0.00512
308.94018 0.00511
308.94945 0.00491
308.95872 0.00501
308.96799 0.00503
308.97730 0.00504
308.98657 0.00501
308.99583 0.00496
309.00511 0.00502
309.01438 0.00500
309.02368 0.00504
309.03295 0.00514
309.04222 0.00494
309.05149 0.00513
309.06077 0.00510
309.07003 0.00499
309.07934 0.00492
309.08861 0.00497
309.09788 0.00504
309.10715 0.00499
309.11642 0.00501
309.12569 0.00496
309.13496 0.00500
309.14423 0.00494
309.15354 0.00495
309.16281 0.00492
309.17207 0.00491
309.18135 0.00488
309.19062 0.00504
309.19989 0.00482
309.20916 0.00486
309.21843 0.00493
309.22770 0.00500
309.23698 0.00506
309.24624 0.00488
309.25552 0.00499
309.26479 0.00482
309.27406 0.00493
309.28333 0.00497
309.29260 0.00500
309.30187 0.00499
309.31114 0.00484
309.32041 0.00485
309.32969 0.00476
309.33896 0.00491
309.34822 0.00487
309.35750 0.00494
309.36677 0.00497
309.37604 0.00490
309.38531 0.00485
309.39458 0.00488
309.40385 0.00483
309.41313 0.00493
309.42239 0.00484
309.43167 0.00472
309.44091 0.00489
309.45017 0.00493
309.45945 0.00479
309.46872 0.00486
309.47799 0.00477
309.48726 0.00495
309.49653 0.00486
309.50581 0.00481
309.51505 0.00497
309.52431 0.00490
309.53359 0.00492
309.54286 0.00486
309.55212 0.00488
309.56140 0.00488
309.57064 0.00478
309.57991 0.00480
309.58918 0.00466
309.59845 0.00491
309.60773 0.00490
309.61697 0.00487
309.62623 0.00509
