# wl 	 tx
301.7085372 0.0054560
301.7295527 0.0057633
301.7505982 0.0057955
301.7716038 0.0058378
301.7926492 0.0058200
301.8136647 0.0057770
301.8347002 0.0058031
301.8557158 0.0058371
301.8767612 0.0059005
301.8977668 0.0059148
301.9188123 0.0059534
301.9398278 0.0060350
301.9608733 0.0060608
301.9818788 0.0060352
302.0029243 0.0060067
302.0239398 0.0060273
302.0449753 0.0060322
302.0659908 0.0060203
302.0870063 0.0060001
302.1080418 0.0060151
302.1290574 0.0060464
302.1501029 0.0060328
302.1711084 0.0060357
302.1921539 0.0060528
302.2131694 0.0060679
302.2341749 0.0060859
302.2552204 0.0061013
302.2762360 0.0061145
302.2972415 0.0061087
302.3182870 0.0060944
302.3393025 0.0060514
302.3603080 0.0060324
302.3813535 0.0060154
302.4023691 0.0060416
302.4233846 0.0060623
302.4444201 0.0060452
302.4654356 0.0060239
302.4864512 0.0060016
302.5074867 0.0059803
302.5285022 0.0059619
302.5495177 0.0059869
302.5705533 0.0059988
302.5915688 0.0060157
302.6125843 0.0060255
302.6335899 0.0060142
302.6546354 0.0059795
302.6756509 0.0059472
302.6966564 0.0059515
302.7176720 0.0059707
302.7387175 0.0059986
302.7597230 0.0060000
302.7807386 0.0059923
302.8017541 0.0059483
302.8227597 0.0059151
302.8438052 0.0058995
302.8648207 0.0059216
302.8858263 0.0059403
302.9068418 0.0059364
302.9278573 0.0058803
302.9488629 0.0058271
302.9699084 0.0058117
302.9909239 0.0057809
303.0119295 0.0057257
303.0329450 0.0056381
303.0539606 0.0049939
303.0749661 0.0043464
303.0959817 0.0043352
303.1169972 0.0042769
303.1380328 0.0041951
303.1590483 0.0041721
303.1800638 0.0041391
303.2010694 0.0040625
303.2220850 0.0039988
303.2431005 0.0039334
303.2641061 0.0038852
303.2851216 0.0038367
303.3061372 0.0037914
303.3271427 0.0037473
303.3481583 0.0036945
303.3691738 0.0036444
303.3901794 0.0036019
303.4111949 0.0035497
303.4322105 0.0035127
303.4532160 0.0034572
303.4742316 0.0034054
303.4952472 0.0033772
303.5162527 0.0033374
303.5372683 0.0033091
303.5582838 0.0032616
303.5792894 0.0032269
303.6003050 0.0031924
303.6213205 0.0031555
303.6423261 0.0031160
303.6633416 0.0030875
303.6843572 0.0030557
303.7053628 0.0030157
303.7263783 0.0029710
303.7473939 0.0029408
303.7683995 0.0028952
303.7894150 0.0028554
303.8103906 0.0028258
303.8314062 0.0028114
303.8524218 0.0027817
303.8734273 0.0027373
303.8944429 0.0026979
303.9154585 0.0026644
303.9364640 0.0026412
303.9574796 0.0026050
303.9784652 0.0025807
303.9994708 0.0025713
304.0204863 0.0025548
304.0415019 0.0025327
304.0625075 0.0025114
304.0835231 0.0024827
304.1045087 0.0024399
304.1255142 0.0024129
304.1465298 0.0023894
304.1675454 0.0023816
304.1885210 0.0023672
304.2095366 0.0023345
304.2305521 0.0023125
304.2515577 0.0022929
304.2725733 0.0022629
304.2935489 0.0022281
304.3145645 0.0022119
304.3355801 0.0021850
304.3565557 0.0021623
304.3775712 0.0021303
304.3985868 0.0020888
304.4195924 0.0020662
304.4405780 0.0020416
304.4615936 0.0020280
304.4825992 0.0020070
304.5035848 0.0019860
304.5246004 0.0019660
304.5456060 0.0019593
304.5665916 0.0019415
304.5876071 0.0019215
304.6086127 0.0018911
304.6295983 0.0018689
304.6506039 0.0018592
304.6716195 0.0018410
304.6926051 0.0018197
304.7136107 0.0018065
304.7345963 0.0017964
304.7556119 0.0017759
304.7766175 0.0017544
304.7976031 0.0017414
304.8186187 0.0017151
304.8395944 0.0016982
304.8606099 0.0016873
304.8815856 0.0016745
304.9026012 0.0016688
304.9236168 0.0016625
304.9445924 0.0016438
304.9656080 0.0016260
304.9865936 0.0016134
305.0075992 0.0015993
305.0285848 0.0015786
305.0496004 0.0015699
305.0705760 0.0015667
305.0915916 0.0015716
305.1125773 0.0015574
305.1335829 0.0015485
305.1545685 0.0015288
305.1755741 0.0015054
305.1965597 0.0014851
305.2175453 0.0014694
305.2385510 0.0014542
305.2595366 0.0014365
305.2805522 0.0014304
305.3015278 0.0014195
305.3225434 0.0014047
305.3435191 0.0013911
305.3645047 0.0013791
305.3855203 0.0013656
305.4064959 0.0013525
305.4275115 0.0013413
305.4484972 0.0013303
305.4694728 0.0013132
305.4904884 0.0012974
305.5114640 0.0012891
305.5324497 0.0012802
305.5534653 0.0012716
305.5744409 0.0012652
305.5954266 0.0012593
305.6164422 0.0012505
305.6374178 0.0012490
305.6584035 0.0012388
305.6794191 0.0012335
305.7003947 0.0012218
305.7213803 0.0012054
305.7423860 0.0011973
305.7633716 0.0011854
305.7843572 0.0011743
305.8053329 0.0011663
305.8263485 0.0011500
305.8473342 0.0011381
305.8683098 0.0011326
305.8892954 0.0011337
305.9103011 0.0011191
305.9312867 0.0011108
305.9522724 0.0011032
305.9732480 0.0010914
305.9942636 0.0010814
306.0152393 0.0010739
306.0362249 0.0010615
306.0572106 0.0010583
306.0781862 0.0010539
306.0991719 0.0010452
306.1201875 0.0010379
306.1411632 0.0010374
306.1621488 0.0010288
306.1831245 0.0010242
306.2041101 0.0010157
306.2250958 0.0010099
306.2460714 0.0010056
306.2670871 0.0010120
306.2880727 0.0010042
306.3090484 0.0009963
306.3300340 0.0009898
306.3510097 0.0009834
306.3719953 0.0009734
306.3929810 0.0009750
306.4139567 0.0009753
306.4349423 0.0009655
306.4559180 0.0009547
306.4769036 0.0009473
306.4978893 0.0009358
306.5188949 0.0009236
306.5398806 0.0009236
306.5608563 0.0009217
306.5818419 0.0009201
306.6028276 0.0009142
306.6238032 0.0009069
306.6447889 0.0009034
306.6657746 0.0008961
306.6867502 0.0008905
306.7077359 0.0008914
306.7287116 0.0008858
306.7496673 0.0008839
306.7706529 0.0008798
306.7916286 0.0008723
306.8126143 0.0008619
306.8335899 0.0008647
306.8545756 0.0008569
306.8755613 0.0008493
306.8965370 0.0008343
306.9175226 0.0008293
306.9384983 0.0008192
306.9594840 0.0008146
306.9804696 0.0008117
307.0014453 0.0008101
307.0224010 0.0008095
307.0433767 0.0007986
307.0643624 0.0007886
307.0853480 0.0007893
307.1063237 0.0007892
307.1273094 0.0007915
307.1482851 0.0007904
307.1692408 0.0007849
307.1902265 0.0007740
307.2112021 0.0007649
307.2321878 0.0007679
307.2531635 0.0007623
307.2741192 0.0007528
307.2951049 0.0007510
307.3160806 0.0007454
307.3370662 0.0007421
307.3580120 0.0007381
307.3789976 0.0007297
307.3999833 0.0007280
307.4209590 0.0007270
307.4419147 0.0007253
307.4628904 0.0007220
307.4838761 0.0007187
307.5048618 0.0007166
307.5258075 0.0007106
307.5467932 0.0007018
307.5677689 0.0007011
307.5887246 0.0007020
307.6097103 0.0007059
307.6306860 0.0007063
307.6516717 0.0007034
307.6726174 0.0007023
307.6936031 0.0007021
307.7145488 0.0007060
307.7355345 0.0007058
307.7565202 0.0007084
307.7774659 0.0007056
307.7984516 0.0006991
307.8194273 0.0006891
307.8403830 0.0006901
307.8613687 0.0006854
307.8823144 0.0006848
307.9033001 0.0006869
307.9242758 0.0006759
307.9452315 0.0006761
307.9662172 0.0006767
307.9871630 0.0006705
308.0081487 0.0006694
308.0290944 0.0006675
308.0500801 0.0006626
308.0710658 0.0006567
308.0920115 0.0006500
308.1129972 0.0006495
308.1339429 0.0006503
308.1549286 0.0006443
308.1758744 0.0006438
308.1968601 0.0006390
308.2178158 0.0006377
308.2387915 0.0006382
308.2597472 0.0006390
308.2806930 0.0006322
308.3016787 0.0006252
308.3226244 0.0006214
308.3436101 0.0006200
308.3645659 0.0006209
308.3855416 0.0006132
308.4064973 0.0006083
308.4274730 0.0006074
308.4484288 0.0005963
308.4693845 0.0005984
308.4903602 0.0005987
308.5113159 0.0005911
308.5322917 0.0005904
308.5532474 0.0005851
308.5741931 0.0005916
308.5951788 0.0005907
308.6161346 0.0005880
308.6370803 0.0005892
308.6580660 0.0005861
308.6790118 0.0005792
308.6999675 0.0005751
308.7209433 0.0005741
308.7418990 0.0005719
308.7628547 0.0005690
308.7838305 0.0005646
308.8047862 0.0005622
308.8257319 0.0005600
308.8466877 0.0005562
308.8676634 0.0005558
308.8886192 0.0005529
308.9095749 0.0005544
308.9305506 0.0005519
308.9515064 0.0005539
308.9724521 0.0005521
308.9934079 0.0005475
309.0143536 0.0005514
309.0353394 0.0005509
309.0562951 0.0005481
309.0772409 0.0005478
309.0981966 0.0005464
309.1191424 0.0005393
309.1401281 0.0005310
309.1610739 0.0005267
309.1820296 0.0005240
309.2029854 0.0005231
309.2239311 0.0005260
309.2448869 0.0005246
309.2658626 0.0005201
309.2868184 0.0005185
309.3077641 0.0005144
309.3287199 0.0005107
309.3496756 0.0005122
309.3706214 0.0005125
309.3915772 0.0005139
309.4125229 0.0005135
309.4335087 0.0005100
309.4544544 0.0005041
309.4754102 0.0004999
309.4963560 0.0004977
309.5173117 0.0004979
309.5382675 0.0004995
309.5592133 0.0005021
309.5801690 0.0005030
309.6011148 0.0004984
309.6220705 0.0004917
309.6430163 0.0004894
309.6639721 0.0004857
309.6849278 0.0004846
309.7058736 0.0004857
309.7268294 0.0004830
309.7477752 0.0004761
309.7687309 0.0004739
309.7896767 0.0004694
309.8106325 0.0004688
309.8315782 0.0004682
309.8525340 0.0004699
309.8734898 0.0004698
309.8944356 0.0004693
309.9153913 0.0004721
309.9363071 0.0004704
309.9572629 0.0004694
309.9782087 0.0004689
309.9991645 0.0004652
310.0201102 0.0004607
310.0410660 0.0004593
310.0620118 0.0004559
310.0829676 0.0004549
310.1039234 0.0004518
310.1248392 0.0004484
310.1457949 0.0004455
310.1667407 0.0004453
310.1876965 0.0004434
310.2086423 0.0004401
310.2295981 0.0004384
310.2505139 0.0004380
310.2714697 0.0004384
310.2924254 0.0004344
310.3133712 0.0004331
310.3343270 0.0004325
310.3552428 0.0004339
310.3761986 0.0004324
310.3971444 0.0004324
310.4181002 0.0004285
310.4390160 0.0004291
310.4599718 0.0004268
310.4809176 0.0004261
310.5018734 0.0004265
310.5227892 0.0004247
310.5437450 0.0004232
310.5647008 0.0004187
310.5856465 0.0004148
310.6065724 0.0004155
310.6275182 0.0004133
310.6484739 0.0004124
310.6693898 0.0004136
310.6903456 0.0004156
310.7112914 0.0004151
310.7322172 0.0004123
310.7531630 0.0004090
310.7741188 0.0004071
310.7950446 0.0004084
310.8159904 0.0004066
310.8369162 0.0004076
310.8578620 0.0004064
310.8788178 0.0004019
310.8997336 0.0004014
310.9206894 0.0004013
310.9416053 0.0003996
310.9625611 0.0003991
310.9835069 0.0003993
311.0044327 0.0003990
311.0253785 0.0003978
311.0463043 0.0003958
311.0672601 0.0003931
311.0881760 0.0003904
311.1091318 0.0003916
311.1300476 0.0003893
311.1510034 0.0003900
311.1719192 0.0003858
311.1928750 0.0003846
311.2137909 0.0003847
311.2347467 0.0003850
311.2556625 0.0003826
311.2766183 0.0003833
311.2975342 0.0003844
311.3184900 0.0003838
311.3394058 0.0003851
311.3603616 0.0003855
311.3812774 0.0003877
311.4022033 0.0003866
311.4231591 0.0003843
311.4440749 0.0003783
311.4650307 0.0003757
311.4859466 0.0003763
311.5068724 0.0003788
311.5278182 0.0003742
311.5487441 0.0003705
311.5696899 0.0003709
311.5906157 0.0003719
311.6115316 0.0003722
311.6324874 0.0003696
311.6534032 0.0003719
311.6743291 0.0003700
311.6952749 0.0003699
311.7162008 0.0003706
311.7371166 0.0003703
311.7580724 0.0003711
311.7789883 0.0003699
311.7999141 0.0003682
311.8208300 0.0003693
311.8417858 0.0003684
311.8627116 0.0003676
311.8836275 0.0003647
311.9045533 0.0003643
311.9254992 0.0003645
311.9464250 0.0003683
311.9673409 0.0003670
311.9882667 0.0003706
312.0092126 0.0003721
312.0301384 0.0003690
312.0510543 0.0003663
312.0719801 0.0003662
312.0928960 0.0003665
312.1138518 0.0003695
312.1347677 0.0003696
312.1556935 0.0003674
312.1766094 0.0003670
312.1975352 0.0003622
312.2184511 0.0003613
312.2394069 0.0003605
312.2603228 0.0003605
312.2812486 0.0003626
312.3021645 0.0003598
312.3230904 0.0003563
312.3440062 0.0003538
312.3649321 0.0003538
312.3858479 0.0003525
312.4067738 0.0003516
312.4277197 0.0003518
312.4486455 0.0003528
312.4695614 0.0003532
312.4904872 0.0003518
312.5114031 0.0003497
312.5323290 0.0003497
312.5532448 0.0003497
312.5741707 0.0003478
312.5950866 0.0003429
312.6160124 0.0003409
312.6369383 0.0003409
312.6578542 0.0003409
312.6787801 0.0003381
312.6996959 0.0003392
312.7206218 0.0003384
312.7415377 0.0003369
312.7624635 0.0003357
312.7833794 0.0003358
312.8043053 0.0003355
312.8252212 0.0003384
312.8461470 0.0003354
312.8670629 0.0003328
312.8879588 0.0003301
312.9088747 0.0003295
312.9298006 0.0003292
312.9507164 0.0003303
312.9716423 0.0003310
312.9925582 0.0003322
313.0134841 0.0003295
313.0344000 0.0003282
313.0553258 0.0003263
313.0762117 0.0003283
313.0971376 0.0003260
313.1180535 0.0003275
313.1389794 0.0003274
313.1598953 0.0003257
313.1808211 0.0003245
313.2017071 0.0003245
313.2226329 0.0003264
313.2435488 0.0003232
313.2644747 0.0003238
313.2853906 0.0003196
313.3062765 0.0003211
313.3272024 0.0003218
313.3481183 0.0003236
313.3690442 0.0003248
313.3899301 0.0003274
313.4108560 0.0003275
313.4317719 0.0003275
313.4526978 0.0003283
313.4735837 0.0003257
313.4945096 0.0003285
313.5154255 0.0003253
313.5363214 0.0003249
313.5572373 0.0003283
313.5781632 0.0003266
313.5990491 0.0003249
313.6199750 0.0003241
313.6408909 0.0003221
313.6617868 0.0003188
313.6827027 0.0003184
313.7036286 0.0003214
313.7245145 0.0003217
313.7454404 0.0003195
313.7663563 0.0003186
313.7872522 0.0003184
313.8081681 0.0003163
313.8290640 0.0003153
313.8499799 0.0003173
313.8708759 0.0003195
313.8917918 0.0003221
313.9127177 0.0003238
313.9336036 0.0003212
313.9545295 0.0003203
313.9754154 0.0003158
313.9963413 0.0003123
314.0172273 0.0003105
314.0381532 0.0003119
314.0590391 0.0003137
314.0799650 0.0003119
314.1008509 0.0003094
314.1217668 0.0003085
314.1426628 0.0003072
314.1635787 0.0003047
314.1844746 0.0003060
314.2053905 0.0003048
314.2262865 0.0003052
314.2472024 0.0003055
314.2680983 0.0003072
314.2890142 0.0003055
314.3099102 0.0003072
314.3307961 0.0003072
314.3517220 0.0003057
314.3726079 0.0003079
314.3935339 0.0003087
314.4144198 0.0003080
314.4353157 0.0003079
314.4562317 0.0003058
314.4771276 0.0003036
314.4980135 0.0003027
314.5189394 0.0003031
314.5398254 0.0003038
314.5607113 0.0003027
314.5816373 0.0003001
314.6025232 0.0002985
314.6234191 0.0002990
314.6443351 0.0002977
314.6652310 0.0002972
314.6861170 0.0002993
314.7070429 0.0002971
314.7279288 0.0003014
314.7488248 0.0003021
314.7697107 0.0003045
314.7906366 0.0003025
314.8115226 0.0003015
314.8324185 0.0002981
314.8533045 0.0002970
314.8742304 0.0002969
314.8951164 0.0003003
314.9160023 0.0002976
314.9368983 0.0002964
314.9578142 0.0002930
314.9787102 0.0002945
314.9995961 0.0002931
315.0204921 0.0002935
315.0413780 0.0002937
315.0622740 0.0002934
315.0831899 0.0002930
315.1040859 0.0002939
315.1249718 0.0002928
315.1458678 0.0002920
315.1667538 0.0002890
315.1876397 0.0002873
315.2085357 0.0002889
315.2294216 0.0002902
315.2503476 0.0002891
315.2712335 0.0002871
315.2921295 0.0002838
315.3130155 0.0002840
315.3339114 0.0002828
315.3547974 0.0002824
315.3756933 0.0002836
315.3965793 0.0002833
315.4174653 0.0002825
315.4383612 0.0002798
315.4592472 0.0002795
315.4801432 0.0002802
315.5010291 0.0002829
315.5219251 0.0002814
315.5428111 0.0002806
315.5637070 0.0002805
315.5845930 0.0002820
315.6054890 0.0002819
315.6263750 0.0002823
315.6472609 0.0002864
315.6681569 0.0002846
315.6890429 0.0002827
315.7099388 0.0002825
315.7308248 0.0002809
315.7517208 0.0002834
315.7726068 0.0002828
315.7934728 0.0002790
315.8143587 0.0002788
315.8352547 0.0002795
315.8561407 0.0002788
315.8770267 0.0002758
315.8979226 0.0002743
315.9188086 0.0002740
315.9397046 0.0002763
315.9605606 0.0002731
315.9814566 0.0002740
316.0023426 0.0002739
316.0232385 0.0002752
316.0441245 0.0002745
316.0649805 0.0002756
316.0858765 0.0002751
316.1067625 0.0002735
316.1276585 0.0002740
316.1485445 0.0002761
316.1694105 0.0002750
316.1902965 0.0002744
316.2111924 0.0002756
316.2320784 0.0002743
316.2529344 0.0002726
316.2738304 0.0002712
316.2947164 0.0002727
316.3156124 0.0002711
316.3364684 0.0002723
316.3573644 0.0002730
316.3782504 0.0002733
316.3991064 0.0002733
316.4200024 0.0002732
316.4408884 0.0002732
316.4617544 0.0002714
316.4826404 0.0002721
316.5035364 0.0002729
316.5243924 0.0002723
316.5452884 0.0002718
316.5661744 0.0002694
316.5870304 0.0002691
316.6079264 0.0002694
316.6287824 0.0002691
316.6496784 0.0002690
316.6705644 0.0002691
316.6914305 0.0002677
316.7123165 0.0002686
316.7331725 0.0002657
316.7540685 0.0002642
316.7749245 0.0002640
316.7958205 0.0002627
316.8167065 0.0002641
316.8375725 0.0002635
316.8584585 0.0002616
316.8793146 0.0002635
316.9002106 0.0002603
316.9210666 0.0002612
316.9419626 0.0002619
316.9628186 0.0002608
316.9837146 0.0002623
317.0045707 0.0002614
317.0254567 0.0002637
317.0463227 0.0002650
317.0671787 0.0002659
317.0880747 0.0002612
317.1089308 0.0002620
317.1298268 0.0002581
317.1506828 0.0002576
317.1715688 0.0002586
317.1924349 0.0002589
317.2132909 0.0002602
317.2341869 0.0002581
317.2550429 0.0002592
317.2759390 0.0002569
317.2967950 0.0002592
317.3176510 0.0002571
317.3385471 0.0002572
317.3594031 0.0002582
317.3802691 0.0002573
317.4011551 0.0002577
317.4220112 0.0002574
317.4428772 0.0002594
317.4637633 0.0002593
317.4846293 0.0002594
317.5054853 0.0002582
317.5263514 0.0002588
317.5472374 0.0002578
317.5680934 0.0002565
317.5889595 0.0002573
317.6098155 0.0002584
317.6307116 0.0002615
317.6515676 0.0002627
317.6724237 0.0002637
317.6932897 0.0002624
317.7141757 0.0002607
317.7350418 0.0002591
317.7558978 0.0002600
317.7767639 0.0002613
317.7976199 0.0002615
317.8185060 0.0002611
317.8393720 0.0002614
317.8602281 0.0002565
317.8810941 0.0002580
317.9019502 0.0002561
317.9228062 0.0002543
317.9436723 0.0002571
317.9645583 0.0002565
317.9854244 0.0002545
318.0062804 0.0002564
318.0271365 0.0002517
318.0480025 0.0002527
318.0688586 0.0002536
318.0897246 0.0002537
318.1105807 0.0002520
318.1314368 0.0002519
318.1523028 0.0002526
318.1731589 0.0002525
318.1940249 0.0002523
318.2149110 0.0002517
318.2357770 0.0002516
318.2566331 0.0002493
318.2774892 0.0002498
318.2983552 0.0002502
318.3192113 0.0002497
318.3400774 0.0002492
318.3609334 0.0002478
318.3817895 0.0002460
318.4026256 0.0002478
318.4234816 0.0002444
318.4443377 0.0002436
318.4652038 0.0002438
318.4860598 0.0002432
318.5069259 0.0002442
318.5277820 0.0002465
318.5486381 0.0002456
318.5695041 0.0002449
318.5903602 0.0002441
318.6112263 0.0002449
318.6320823 0.0002445
318.6529084 0.0002442
318.6737745 0.0002436
318.6946306 0.0002431
318.7154967 0.0002417
318.7363527 0.0002433
318.7572088 0.0002450
318.7780749 0.0002439
318.7989010 0.0002436
318.8197671 0.0002438
318.8406231 0.0002426
318.8614792 0.0002423
318.8823453 0.0002429
318.9031714 0.0002430
318.9240375 0.0002409
318.9448936 0.0002395
318.9657496 0.0002416
318.9865857 0.0002409
319.0074418 0.0002408
319.0283079 0.0002410
319.0491640 0.0002417
319.0699901 0.0002430
319.0908562 0.0002451
319.1117123 0.0002456
319.1325384 0.0002447
319.1534045 0.0002446
319.1742605 0.0002447
319.1951266 0.0002423
319.2159527 0.0002440
319.2368088 0.0002443
319.2576749 0.0002449
319.2785010 0.0002427
319.2993671 0.0002396
319.3201932 0.0002393
319.3410493 0.0002353
319.3619154 0.0002362
319.3827415 0.0002366
319.4035976 0.0002378
319.4244337 0.0002358
319.4452898 0.0002352
319.4661559 0.0002358
319.4869820 0.0002382
319.5078381 0.0002547
319.5286743 0.0002343
319.5495304 0.0002369
319.5703565 0.0002409
319.5912226 0.0002398
319.6120487 0.0002378
319.6329148 0.0002363
319.6537409 0.0002337
319.6745970 0.0002333
319.6954331 0.0002328
319.7162892 0.0002338
319.7371154 0.0002346
319.7579815 0.0002323
319.7788076 0.0002294
319.7996737 0.0002301
319.8204998 0.0002271
319.8413559 0.0002287
319.8621920 0.0002267
319.8830482 0.0002298
319.9038843 0.0002286
319.9247104 0.0002292
319.9455665 0.0002278
319.9664026 0.0002276
319.9872588 0.0002286
320.0080849 0.0002283
320.0289210 0.0002286
320.0497771 0.0002280
320.0706033 0.0002283
320.0914394 0.0002281
320.1122955 0.0002285
320.1331316 0.0002280
320.1539578 0.0002297
320.1748139 0.0002289
320.1956500 0.0002294
320.2164762 0.0002313
320.2373323 0.0002312
320.2581684 0.0002294
320.2789945 0.0002279
320.2998207 0.0002275
320.3206868 0.0002274
320.3415129 0.0002264
320.3623491 0.0002257
320.3831752 0.0002277
320.4040313 0.0002265
320.4248675 0.0002277
320.4456936 0.0002279
320.4665198 0.0002274
320.4873559 0.0002254
320.5082120 0.0002240
320.5290382 0.0002260
320.5498743 0.0002260
320.5707005 0.0002236
320.5915366 0.0002269
320.6123628 0.0002263
320.6332189 0.0002265
320.6540550 0.0002266
320.6748812 0.0002271
320.6957073 0.0002241
320.7165435 0.0002246
320.7373696 0.0002258
320.7581958 0.0002263
320.7790319 0.0002274
320.7998581 0.0002239
320.8206842 0.0002252
320.8415504 0.0002236
320.8623765 0.0002231
320.8832127 0.0002211
320.9040388 0.0002242
320.9248650 0.0002229
320.9457011 0.0002234
320.9665273 0.0002208
320.9873535 0.0002199
321.0081896 0.0002176
321.0290158 0.0002194
321.0498419 0.0002197
321.0706781 0.0002204
321.0915042 0.0002174
321.1123304 0.0002158
321.1331666 0.0002157
321.1539927 0.0002151
321.1748189 0.0002161
321.1956251 0.0002146
321.2164512 0.0002164
321.2372774 0.0002157
321.2581136 0.0002178
321.2789397 0.0002187
321.2997759 0.0002196
321.3206021 0.0002199
321.3414282 0.0002204
321.3622644 0.0002182
321.3830906 0.0002164
321.4038867 0.0002172
321.4247229 0.0002175
321.4455491 0.0002166
321.4663753 0.0002170
321.4872114 0.0002150
321.5080376 0.0002152
321.5288338 0.0002153
321.5496700 0.0002140
321.5704961 0.0002137
321.5913223 0.0002131
321.6121585 0.0002127
321.6329547 0.0002124
321.6537808 0.0002127
321.6746170 0.0002131
321.6954432 0.0002132
321.7162394 0.0002128
321.7370756 0.0002128
321.7579017 0.0002134
321.7786979 0.0002108
321.7995341 0.0002130
321.8203603 0.0002127
321.8411865 0.0002137
321.8619927 0.0002127
321.8828189 0.0002136
321.9036450 0.0002125
321.9244512 0.0002119
321.9452774 0.0002120
321.9661036 0.0002122
321.9869098 0.0002131
322.0077360 0.0002131
322.0285322 0.0002114
322.0493684 0.0002128
322.0701946 0.0002139
322.0909908 0.0002141
322.1118270 0.0002128
322.1326232 0.0002110
322.1534494 0.0002130
322.1742856 0.0002132
322.1950818 0.0002111
322.2159080 0.0002112
322.2367142 0.0002121
322.2575404 0.0002086
322.2783366 0.0002084
322.2991728 0.0002078
322.3199690 0.0002103
322.3407952 0.0002113
322.3616014 0.0002116
322.3824276 0.0002114
322.4032238 0.0002108
322.4240600 0.0002088
322.4448562 0.0002072
322.4656824 0.0002070
322.4864886 0.0002070
322.5073148 0.0002067
322.5281110 0.0002065
322.5489073 0.0002075
322.5697434 0.0002062
322.5905397 0.0002077
322.6113659 0.0002072
322.6321721 0.0002083
322.6529683 0.0002089
322.6737945 0.0002070
322.6946007 0.0002078
322.7153970 0.0002084
322.7362232 0.0002080
322.7570294 0.0002065
322.7778256 0.0002066
322.7986518 0.0002066
322.8194580 0.0002045
322.8402543 0.0002056
322.8610805 0.0002073
322.8818867 0.0002050
322.9026829 0.0002053
322.9235091 0.0002045
322.9443154 0.0002050
322.9651116 0.0002010
322.9859078 0.0001990
323.0067340 0.0002041
323.0275403 0.0002053
323.0483365 0.0002049
323.0691327 0.0002033
323.0899690 0.0002040
323.1107652 0.0002058
323.1315614 0.0002056
323.1523677 0.0002020
323.1731639 0.0002044
323.1939901 0.0002018
323.2147963 0.0002010
323.2355926 0.0001992
323.2563888 0.0002002
323.2771851 0.0002018
323.2979913 0.0002028
323.3187875 0.0002042
323.3396138 0.0002049
323.3604200 0.0002022
323.3812162 0.0002017
323.4020125 0.0002010
323.4228187 0.0002017
323.4436150 0.0002026
323.4644112 0.0002026
323.4852075 0.0002038
323.5060137 0.0002035
323.5268100 0.0002025
323.5476062 0.0002009
323.5684124 0.0001999
323.5892087 0.0001987
323.6100049 0.0001989
323.6308112 0.0002006
323.6516074 0.0001985
323.6724037 0.0001995
323.6931999 0.0001993
323.7140062 0.0001987
323.7348024 0.0001995
323.7555987 0.0001993
323.7764049 0.0001998
323.7972012 0.0001990
323.8179974 0.0002002
323.8388037 0.0002005
323.8596000 0.0002000
323.8803962 0.0001982
323.9011925 0.0001989
323.9219987 0.0001974
323.9427950 0.0001951
323.9635912 0.0001976
323.9843675 0.0001944
324.0051638 0.0001956
324.0259600 0.0001951
324.0467563 0.0001946
324.0675625 0.0001936
324.0883588 0.0001940
324.1091251 0.0001948
324.1299314 0.0001935
324.1507276 0.0001937
324.1715239 0.0001930
324.1923301 0.0001931
324.2130964 0.0001943
324.2338927 0.0001952
324.2546890 0.0001935
324.2754952 0.0001954
324.2962915 0.0001946
324.3170578 0.0001956
324.3378640 0.0001954
324.3586603 0.0001924
324.3794266 0.0001934
324.4002229 0.0001932
324.4210291 0.0001950
324.4418254 0.0001960
324.4625917 0.0001963
324.4833980 0.0001953
324.5041942 0.0001945
324.5249605 0.0001957
324.5457568 0.0001944
324.5665631 0.0001950
324.5873294 0.0001930
324.6081257 0.0001952
324.6289319 0.0001945
324.6496982 0.0001954
324.6704945 0.0001964
324.6912608 0.0001964
324.7120671 0.0001982
324.7328633 0.0001974
324.7536296 0.0001979
324.7744259 0.0001975
324.7952022 0.0001997
324.8159985 0.0001987
324.8367648 0.0001994
324.8575711 0.0001991
324.8783374 0.0001980
324.8991337 0.0001995
324.9199000 0.0001967
324.9407063 0.0001965
324.9614726 0.0001963
324.9822688 0.0001930
325.0030352 0.0001949
325.0238414 0.0001929
325.0446077 0.0001940
325.0654040 0.0001949
325.0861803 0.0001928
325.1069766 0.0001929
325.1277429 0.0001917
325.1485392 0.0001929
325.1693155 0.0001929
325.1900818 0.0001918
325.2108781 0.0001933
325.2316445 0.0001947
325.2524507 0.0001954
325.2732171 0.0001932
325.2939834 0.0001949
325.3147797 0.0001912
325.3355560 0.0001915
325.3563223 0.0001914
325.3771186 0.0001927
325.3978949 0.0001924
325.4186612 0.0001920
325.4394575 0.0001919
325.4602238 0.0001884
325.4810001 0.0001898
325.5017964 0.0001889
325.5225628 0.0001893
325.5433291 0.0001889
325.5641054 0.0001903
325.5849017 0.0001894
325.6056680 0.0001898
325.6264344 0.0001888
325.6472107 0.0001886
325.6680070 0.0001886
325.6887733 0.0001874
325.7095396 0.0001883
325.7303160 0.0001877
325.7510823 0.0001887
325.7718486 0.0001887
325.7926449 0.0001888
325.8134212 0.0001886
325.8341876 0.0001885
325.8549539 0.0001890
325.8757202 0.0001899
325.8964966 0.0001887
325.9172929 0.0001889
325.9380592 0.0001864
325.9588355 0.0001883
325.9796019 0.0001852
326.0003682 0.0001879
326.0211345 0.0001879
326.0419009 0.0001846
326.0626772 0.0001867
326.0834435 0.0001851
326.1042099 0.0001848
326.1249762 0.0001850
326.1457525 0.0001832
326.1665189 0.0001840
326.1872852 0.0001836
326.2080515 0.0001846
326.2288279 0.0001832
326.2495942 0.0001844
326.2703606 0.0001866
326.2911269 0.0001838
326.3119032 0.0001855
326.3326696 0.0001844
326.3534359 0.0001837
326.3742023 0.0001845
326.3949786 0.0001854
326.4157450 0.0001851
326.4365113 0.0001848
326.4572776 0.0001843
326.4780540 0.0001848
326.4988203 0.0001843
326.5195867 0.0001850
326.5403230 0.0001843
326.5610994 0.0001837
326.5818657 0.0001850
326.6026321 0.0001827
326.6233984 0.0001828
326.6441748 0.0001834
326.6649411 0.0001818
326.6856775 0.0001831
326.7064439 0.0001822
326.7272202 0.0001824
326.7479866 0.0001822
326.7687529 0.0001809
326.7894893 0.0001809
326.8102556 0.0001818
326.8310320 0.0001803
326.8517984 0.0001829
326.8725347 0.0001812
326.8933011 0.0001805
326.9140774 0.0001820
326.9348438 0.0001819
326.9555802 0.0001851
326.9763465 0.0001842
326.9971229 0.0001840
327.0178593 0.0001826
327.0386256 0.0001809
327.0593920 0.0001808
327.0801284 0.0001806
327.1009047 0.0001819
327.1216711 0.0001792
327.1424075 0.0001801
327.1631739 0.0001802
327.1839502 0.0001803
327.2046866 0.0001809
327.2254530 0.0001789
327.2461893 0.0001786
327.2669657 0.0001801
327.2877321 0.0001784
327.3084685 0.0001789
327.3292348 0.0001793
327.3499712 0.0001795
327.3707476 0.0001809
327.3914840 0.0001798
327.4122504 0.0001800
327.4329867 0.0001799
327.4537631 0.0001789
327.4744995 0.0001777
327.4952659 0.0001784
327.5160023 0.0001812
327.5367687 0.0001809
327.5575150 0.0001815
327.5782814 0.0001816
327.5990178 0.0001818
327.6197842 0.0001814
327.6405306 0.0001821
327.6612970 0.0001815
327.6820334 0.0001798
327.7027997 0.0001812
327.7235361 0.0001804
327.7442825 0.0001811
327.7650489 0.0001807
327.7857853 0.0001814
327.8065217 0.0001815
327.8272981 0.0001806
327.8480345 0.0001802
327.8688009 0.0001808
327.8895373 0.0001820
327.9102737 0.0001789
327.9310501 0.0001786
327.9517865 0.0001767
327.9725229 0.0001788
327.9932893 0.0001789
328.0140257 0.0001794
328.0347721 0.0001786
328.0555085 0.0001783
328.0762749 0.0001806
328.0970113 0.0001776
328.1177477 0.0001786
328.1384941 0.0001778
328.1592605 0.0001781
328.1799969 0.0001775
328.2007333 0.0001781
328.2214697 0.0001779
328.2422161 0.0001783
328.2629825 0.0001783
328.2837190 0.0001791
328.3044554 0.0001771
328.3251918 0.0001724
328.3459382 0.0001766
328.3667046 0.0001767
328.3874410 0.0001790
328.4081774 0.0001760
328.4289238 0.0001761
328.4496603 0.0001779
328.4703967 0.0001776
328.4911331 0.0001771
328.5118695 0.0001796
328.5326159 0.0001787
328.5533823 0.0001782
328.5741188 0.0001792
328.5948552 0.0001781
328.6155916 0.0001779
328.6363380 0.0001798
328.6570745 0.0001784
328.6778109 0.0001780
328.6985473 0.0001796
328.7192837 0.0001791
328.7400302 0.0001796
328.7607666 0.0001786
328.7815030 0.0001788
328.8022394 0.0001791
328.8229759 0.0001773
328.8437123 0.0001790
328.8644587 0.0001781
328.8851952 0.0001765
328.9059316 0.0001778
328.9266380 0.0001790
328.9473745 0.0001796
328.9681209 0.0001799
328.9888573 0.0001792
329.0095938 0.0001793
329.0303302 0.0001785
329.0510666 0.0001785
329.0718131 0.0001783
329.0925495 0.0001800
329.1132560 0.0001785
329.1339924 0.0001792
329.1547288 0.0001785
329.1754753 0.0001762
329.1962117 0.0001783
329.2169481 0.0001768
329.2376546 0.0001755
329.2583910 0.0001768
329.2791275 0.0001761
329.2998739 0.0001762
329.3205804 0.0001758
329.3413168 0.0001767
329.3620533 0.0001757
329.3827897 0.0001780
329.4035062 0.0001759
329.4242426 0.0001771
329.4449791 0.0001767
329.4657155 0.0001783
329.4864220 0.0001783
329.5071584 0.0001771
329.5279049 0.0001765
329.5486113 0.0001764
329.5693478 0.0001739
329.5900842 0.0001744
329.6107907 0.0001757
329.6315272 0.0001741
329.6522736 0.0001746
329.6729801 0.0001733
329.6937165 0.0001728
329.7144230 0.0001735
329.7351595 0.0001725
329.7559059 0.0001734
329.7766124 0.0001733
329.7973488 0.0001736
329.8180553 0.0001732
329.8387918 0.0001729
329.8594983 0.0001718
329.8802447 0.0001736
329.9009812 0.0001730
329.9216876 0.0001734
329.9424241 0.0001737
329.9631306 0.0001757
329.9838670 0.0001753
330.0045835 0.0001752
330.0253200 0.0001735
330.0460265 0.0001744
330.0667629 0.0001748
330.0874694 0.0001748
330.1081759 0.0001747
330.1289223 0.0001751
330.1496288 0.0001715
330.1703653 0.0001731
330.1910718 0.0001740
330.2118083 0.0001712
330.2325147 0.0001714
330.2532312 0.0001720
330.2739677 0.0001740
330.2946742 0.0001730
330.3153807 0.0001741
330.3361171 0.0001731
330.3568236 0.0001742
330.3775401 0.0001743
330.3982766 0.0001759
330.4189831 0.0001751
330.4396896 0.0001762
330.4604260 0.0001758
330.4811325 0.0001765
330.5018490 0.0001760
330.5225855 0.0001752
330.5432920 0.0001759
330.5639985 0.0001745
330.5847050 0.0001735
330.6054415 0.0001731
330.6261480 0.0001728
330.6468645 0.0001702
330.6675710 0.0001717
330.6883074 0.0001717
330.7090139 0.0001726
330.7297204 0.0001702
330.7504269 0.0001721
330.7711434 0.0001710
330.7918499 0.0001722
330.8125864 0.0001723
330.8332929 0.0001724
330.8539994 0.0001717
330.8747059 0.0001738
330.8954124 0.0001714
330.9161289 0.0001720
330.9368354 0.0001733
330.9575419 0.0001719
330.9782784 0.0001714
330.9989849 0.0001719
331.0196914 0.0001722
331.0403980 0.0001719
331.0611145 0.0001715
331.0818210 0.0001687
331.1025275 0.0001697
331.1232340 0.0001682
331.1439405 0.0001685
331.1646470 0.0001709
331.1853635 0.0001694
331.2060700 0.0001699
331.2267765 0.0001695
331.2474831 0.0001715
331.2681896 0.0001693
331.2888961 0.0001714
331.3096026 0.0001709
331.3303191 0.0001705
331.3510256 0.0001700
331.3717321 0.0001705
331.3924387 0.0001699
331.4131452 0.0001702
331.4338217 0.0001719
331.4545282 0.0001702
331.4752348 0.0001718
331.4959513 0.0001713
331.5166578 0.0001706
331.5373643 0.0001702
331.5580708 0.0001691
331.5787474 0.0001696
331.5994539 0.0001699
331.6201604 0.0001693
331.6408770 0.0001686
331.6615835 0.0001696
331.6822900 0.0001693
331.7029666 0.0001684
331.7236731 0.0001686
331.7443796 0.0001675
331.7650861 0.0001671
331.7857627 0.0001680
331.8064792 0.0001678
331.8271857 0.0001678
331.8478923 0.0001685
331.8685688 0.0001676
331.8892753 0.0001687
331.9099819 0.0001680
331.9306884 0.0001685
331.9513750 0.0001676
331.9720815 0.0001683
331.9927880 0.0001694
332.0134646 0.0001690
332.0341711 0.0001695
332.0548777 0.0001696
332.0755542 0.0001703
332.0962607 0.0001681
332.1169373 0.0001691
332.1376538 0.0001682
332.1583604 0.0001709
332.1790369 0.0001669
332.1997435 0.0001679
332.2204200 0.0001699
332.2411266 0.0001684
332.2618331 0.0001688
332.2825097 0.0001686
332.3032262 0.0001665
332.3239028 0.0001677
332.3446093 0.0001688
332.3652859 0.0001666
332.3859924 0.0001678
332.4066690 0.0001674
332.4273755 0.0001674
332.4480521 0.0001676
332.4687686 0.0001676
332.4894452 0.0001676
332.5101518 0.0001677
332.5308283 0.0001678
332.5515049 0.0001674
332.5722114 0.0001688
332.5928880 0.0001704
332.6135946 0.0001694
332.6342711 0.0001690
332.6549877 0.0001692
332.6756643 0.0001672
332.6963408 0.0001658
332.7170474 0.0001685
332.7377240 0.0001658
332.7584005 0.0001680
332.7791071 0.0001660
332.7997837 0.0001676
332.8204602 0.0001665
332.8411768 0.0001663
332.8618534 0.0001661
332.8825299 0.0001656
332.9032365 0.0001647
332.9239131 0.0001669
332.9445897 0.0001672
332.9652662 0.0001668
332.9859728 0.0001672
333.0066494 0.0001667
333.0273360 0.0001683
333.0480125 0.0001683
333.0687191 0.0001658
333.0893957 0.0001674
333.1100723 0.0001660
333.1307489 0.0001677
333.1514254 0.0001677
333.1721320 0.0001702
333.1928086 0.0001696
333.2134852 0.0001703
333.2341718 0.0001700
333.2548483 0.0001703
333.2755249 0.0001697
333.2962315 0.0001691
333.3169081 0.0001705
333.3375847 0.0001691
333.3582613 0.0001681
333.3789379 0.0001684
333.3996145 0.0001679
333.4202911 0.0001678
333.4409776 0.0001691
333.4616542 0.0001677
333.4823308 0.0001678
333.5030074 0.0001688
333.5236840 0.0001673
333.5443606 0.0001682
333.5650372 0.0001666
333.5857138 0.0001661
333.6063904 0.0001676
333.6270670 0.0001679
333.6477436 0.0001674
333.6684302 0.0001669
333.6891068 0.0001680
333.7097834 0.0001661
333.7304600 0.0001666
333.7511366 0.0001678
333.7718132 0.0001661
333.7924898 0.0001657
333.8131664 0.0001669
333.8338430 0.0001656
333.8545196 0.0001645
333.8751962 0.0001646
333.8958428 0.0001640
333.9165294 0.0001644
333.9372060 0.0001644
333.9578826 0.0001637
333.9785592 0.0001649
333.9992359 0.0001629
334.0199125 0.0001657
334.0405591 0.0001631
334.0612357 0.0001643
334.0819123 0.0001646
334.1025889 0.0001636
334.1232655 0.0001641
334.1439122 0.0001644
334.1645988 0.0001645
334.1852754 0.0001655
334.2059520 0.0001648
334.2265986 0.0001653
334.2472752 0.0001654
334.2679519 0.0001641
334.2885985 0.0001665
334.3092751 0.0001657
334.3299517 0.0001650
334.3506283 0.0001643
334.3712750 0.0001647
334.3919516 0.0001639
334.4126382 0.0001662
334.4332848 0.0001646
334.4539615 0.0001643
334.4746081 0.0001643
334.4952847 0.0001651
334.5159614 0.0001658
334.5366080 0.0001649
334.5572846 0.0001679
334.5779313 0.0001677
334.5986079 0.0001672
334.6192845 0.0001656
334.6399312 0.0001666
334.6606078 0.0001666
334.6812544 0.0001661
334.7019310 0.0001664
334.7225877 0.0001656
334.7432643 0.0001653
334.7639110 0.0001664
334.7845876 0.0001648
334.8052342 0.0001629
334.8259109 0.0001638
334.8465575 0.0001624
334.8672342 0.0001628
334.8878808 0.0001633
334.9085574 0.0001616
334.9292041 0.0001629
334.9498807 0.0001650
334.9705274 0.0001626
334.9911740 0.0001632
335.0118507 0.0001639
335.0324973 0.0001630
335.0531839 0.0001638
335.0738306 0.0001641
335.0944773 0.0001643
335.1151539 0.0001645
335.1358006 0.0001643
335.1564472 0.0001628
335.1771238 0.0001637
335.1977705 0.0001624
335.2184172 0.0001617
335.2390938 0.0001621
335.2597405 0.0001625
335.2803871 0.0001608
335.3010638 0.0001625
335.3217104 0.0001609
335.3423571 0.0001603
335.3630038 0.0001612
335.3836804 0.0001596
335.4043371 0.0001606
335.4249837 0.0001596
335.4456304 0.0001609
335.4662771 0.0001617
335.4869537 0.0001625
335.5076004 0.0001621
335.5282470 0.0001612
335.5488937 0.0001623
335.5695404 0.0001630
335.5901871 0.0001639
335.6108637 0.0001630
335.6315104 0.0001646
335.6521570 0.0001662
335.6728037 0.0001649
335.6934504 0.0001664
335.7140971 0.0001676
335.7347437 0.0001684
335.7553904 0.0001671
335.7760371 0.0001682
335.7967137 0.0001673
335.8173604 0.0001655
335.8380171 0.0001680
335.8586638 0.0001655
335.8793104 0.0001662
335.8999571 0.0001665
335.9206038 0.0001659
335.9412505 0.0001659
335.9618972 0.0001667
335.9825438 0.0001662
336.0031905 0.0001674
336.0238372 0.0001671
336.0444839 0.0001680
336.0651306 0.0001682
336.0857772 0.0001679
336.1063940 0.0001677
336.1270406 0.0001684
336.1476873 0.0001667
336.1683340 0.0001694
336.1889807 0.0001675
336.2096274 0.0001676
336.2302741 0.0001674
336.2509208 0.0001661
336.2715674 0.0001650
336.2921841 0.0001658
336.3128308 0.0001654
336.3334775 0.0001664
336.3541242 0.0001661
336.3747709 0.0001656
336.3954176 0.0001660
336.4160343 0.0001667
336.4366910 0.0001658
336.4573377 0.0001658
336.4779844 0.0001652
336.4986311 0.0001669
336.5192478 0.0001659
336.5398945 0.0001658
336.5605412 0.0001654
336.5811879 0.0001642
336.6018046 0.0001652
336.6224513 0.0001651
336.6430980 0.0001652
336.6637147 0.0001647
336.6843614 0.0001660
336.7050081 0.0001628
336.7256248 0.0001638
336.7462715 0.0001618
336.7669182 0.0001634
336.7875349 0.0001639
336.8081817 0.0001624
336.8288284 0.0001628
336.8494451 0.0001612
336.8700918 0.0001607
336.8907085 0.0001620
336.9113552 0.0001605
336.9320019 0.0001622
336.9526186 0.0001619
336.9732653 0.0001626
336.9938821 0.0001625
337.0145288 0.0001627
337.0351455 0.0001629
337.0557922 0.0001644
337.0764089 0.0001630
337.0970557 0.0001628
337.1176724 0.0001621
337.1383191 0.0001624
337.1589358 0.0001614
337.1795825 0.0001609
337.2001993 0.0001624
337.2208460 0.0001622
337.2414627 0.0001617
337.2621094 0.0001619
337.2827262 0.0001593
337.3033429 0.0001595
337.3239896 0.0001597
337.3446064 0.0001593
337.3652531 0.0001603
337.3858698 0.0001621
337.4064865 0.0001598
337.4271333 0.0001586
337.4477500 0.0001592
337.4683667 0.0001607
337.4890135 0.0001604
337.5096302 0.0001605
337.5302469 0.0001597
337.5508937 0.0001606
337.5715104 0.0001614
337.5921272 0.0001611
337.6127739 0.0001607
337.6333906 0.0001608
337.6540074 0.0001617
337.6746241 0.0001600
337.6952708 0.0001610
337.7158876 0.0001618
337.7365043 0.0001616
337.7571211 0.0001593
337.7777378 0.0001597
337.7983846 0.0001598
337.8190013 0.0001594
337.8396181 0.0001595
337.8602348 0.0001600
337.8808516 0.0001613
337.9014983 0.0001584
337.9221150 0.0001593
337.9427318 0.0001586
337.9633485 0.0001601
337.9839653 0.0001589
338.0045820 0.0001586
338.0251988 0.0001595
338.0458156 0.0001576
338.0664323 0.0001593
338.0870790 0.0001589
338.1076958 0.0001578
338.1283126 0.0001598
338.1489293 0.0001600
338.1695461 0.0001587
338.1901628 0.0001600
338.2107796 0.0001606
338.2313964 0.0001584
338.2520131 0.0001592
338.2726299 0.0001587
338.2932466 0.0001602
338.3138634 0.0001576
338.3344802 0.0001583
338.3550969 0.0001582
338.3757137 0.0001586
338.3963305 0.0001578
338.4169172 0.0001586
338.4375340 0.0001581
338.4581508 0.0001591
338.4787675 0.0001577
338.4993843 0.0001577
338.5200011 0.0001581
338.5406178 0.0001574
338.5612346 0.0001570
338.5818514 0.0001577
338.6024382 0.0001580
338.6230549 0.0001589
338.6436717 0.0001592
338.6642885 0.0001592
338.6849052 0.0001592
338.7055220 0.0001597
338.7261088 0.0001601
338.7467256 0.0001584
338.7673424 0.0001609
338.7879591 0.0001616
338.8085459 0.0001609
338.8291627 0.0001606
338.8497795 0.0001612
338.8703963 0.0001625
338.8909831 0.0001624
338.9115998 0.0001613
338.9322166 0.0001603
338.9528034 0.0001593
338.9734202 0.0001591
338.9940370 0.0001606
339.0146238 0.0001593
339.0352306 0.0001600
339.0558473 0.0001595
339.0764341 0.0001592
339.0970509 0.0001601
339.1176677 0.0001597
339.1382545 0.0001585
339.1588713 0.0001585
339.1794581 0.0001586
339.2000749 0.0001591
339.2206917 0.0001574
339.2412785 0.0001568
339.2618953 0.0001584
339.2824821 0.0001589
339.3030989 0.0001610
339.3236857 0.0001606
339.3443025 0.0001581
339.3648893 0.0001597
339.3855061 0.0001584
339.4060929 0.0001572
339.4267097 0.0001574
339.4472965 0.0001578
339.4679133 0.0001561
339.4885001 0.0001578
339.5091169 0.0001565
339.5297037 0.0001566
339.5503205 0.0001574
339.5709073 0.0001554
339.5914941 0.0001567
339.6121009 0.0001558
339.6326877 0.0001580
339.6533045 0.0001564
339.6738913 0.0001568
339.6944782 0.0001572
339.7150950 0.0001571
339.7356818 0.0001571
339.7562686 0.0001570
339.7768854 0.0001584
339.7974722 0.0001580
339.8180590 0.0001578
339.8386758 0.0001577
339.8592627 0.0001582
339.8798495 0.0001581
339.9004363 0.0001566
339.9210531 0.0001578
339.9416399 0.0001572
339.9622268 0.0001583
339.9828136 0.0001562
340.0034304 0.0001560
340.0240172 0.0001567
340.0445941 0.0001565
340.0651809 0.0001559
340.0857677 0.0001566
340.1063845 0.0001581
340.1269714 0.0001577
340.1475582 0.0001573
340.1681450 0.0001581
340.1887319 0.0001579
340.2093187 0.0001580
340.2299355 0.0001566
340.2505223 0.0001587
340.2711092 0.0001598
340.2916960 0.0001599
340.3122828 0.0001571
340.3328697 0.0001575
340.3534565 0.0001573
340.3740433 0.0001574
340.3946202 0.0001556
340.4152070 0.0001569
340.4357939 0.0001561
340.4563807 0.0001575
340.4769675 0.0001557
340.4975544 0.0001559
340.5181412 0.0001565
340.5387281 0.0001566
340.5593149 0.0001546
340.5799017 0.0001558
340.6004886 0.0001554
340.6210754 0.0001560
340.6416623 0.0001552
340.6622491 0.0001555
340.6828360 0.0001578
340.7034228 0.0001564
340.7239997 0.0001550
340.7445865 0.0001573
340.7651733 0.0001573
340.7857302 0.0001567
340.8063171 0.0001561
340.8269039 0.0001554
340.8474908 0.0001571
340.8680776 0.0001559
340.8886645 0.0001555
340.9092513 0.0001553
340.9298082 0.0001549
340.9503950 0.0001561
340.9709819 0.0001550
340.9915687 0.0001556
341.0121156 0.0001553
341.0327025 0.0001541
341.0532893 0.0001546
341.0738762 0.0001555
341.0944630 0.0001564
341.1150199 0.0001549
341.1356068 0.0001545
341.1561936 0.0001542
341.1767505 0.0001558
341.1973374 0.0001551
341.2179242 0.0001553
341.2384811 0.0001561
341.2590680 0.0001554
341.2796448 0.0001546
341.3002017 0.0001541
341.3207886 0.0001546
341.3413754 0.0001550
341.3619323 0.0001560
341.3825192 0.0001549
341.4030760 0.0001556
341.4236629 0.0001554
341.4442498 0.0001559
341.4648067 0.0001556
341.4853935 0.0001557
341.5059504 0.0001567
341.5265273 0.0001554
341.5470842 0.0001543
341.5676710 0.0001552
341.5882279 0.0001557
341.6088148 0.0001548
341.6293717 0.0001542
341.6499586 0.0001565
341.6705154 0.0001573
341.6911023 0.0001563
341.7116592 0.0001551
341.7322461 0.0001566
341.7527930 0.0001542
341.7733799 0.0001559
341.7939367 0.0001551
341.8145236 0.0001554
341.8350805 0.0001543
341.8556374 0.0001540
341.8762243 0.0001536
341.8967812 0.0001540
341.9173381 0.0001540
341.9379250 0.0001543
341.9584719 0.0001531
341.9790288 0.0001538
341.9996156 0.0001530
342.0201725 0.0001539
342.0407294 0.0001541
342.0613163 0.0001539
342.0818732 0.0001500
342.1024301 0.0001546
342.1230170 0.0001542
342.1435739 0.0001545
342.1641208 0.0001546
342.1846777 0.0001536
342.2052646 0.0001535
342.2258215 0.0001547
342.2463784 0.0001534
342.2669353 0.0001540
342.2874922 0.0001532
342.3080791 0.0001530
342.3286360 0.0001551
342.3491929 0.0001538
342.3697398 0.0001510
342.3902968 0.0001523
342.4108537 0.0001520
342.4314406 0.0001529
342.4519975 0.0001512
342.4725544 0.0001518
342.4931113 0.0001522
342.5136682 0.0001506
342.5342251 0.0001521
342.5547720 0.0001522
342.5753290 0.0001527
342.5958859 0.0001527
342.6164428 0.0001532
342.6369997 0.0001531
342.6575566 0.0001538
342.6781135 0.0001530
342.6986705 0.0001509
342.7192274 0.0001525
342.7397743 0.0001505
342.7603312 0.0001511
342.7808881 0.0001517
342.8014451 0.0001515
342.8220020 0.0001526
342.8425589 0.0001509
342.8631158 0.0001504
342.8836727 0.0001513
342.9042197 0.0001496
342.9247766 0.0001509
342.9453335 0.0001527
342.9658904 0.0001526
342.9864474 0.0001508
343.0070043 0.0001504
343.0275312 0.0001500
343.0480882 0.0001517
343.0686451 0.0001514
343.0891920 0.0001497
343.1097490 0.0001501
343.1303059 0.0001519
343.1508328 0.0001513
343.1713898 0.0001520
343.1919467 0.0001519
343.2125036 0.0001520
343.2330206 0.0001523
343.2535775 0.0001525
343.2741344 0.0001507
343.2946914 0.0001514
343.3152183 0.0001533
343.3357753 0.0001523
343.3563322 0.0001528
343.3768891 0.0001536
343.3974061 0.0001538
343.4179630 0.0001538
343.4385200 0.0001523
343.4590469 0.0001537
343.4796039 0.0001519
343.5001608 0.0001530
343.5206878 0.0001527
343.5412447 0.0001531
343.5617916 0.0001544
343.5823186 0.0001529
343.6028755 0.0001535
343.6234025 0.0001520
343.6439595 0.0001534
343.6644864 0.0001525
343.6850434 0.0001524
343.7055903 0.0001526
343.7261173 0.0001534
343.7466742 0.0001528
343.7672012 0.0001539
343.7877581 0.0001536
343.8082851 0.0001543
343.8288420 0.0001523
343.8493590 0.0001530
343.8699160 0.0001528
343.8904429 0.0001529
343.9109999 0.0001526
343.9315269 0.0001535
343.9520538 0.0001601
343.9726108 0.0001582
343.9931278 0.0001535
344.0136847 0.0001528
344.0342117 0.0001544
344.0547386 0.0001533
344.0752956 0.0001553
344.0958226 0.0001536
344.1163795 0.0001533
344.1368965 0.0001533
344.1574235 0.0001543
344.1779804 0.0001536
344.1985074 0.0001543
344.2190344 0.0001548
344.2395914 0.0001566
344.2601183 0.0001620
344.2806353 0.0001693
