# wl 	 %tx
 207.34898  0.35215
 207.37046  0.35256
 207.39193  0.35439
 207.41341  0.35545
 207.43489  0.35710
 207.45636  0.35178
 207.47785  0.34934
 207.49931  0.35044
 207.52079  0.35402
 207.54226  0.35245
 207.56375  0.35363
 207.58521  0.32475
 207.60669  0.35453
 207.62815  0.35505
 207.64964  0.35630
 207.67111  0.35327
 207.69259  0.35378
 207.71406  0.35225
 207.73554  0.35348
 207.75701  0.35215
 207.77849  0.35213
 207.79996  0.35044
 207.82144  0.34789
 207.84290  0.34920
 207.86437  0.35070
 207.88586  0.34998
 207.90732  0.34752
 207.92879  0.34576
 207.95027  0.34420
 207.97174  0.34497
 207.99321  0.34605
 208.01469  0.34369
 208.03615  0.34904
 208.05762  0.34462
 208.07910  0.34573
 208.10057  0.34519
 208.12203  0.34325
 208.14351  0.34187
 208.16499  0.33921
 208.18645  0.34250
 208.20792  0.34229
 208.22939  0.34338
 208.25085  0.34572
 208.27233  0.34491
 208.29380  0.34339
 208.31527  0.34506
 208.33674  0.34073
 208.35820  0.34210
 208.37968  0.33944
 208.40114  0.34169
 208.42262  0.34100
 208.44408  0.34148
 208.46556  0.34052
 208.48702  0.33977
 208.50849  0.34223
 208.52995  0.34055
 208.55143  0.33868
 208.57289  0.33598
 208.59435  0.33773
 208.61582  0.33775
 208.63729  0.34083
 208.65876  0.33634
 208.68022  0.34018
 208.70169  0.33820
 208.72316  0.33933
 208.74463  0.34248
 208.76609  0.34098
 208.78755  0.34057
 208.80903  0.34142
 208.83048  0.33968
 208.85194  0.33815
 208.87341  0.34162
 208.89488  0.33975
 208.91634  0.33934
 208.93781  0.34238
 208.95928  0.34073
 208.98075  0.34117
 209.00220  0.34167
 209.02366  0.33996
 209.04514  0.34160
 209.06660  0.34066
 209.08805  0.33969
 209.10951  0.34248
 209.13099  0.33884
 209.15245  0.34073
 209.17390  0.34135
 209.19537  0.33540
 209.21684  0.33785
 209.23830  0.33803
 209.25975  0.34024
 209.28122  0.34181
 209.30269  0.33861
 209.32414  0.33713
 209.34561  0.33615
 209.36708  0.33813
 209.38853  0.33623
 209.40999  0.33598
 209.43144  0.33683
 209.45292  0.33770
 209.47438  0.33381
 209.49583  0.33378
 209.51730  0.33545
 209.53875  0.33611
 209.56022  0.33549
 209.58167  0.33441
 209.60313  0.33144
 209.62459  0.33205
 209.64606  0.33287
 209.66750  0.33152
 209.68897  0.33530
 209.71043  0.33431
 209.73189  0.33695
 209.75334  0.33563
 209.77482  0.33384
 209.79627  0.33221
 209.81771  0.33337
 209.83918  0.33425
 209.86064  0.33361
 209.88209  0.33191
 209.90355  0.33354
 209.92500  0.33646
 209.94647  0.33274
 209.96792  0.33166
 209.98937  0.33294
 210.01084  0.33366
 210.03230  0.33579
 210.05375  0.33387
 210.07519  0.33436
 210.09666  0.33492
 210.11812  0.33434
 210.13957  0.33525
 210.16102  0.33629
 210.18249  0.33643
 210.20394  0.33488
 210.22539  0.33906
 210.24684  0.33693
 210.26830  0.33634
 210.28975  0.33553
 210.31121  0.33623
 210.33266  0.33865
 210.35412  0.33767
 210.37557  0.33788
 210.39702  0.33612
 210.41847  0.33941
 210.43993  0.33960
 210.46137  0.33760
 210.48282  0.33934
 210.50430  0.33681
 210.52575  0.33714
 210.54720  0.33647
 210.56865  0.33498
 210.59010  0.33393
 210.61155  0.33375
 210.63300  0.33329
 210.65445  0.33295
 210.67591  0.33226
 210.69736  0.33139
 210.71879  0.33399
 210.74024  0.33074
 210.76170  0.33122
 210.78315  0.33183
 210.80460  0.33161
 210.82606  0.33099
 210.84751  0.33001
 210.86896  0.33048
 210.89041  0.32862
 210.91187  0.32896
 210.93330  0.32851
 210.95475  0.32618
 210.97620  0.32398
 210.99766  0.32527
 211.01911  0.32728
 211.04054  0.32446
 211.06199  0.32174
 211.08345  0.32318
 211.10490  0.32575
 211.12633  0.32313
 211.14779  0.32347
 211.16924  0.32061
 211.19069  0.32222
 211.21212  0.32223
 211.23358  0.32215
 211.25503  0.32224
 211.27646  0.32038
 211.29791  0.32091
 211.31936  0.32323
 211.34081  0.32323
 211.36226  0.32304
 211.38370  0.32331
 211.40515  0.32587
 211.42658  0.32380
 211.44803  0.32401
 211.46949  0.32430
 211.49092  0.32321
 211.51237  0.32384
 211.53381  0.32623
 211.55527  0.32311
 211.57670  0.31986
 211.59815  0.32237
 211.61958  0.32153
 211.64104  0.32017
 211.66248  0.32000
 211.68393  0.31775
 211.70537  0.31815
 211.72680  0.31923
 211.74825  0.32239
 211.76969  0.32165
 211.79115  0.32071
 211.81258  0.32313
 211.83401  0.32420
 211.85546  0.32146
 211.87691  0.32106
 211.89834  0.32197
 211.91979  0.32058
 211.94123  0.31849
 211.96267  0.32159
 211.98412  0.32140
 212.00555  0.32155
 212.02699  0.31517
 212.04843  0.31675
 212.06988  0.31730
 212.09131  0.31853
 212.11275  0.31829
 212.13419  0.31903
 212.15564  0.31902
 212.17708  0.32003
 212.19852  0.31883
 212.21995  0.31526
 212.24138  0.31830
 212.26283  0.31919
 212.28428  0.32073
 212.30571  0.31930
 212.32714  0.32031
 212.34859  0.32116
 212.37002  0.31893
 212.39146  0.31731
 212.41290  0.31859
 212.43433  0.31532
 212.45577  0.31472
 212.47720  0.31560
 212.49864  0.31670
 212.52008  0.31364
 212.54151  0.31583
 212.56295  0.31042
 212.58439  0.31366
 212.60582  0.31329
 212.62726  0.31430
 212.64870  0.31020
 212.67014  0.31339
 212.69157  0.31328
 212.71300  0.31444
 212.73445  0.31414
 212.75588  0.31487
 212.77731  0.31298
 212.79873  0.31561
 212.82018  0.31907
 212.84161  0.31952
 212.86304  0.31826
 212.88449  0.31895
 212.90592  0.31961
 212.92734  0.32036
 212.94878  0.31878
 212.97022  0.31773
 212.99165  0.31663
 213.01307  0.31486
 213.03451  0.31572
 213.05595  0.31445
 213.07738  0.31617
 213.09880  0.31529
 213.12025  0.31491
 213.14168  0.31468
 213.16310  0.31679
 213.18453  0.31428
 213.20598  0.31700
 213.22739  0.31912
 213.24883  0.32156
 213.27025  0.32205
 213.29169  0.32013
 213.31312  0.32092
 213.33454  0.32239
 213.35599  0.32358
 213.37741  0.32465
 213.39884  0.32482
 213.42026  0.32375
 213.44170  0.32381
 213.46312  0.32285
 213.48455  0.32367
 213.50598  0.32134
 213.52742  0.32057
 213.54884  0.32290
 213.57027  0.32317
 213.59170  0.32029
 213.61313  0.32280
 213.63455  0.32223
 213.65598  0.32525
 213.67741  0.32231
 213.69883  0.31927
 213.72027  0.32321
 213.74169  0.32279
 213.76311  0.32501
 213.78455  0.32490
 213.80596  0.32296
 213.82739  0.32253
 213.84883  0.31987
 213.87025  0.32121
 213.89167  0.32354
 213.91311  0.32015
 213.93453  0.32174
 213.95595  0.32308
 213.97737  0.32251
 213.99881  0.32075
 214.02023  0.31953
 214.04165  0.32168
 214.06307  0.32313
 214.08449  0.32126
 214.10591  0.32128
 214.12735  0.32073
 214.14877  0.31998
 214.17019  0.32038
 214.19161  0.32141
 214.21304  0.32084
 214.23446  0.32354
 214.25588  0.32108
 214.27730  0.32099
 214.29872  0.32195
 214.32016  0.32158
 214.34158  0.31787
 214.36300  0.31952
 214.38442  0.32072
 214.40584  0.32081
 214.42726  0.32162
 214.44869  0.32023
 214.47011  0.31895
 214.49153  0.32047
 214.51294  0.31971
 214.53436  0.31876
 214.55578  0.32067
 214.57720  0.31720
 214.59862  0.31703
 214.62004  0.31587
 214.64146  0.31936
 214.66289  0.31960
 214.68431  0.31911
 214.70571  0.31832
 214.72713  0.31774
 214.74856  0.31707
 214.76998  0.31845
 214.79140  0.31801
 214.81282  0.31758
 214.83423  0.31767
 214.85565  0.31740
 214.87707  0.31690
 214.89849  0.31754
 214.91990  0.31666
 214.94132  0.31805
 214.96274  0.31688
 214.98415  0.31383
 215.00557  0.30402
 215.02698  0.31094
 215.04840  0.31152
 215.06982  0.31526
 215.09124  0.31257
 215.11264  0.31310
 215.13407  0.31521
 215.15547  0.31356
 215.17689  0.31473
 215.19832  0.31690
 215.21972  0.31462
 215.24114  0.31412
 215.26254  0.31365
 215.28397  0.31206
 215.30538  0.30723
 215.32679  0.30691
 215.34821  0.30859
 215.36963  0.31583
 215.39103  0.31431
 215.41245  0.31548
 215.43386  0.31228
 215.45528  0.31024
 215.47668  0.31235
 215.49811  0.31377
 215.51951  0.31608
 215.54092  0.31475
 215.56234  0.31656
 215.58375  0.31511
 215.60515  0.31494
 215.62657  0.31242
 215.64799  0.31554
 215.66939  0.31556
 215.69081  0.31584
 215.71221  0.31615
 215.73362  0.31681
 215.75504  0.31872
 215.77645  0.31830
 215.79786  0.31455
 215.81926  0.31840
 215.84068  0.31815
 215.86208  0.31877
 215.88350  0.31945
 215.90490  0.31786
 215.92630  0.31625
 215.94772  0.31553
 215.96914  0.31663
 215.99054  0.31837
 216.01194  0.31836
 216.03336  0.31872
 216.05476  0.32005
 216.07616  0.31990
 216.09758  0.31982
 216.11898  0.32095
 216.14038  0.32188
 216.16179  0.32344
 216.18322  0.32220
 216.20462  0.32407
 216.22602  0.32130
 216.24744  0.32324
 216.26884  0.32499
 216.29024  0.32409
 216.31163  0.32172
 216.33304  0.32406
 216.35445  0.32373
 216.37585  0.32189
 216.39726  0.31927
 216.41867  0.32202
 216.44007  0.32500
 216.46147  0.32391
 216.48289  0.32482
 216.50429  0.32465
 216.52568  0.32509
 216.54709  0.32727
 216.56849  0.32647
 216.58990  0.32525
 216.61130  0.32406
 216.63271  0.32478
 216.65410  0.32563
 216.67551  0.32510
 216.69692  0.32781
 216.71832  0.32568
 216.73971  0.32666
 216.76111  0.32226
 216.78253  0.32318
 216.80392  0.32514
 216.82532  0.32324
 216.84673  0.32353
 216.86812  0.32387
 216.88952  0.32504
 216.91093  0.32392
 216.93233  0.32169
 216.95373  0.31851
 216.97513  0.32088
 216.99653  0.32397
 217.01793  0.32415
 217.03932  0.32232
 217.06072  0.32214
 217.08212  0.32152
 217.10353  0.32322
 217.12491  0.32719
 217.14633  0.32456
 217.16772  0.32924
 217.18912  0.32755
 217.21051  0.32396
 217.23192  0.32918
 217.25331  0.33146
 217.27471  0.33123
 217.29611  0.32972
 217.31750  0.33228
 217.33890  0.33132
 217.36030  0.32998
 217.38170  0.33138
 217.40309  0.32758
 217.42448  0.32714
 217.44589  0.32944
 217.46728  0.32732
 217.48867  0.32764
 217.51008  0.33027
 217.53147  0.33179
 217.55286  0.33251
 217.57425  0.33448
 217.59566  0.33294
 217.61705  0.33446
 217.63844  0.33373
 217.65983  0.33463
 217.68124  0.33287
 217.70262  0.33354
 217.72401  0.33568
 217.74541  0.33672
 217.76680  0.33699
 217.78819  0.33352
 217.80960  0.33701
 217.83099  0.33745
 217.85238  0.33727
 217.87376  0.33603
 217.89516  0.33394
 217.91655  0.33548
 217.93794  0.33274
 217.95934  0.33534
 217.98073  0.33739
 218.00211  0.33659
 218.02351  0.33425
 218.04490  0.34142
 218.06629  0.33404
 218.08768  0.33580
 218.10907  0.33861
 218.13046  0.34230
 218.15185  0.33863
 218.17325  0.33527
 218.19464  0.33644
 218.21602  0.33459
 218.23741  0.33397
 218.25880  0.33208
 218.28018  0.33531
 218.30157  0.33375
 218.32297  0.33182
 218.34436  0.33401
 218.36575  0.33361
 218.38714  0.33253
 218.40852  0.33287
 218.42990  0.33244
 218.45129  0.33152
 218.47269  0.33206
 218.49406  0.33132
 218.51545  0.33387
 218.53685  0.33195
 218.55824  0.33347
 218.57961  0.33479
 218.60100  0.33565
 218.62240  0.33535
 218.64377  0.33351
 218.66516  0.33579
 218.68654  0.33629
 218.70793  0.33735
 218.72932  0.33730
 218.75070  0.33705
 218.77209  0.33662
 218.79346  0.33555
 218.81485  0.33865
 218.83625  0.33825
 218.85762  0.34073
 218.87901  0.33847
 218.90039  0.33989
 218.92178  0.33995
 218.94315  0.34345
 218.96454  0.34046
 218.98592  0.34361
 219.00731  0.34398
 219.02868  0.34092
 219.05007  0.33807
 219.07145  0.34168
 219.09283  0.34454
 219.11422  0.34728
 219.13560  0.34532
 219.15697  0.34933
 219.17836  0.34822
 219.19974  0.34789
 219.22111  0.34751
 219.24250  0.34843
 219.26388  0.35119
 219.28526  0.35206
 219.30665  0.34900
 219.32802  0.35389
 219.34940  0.35039
 219.37077  0.35205
 219.39216  0.35197
 219.41355  0.35112
 219.43492  0.35612
 219.45629  0.35456
 219.47767  0.35612
 219.49906  0.35409
 219.52043  0.35525
 219.54181  0.35259
 219.56319  0.35545
 219.58456  0.35428
 219.60594  0.35174
 219.62732  0.35450
 219.64869  0.35605
 219.67006  0.35563
 219.69146  0.35513
 219.71284  0.35644
 219.73421  0.35625
 219.75558  0.35348
 219.77696  0.35641
 219.79834  0.35573
 219.81971  0.35356
 219.84109  0.35405
 219.86247  0.35679
 219.88384  0.35334
 219.90521  0.35623
 219.92658  0.35250
 219.94795  0.35359
 219.96932  0.35074
 219.99071  0.35166
 220.01208  0.35303
 220.03345  0.35398
 220.05484  0.35038
 220.07621  0.35237
 220.09757  0.35277
 220.11895  0.35450
 220.14032  0.35605
 220.16169  0.35419
 220.18307  0.35411
 220.20443  0.35341
 220.22581  0.35329
 220.24718  0.35415
 220.26855  0.35171
 220.28992  0.35391
 220.31129  0.35388
 220.33268  0.35247
 220.35403  0.35413
 220.37541  0.35273
 220.39678  0.35081
 220.41815  0.35172
 220.43952  0.35255
 220.46088  0.35366
 220.48226  0.35257
 220.50363  0.35137
 220.52499  0.35317
 220.54637  0.35082
 220.56773  0.34946
 220.58910  0.35517
 220.61046  0.35352
 220.63184  0.35400
 220.65320  0.35648
 220.67457  0.35816
 220.69594  0.35660
 220.71731  0.35523
 220.73867  0.35823
 220.76006  0.35612
 220.78141  0.35837
 220.80279  0.35819
 220.82414  0.35636
 220.84551  0.35839
 220.86688  0.35464
 220.88824  0.35429
 220.90962  0.35512
 220.93098  0.35342
 220.95234  0.35346
 220.97371  0.35685
 220.99508  0.35530
 221.01644  0.35547
 221.03779  0.35628
 221.05918  0.35527
 221.08053  0.35596
 221.10189  0.35329
 221.12326  0.35038
 221.14463  0.35163
 221.16599  0.35534
 221.18736  0.35436
 221.20872  0.35308
 221.23007  0.35213
 221.25143  0.35258
 221.27281  0.35002
 221.29417  0.35127
 221.31553  0.35068
 221.33690  0.35188
 221.35825  0.35223
 221.37961  0.35278
 221.40098  0.35274
 221.42234  0.35285
 221.44369  0.35092
 221.46506  0.35214
 221.48642  0.35326
 221.50778  0.35289
 221.52913  0.35303
 221.55050  0.35470
 221.57186  0.35606
 221.59322  0.35821
 221.61458  0.35721
 221.63594  0.35763
 221.65730  0.35923
 221.67867  0.35769
 221.70002  0.35895
 221.72138  0.35861
 221.74274  0.35607
 221.76409  0.35433
 221.78545  0.35476
 221.80681  0.35179
 221.82817  0.35020
 221.84953  0.35126
 221.87087  0.35285
 221.89224  0.35081
 221.91360  0.35343
 221.93496  0.35405
 221.95631  0.35423
 221.97767  0.35662
 221.99902  0.35634
 222.02038  0.35715
 222.04173  0.35761
 222.06309  0.35676
 222.08445  0.35866
 222.10580  0.35828
 222.12716  0.35779
 222.14852  0.35699
 222.16987  0.35607
 222.19123  0.35397
 222.21257  0.35399
 222.23394  0.35272
 222.25528  0.35559
 222.27664  0.35796
 222.29799  0.35526
 222.31935  0.35695
 222.34070  0.35730
 222.36205  0.35807
 222.38341  0.35808
 222.40476  0.35618
 222.42610  0.35838
 222.44747  0.35903
 222.46881  0.35918
 222.49017  0.34190
 222.51152  0.35587
 222.53288  0.35726
 222.55422  0.35676
 222.57556  0.35505
 222.59693  0.35564
 222.61827  0.35797
 222.63961  0.35983
 222.66098  0.35574
 222.68232  0.35607
 222.70367  0.35351
 222.72503  0.35179
 222.74637  0.35273
 222.76772  0.35243
 222.78907  0.35390
 222.81043  0.35514
 222.83177  0.35310
 222.85311  0.35631
 222.87446  0.35288
 222.89581  0.35439
 222.91716  0.35553
 222.93852  0.35590
 222.95986  0.35781
 222.98120  0.36134
 223.00255  0.36096
 223.02390  0.36336
 223.04524  0.36288
 223.06659  0.36175
 223.08793  0.36191
 223.10927  0.35991
 223.13062  0.36028
 223.15197  0.35964
 223.17333  0.36219
 223.19467  0.36070
 223.21601  0.35779
 223.23735  0.35797
 223.25869  0.35995
 223.28004  0.35909
 223.30139  0.36040
 223.32273  0.35844
 223.34408  0.36159
 223.36542  0.36161
 223.38676  0.36191
 223.40812  0.36209
 223.42946  0.36482
 223.45080  0.36599
 223.47213  0.36544
 223.49348  0.36310
 223.51482  0.36395
 223.53617  0.36480
 223.55752  0.36491
 223.57884  0.36654
 223.60019  0.36346
 223.62154  0.36665
 223.64288  0.36794
 223.66421  0.36556
 223.68556  0.36217
 223.70690  0.36452
 223.72823  0.36439
 223.74957  0.36625
 223.77093  0.36987
 223.79225  0.36726
 223.81359  0.36863
 223.83495  0.36655
 223.85627  0.36684
 223.87762  0.36923
 223.89895  0.36862
 223.92030  0.36845
 223.94162  0.36948
 223.96297  0.37074
 223.98430  0.36781
 224.00564  0.36889
 224.02698  0.36658
 224.04832  0.36821
 224.06965  0.36948
 224.09099  0.36982
 224.11233  0.36842
 224.13367  0.36858
 224.15500  0.36460
 224.17635  0.36261
 224.19768  0.36543
 224.21901  0.36701
 224.24036  0.36526
 224.26168  0.36687
 224.28301  0.36431
 224.30436  0.36378
 224.32569  0.36610
 224.34702  0.36610
 224.36837  0.36803
 224.38970  0.36688
 224.41102  0.36687
 224.43236  0.36813
 224.45370  0.36738
 224.47503  0.37068
 224.49636  0.37358
 224.51770  0.37101
 224.53904  0.37075
 224.56036  0.36998
 224.58170  0.36996
 224.60303  0.36867
 224.62436  0.37253
 224.64569  0.36836
 224.66702  0.37008
 224.68835  0.37289
 224.70970  0.37020
 224.73103  0.37063
 224.75235  0.37254
 224.77369  0.37033
 224.79502  0.37254
 224.81634  0.37088
 224.83768  0.36929
 224.85901  0.36877
 224.88034  0.37047
 224.90166  0.37332
 224.92300  0.36949
 224.94433  0.36898
 224.96564  0.37127
 224.98698  0.36957
 225.00830  0.36637
 225.02963  0.37201
 225.05097  0.37252
 225.07229  0.37614
 225.09362  0.37162
 225.11496  0.37553
 225.13627  0.37521
 225.15760  0.37542
 225.17893  0.37261
 225.20026  0.37520
 225.22159  0.37612
 225.24291  0.37865
 225.26424  0.37833
 225.28556  0.37720
 225.30689  0.37725
 225.32821  0.37567
 225.34954  0.37332
 225.37087  0.37087
 225.39219  0.37650
 225.41352  0.37452
 225.43484  0.37379
 225.45616  0.37565
 225.47749  0.37312
 225.49880  0.37450
 225.52014  0.37448
 225.54147  0.37298
 225.56278  0.37487
 225.58412  0.37597
 225.60543  0.37749
 225.62675  0.37617
 225.64808  0.37857
 225.66940  0.37408
 225.69072  0.37295
 225.71205  0.37368
 225.73336  0.37042
 225.75469  0.37132
 225.77600  0.37036
 225.79732  0.36966
 225.81865  0.36742
 225.83996  0.36794
 225.86130  0.36861
 225.88261  0.36589
 225.90392  0.36913
 225.92526  0.36741
 225.94657  0.37107
 225.96789  0.36958
 225.98921  0.37224
 226.01053  0.36687
 226.03185  0.36574
 226.05317  0.36747
 226.07449  0.36762
 226.09581  0.36858
 226.11713  0.36729
 226.13844  0.36651
 226.15975  0.36560
 226.18109  0.36869
 226.20240  0.36300
 226.22371  0.36517
 226.24503  0.36626
 226.26635  0.36630
 226.28766  0.36947
 226.30897  0.36925
 226.33029  0.36903
 226.35160  0.36778
 226.37293  0.36514
 226.39425  0.36464
 226.41556  0.36705
 226.43688  0.37154
 226.45820  0.37131
 226.47951  0.37170
 226.50082  0.37375
 226.52214  0.37220
 226.54344  0.37075
 226.56475  0.36924
 226.58607  0.37246
 226.60738  0.37306
 226.62870  0.37352
 226.65002  0.37225
 226.67133  0.37530
 226.69264  0.36953
 226.71396  0.36944
 226.73526  0.37141
 226.75657  0.37107
 226.77789  0.37284
 226.79921  0.37113
 226.82052  0.37222
 226.84182  0.37200
 226.86314  0.37311
 226.88445  0.37076
 226.90577  0.36957
 226.92707  0.36883
 226.94838  0.37112
 226.96969  0.37281
 226.99100  0.36789
 227.01231  0.36816
 227.03362  0.36803
 227.05493  0.36790
 227.07624  0.36452
 227.09753  0.36512
 227.11886  0.36410
 227.14017  0.36488
 227.16146  0.36434
 227.18279  0.36431
 227.20408  0.36590
 227.22539  0.36124
 227.24670  0.36219
 227.26801  0.36473
 227.28931  0.36380
 227.31063  0.36337
 227.33193  0.36512
 227.35324  0.36307
 227.37455  0.36830
 227.39586  0.36554
 227.41715  0.36529
 227.43846  0.36484
 227.45977  0.36446
 227.48107  0.36417
 227.50238  0.36432
 227.52369  0.36310
 227.54498  0.36064
 227.56629  0.36108
 227.58760  0.35838
 227.60890  0.36299
 227.63021  0.35834
 227.65150  0.35787
 227.67281  0.36132
 227.69412  0.36203
 227.71542  0.36242
 227.73671  0.36494
 227.75802  0.36350
 227.77933  0.36619
 227.80063  0.36566
 227.82192  0.36434
 227.84323  0.36370
 227.86453  0.36265
 227.88582  0.35879
 227.90713  0.35843
 227.92844  0.35955
 227.94974  0.35936
 227.97105  0.35966
 227.99234  0.35742
 228.01364  0.35914
 228.03494  0.36002
 228.05624  0.35917
 228.07754  0.36209
 228.09884  0.36111
 228.12014  0.36076
 228.14144  0.35802
 228.16273  0.35711
 228.18403  0.35486
 228.20532  0.35696
 228.22663  0.35595
 228.24792  0.35644
 228.26922  0.35627
 228.29053  0.35282
 228.31182  0.35348
 228.33311  0.34938
 228.35441  0.34641
 228.37571  0.34177
 228.39701  0.34445
 228.41831  0.34762
 228.43959  0.34786
 228.46089  0.34587
 228.48220  0.34415
 228.50349  0.34068
 228.52477  0.33816
 228.54608  0.33932
 228.56738  0.33875
 228.58866  0.34001
 228.60996  0.33944
 228.63126  0.33840
 228.65254  0.33918
 228.67385  0.33858
 228.69513  0.33656
 228.71643  0.33679
 228.73772  0.34185
 228.75901  0.34206
 228.78031  0.34233
 228.80160  0.34169
 228.82290  0.34094
 228.84418  0.33953
 228.86549  0.33706
 228.88677  0.33705
 228.90805  0.33787
 228.92936  0.33860
 228.95064  0.33465
 228.97193  0.33456
 228.99323  0.32906
 229.01452  0.32906
 229.03580  0.32902
 229.05709  0.32823
 229.07839  0.32577
 229.09967  0.32654
 229.12096  0.32667
 229.14226  0.32688
 229.16354  0.32537
 229.18483  0.32365
 229.20611  0.32307
 229.22741  0.32347
 229.24870  0.32212
 229.26998  0.32037
 229.29126  0.31896
 229.31257  0.31466
 229.33385  0.31145
 229.35513  0.31169
 229.37641  0.31202
 229.39771  0.31241
 229.41899  0.31127
 229.44027  0.31191
 229.46156  0.31210
 229.48286  0.30874
 229.50414  0.30858
 229.52543  0.31002
 229.54671  0.30865
 229.56799  0.31078
 229.58928  0.31067
 229.61056  0.30961
 229.63184  0.30977
 229.65314  0.30650
 229.67442  0.30949
 229.69570  0.30702
 229.71699  0.30879
 229.73827  0.30978
 229.75954  0.30932
 229.78083  0.30715
 229.80211  0.30887
 229.82339  0.30888
 229.84468  0.31113
 229.86596  0.31195
 229.88724  0.31264
 229.90852  0.31347
 229.92980  0.31343
 229.95108  0.31428
 229.97237  0.31342
 229.99364  0.31540
 230.01492  0.31629
 230.03621  0.31635
 230.05749  0.31723
 230.07876  0.31863
 230.10005  0.31829
 230.12133  0.32055
 230.14260  0.32069
 230.16389  0.32177
 230.18517  0.32259
 230.20644  0.32454
 230.22773  0.32550
 230.24899  0.32776
 230.27029  0.32957
 230.29157  0.32976
 230.31283  0.32959
 230.33412  0.33106
 230.35539  0.33101
 230.37667  0.33245
 230.39795  0.33439
 230.41923  0.33516
 230.44050  0.33285
 230.46179  0.33730
 230.48305  0.33736
 230.50432  0.33721
 230.52561  0.33901
 230.54688  0.34037
 230.56816  0.34167
 230.58943  0.33971
 230.61070  0.33933
 230.63198  0.33912
 230.65326  0.34450
 230.67452  0.34373
 230.69580  0.34452
 230.71708  0.34346
 230.73835  0.34581
 230.75961  0.34648
 230.78090  0.34782
 230.80217  0.34946
 230.82343  0.35171
 230.84471  0.35450
 230.86598  0.35519
 230.88726  0.35880
 230.90853  0.36037
 230.92980  0.35836
 230.95107  0.35750
 230.97234  0.35661
 230.99361  0.35732
 231.01487  0.35917
 231.03615  0.35899
 231.05743  0.36131
 231.07870  0.36072
 231.09997  0.35823
 231.12124  0.35769
 231.14251  0.35705
 231.16378  0.35800
 231.18505  0.35951
 231.20631  0.35745
 231.22757  0.35453
 231.24884  0.35390
 231.27011  0.35314
 231.29138  0.35356
 231.31265  0.35276
 231.33391  0.35528
 231.35519  0.35444
 231.37646  0.35818
 231.39772  0.35468
 231.41898  0.35714
 231.44025  0.35584
 231.46152  0.35470
 231.48279  0.35442
 231.50406  0.35245
 231.52531  0.34749
 231.54658  0.35138
 231.56785  0.35292
 231.58910  0.35069
 231.61038  0.35110
 231.63164  0.34898
 231.65291  0.34788
 231.67417  0.34698
 231.69544  0.34784
 231.71669  0.34872
 231.73796  0.35041
 231.75923  0.35338
 231.78048  0.34839
 231.80175  0.34337
 231.82301  0.34432
 231.84428  0.34473
 231.86553  0.34763
 231.88680  0.34700
 231.90806  0.34717
 231.92933  0.34726
 231.95058  0.34749
 231.97185  0.34863
 231.99310  0.34541
 232.01437  0.34543
 232.03563  0.34903
 232.05690  0.34811
 232.07815  0.35054
 232.09941  0.34868
 232.12067  0.34835
 232.14192  0.34687
 232.16318  0.34369
 232.18445  0.34338
 232.20570  0.34673
 232.22696  0.34713
 232.24823  0.34826
 232.26948  0.34736
 232.29074  0.34955
 232.31199  0.34677
 232.33324  0.34834
 232.35452  0.34556
 232.37577  0.34647
 232.39702  0.34723
 232.41828  0.34837
 232.43953  0.34905
 232.46078  0.34898
 232.48206  0.34812
 232.50331  0.34857
 232.52456  0.34891
 232.54582  0.34948
 232.56707  0.34929
 232.58832  0.35115
 232.60958  0.35062
 232.63083  0.35104
 232.65209  0.34986
 232.67334  0.34879
 232.69459  0.34841
 232.71586  0.34858
 232.73711  0.35002
 232.75836  0.35109
 232.77962  0.35035
 232.80087  0.35135
 232.82212  0.34848
 232.84336  0.34617
 232.86462  0.34663
 232.88587  0.34503
 232.90713  0.34480
 232.92838  0.34804
 232.94963  0.34612
 232.97087  0.34521
 232.99212  0.34225
 233.01338  0.34378
 233.03464  0.34351
 233.05587  0.34559
 233.07712  0.34664
 233.09838  0.34786
 233.11963  0.34773
 233.14087  0.35023
 233.16213  0.34959
 233.18338  0.35213
 233.20462  0.34898
 233.22588  0.34930
 233.24711  0.35080
 233.26836  0.34905
 233.28962  0.34908
 233.31086  0.34633
 233.33212  0.34509
 233.35336  0.34529
 233.37461  0.34816
 233.39585  0.34520
 233.41710  0.34691
 233.43834  0.34295
 233.45960  0.34384
 233.48083  0.34613
 233.50209  0.34522
 233.52333  0.34387
 233.54457  0.34903
 233.56582  0.34751
 233.58706  0.34748
 233.60831  0.34646
 233.62955  0.34544
 233.65079  0.34653
 233.67204  0.34576
 233.69328  0.34471
 233.71453  0.34715
 233.73576  0.34603
 233.75701  0.34649
 233.77826  0.34446
 233.79949  0.34130
 233.82074  0.34165
 233.84199  0.34317
 233.86322  0.34275
 233.88447  0.34291
 233.90571  0.34422
 233.92694  0.34434
 233.94819  0.34510
 233.96944  0.34175
 233.99067  0.34122
 234.01192  0.34093
 234.03315  0.34433
 234.05439  0.34055
 234.07564  0.33741
 234.09687  0.34095
 234.11811  0.34030
 234.13935  0.33803
 234.16059  0.33733
 234.18182  0.33817
 234.20307  0.33774
 234.22430  0.33828
 234.24554  0.33693
 234.26678  0.33050
 234.28802  0.33116
 234.30925  0.33281
 234.33049  0.33049
 234.35172  0.32988
 234.37297  0.32861
 234.39420  0.32880
 234.41544  0.32905
 234.43667  0.32859
 234.45790  0.32896
 234.47914  0.33030
 234.50038  0.33200
 234.52162  0.32975
 234.54284  0.33106
 234.56409  0.33106
 234.58532  0.33050
 234.60654  0.33184
 234.62779  0.33416
 234.64902  0.33152
 234.67024  0.33220
 234.69149  0.33246
 234.71272  0.33125
 234.73395  0.33044
 234.75519  0.33240
 234.77641  0.33089
 234.79765  0.32917
 234.81888  0.33063
 234.84011  0.32963
 234.86134  0.32870
 234.88258  0.32774
 234.90380  0.33098
 234.92504  0.33072
 234.94626  0.33082
 234.96750  0.33268
 234.98873  0.33217
 235.00996  0.33280
 235.03118  0.33079
 235.05241  0.33692
 235.07365  0.32840
 235.09488  0.32987
 235.11612  0.33058
 235.13734  0.32866
 235.15857  0.32915
 235.17979  0.33257
 235.20102  0.33061
 235.22225  0.33208
 235.24347  0.33095
 235.26469  0.32970
 235.28594  0.33136
 235.30716  0.33125
 235.32838  0.32929
 235.34961  0.33071
 235.37083  0.33161
 235.39206  0.33174
 235.41329  0.33089
 235.43451  0.32882
 235.45574  0.32781
 235.47697  0.32812
 235.49819  0.32782
 235.51942  0.32585
 235.54064  0.32880
 235.56186  0.32649
 235.58309  0.32596
 235.60431  0.32423
 235.62553  0.32426
 235.64676  0.32674
 235.66798  0.32354
 235.68920  0.32679
 235.71043  0.32524
 235.73165  0.32436
 235.75287  0.32572
 235.77410  0.32621
 235.79532  0.32381
 235.81655  0.32189
 235.83775  0.32009
 235.85897  0.31972
 235.88020  0.32062
 235.90142  0.31958
 235.92264  0.32201
 235.94386  0.31956
 235.96508  0.31995
 235.98630  0.32086
 236.00753  0.32215
 236.02874  0.32284
 236.04996  0.32497
 236.07119  0.32318
 236.09239  0.32421
 236.11361  0.32137
 236.13484  0.31811
 236.15605  0.32332
 236.17728  0.32101
 236.19848  0.31998
 236.21970  0.32130
 236.24093  0.32037
 236.26214  0.31807
 236.28336  0.31724
 236.30457  0.31669
 236.32579  0.31657
 236.34700  0.31800
 236.36823  0.31715
 236.38943  0.31889
 236.41065  0.31630
 236.43187  0.31946
 236.45307  0.31967
 236.47430  0.31639
 236.49551  0.31713
 236.51673  0.31701
 236.53794  0.31536
 236.55915  0.31732
 236.58037  0.31854
 236.60158  0.31968
 236.62279  0.32360
 236.64399  0.32478
 236.66522  0.32683
 236.68643  0.32654
 236.70763  0.32609
 236.72885  0.32505
 236.75007  0.32442
 236.77128  0.32583
 236.79249  0.32498
 236.81369  0.32619
 236.83491  0.32716
 236.85611  0.32498
 236.87733  0.32165
 236.89855  0.32007
 236.91975  0.31852
 236.94096  0.31978
 236.96217  0.31854
 236.98338  0.31843
 237.00459  0.31640
 237.02580  0.31619
 237.04700  0.31616
 237.06822  0.31669
 237.08942  0.31688
 237.11063  0.31961
 237.13184  0.32315
 237.15305  0.32015
 237.17425  0.31985
 237.19547  0.31970
 237.21666  0.32066
 237.23786  0.31731
 237.25908  0.31693
 237.28028  0.31511
 237.30150  0.31567
 237.32270  0.31652
 237.34389  0.31496
 237.36511  0.31244
 237.38631  0.31027
 237.40752  0.31097
 237.42873  0.30872
 237.44992  0.30962
 237.47113  0.31084
 237.49234  0.31052
 237.51353  0.31200
 237.53475  0.31214
 237.55595  0.30920
 237.57714  0.31024
 237.59836  0.30858
 237.61955  0.31020
 237.64075  0.30959
 237.66197  0.31001
 237.68316  0.31223
 237.70436  0.30879
 237.72556  0.31184
 237.74677  0.31119
 237.76796  0.31121
 237.78917  0.31233
 237.81036  0.31325
 237.83158  0.31166
 237.85276  0.30976
 237.87395  0.30879
 237.89517  0.30683
 237.91636  0.30678
 237.93756  0.30573
 237.95876  0.30647
 237.97995  0.30737
 238.00116  0.31017
 238.02236  0.31021
 238.04355  0.30964
 238.06476  0.30978
 238.08595  0.30981
 238.10714  0.30905
 238.12834  0.30635
 238.14955  0.30765
 238.17074  0.30775
 238.19194  0.30729
 238.21313  0.30777
 238.23432  0.30892
 238.25553  0.30854
 238.27672  0.30926
 238.29792  0.30722
 238.31911  0.30787
 238.34030  0.30961
 238.36150  0.31089
 238.38269  0.31280
 238.40388  0.31132
 238.42508  0.30859
 238.44627  0.30627
 238.46746  0.30569
 238.48866  0.30633
 238.50985  0.30590
 238.53105  0.30796
 238.55224  0.30793
 238.57343  0.30520
 238.59463  0.30318
 238.61582  0.29918
 238.63701  0.30085
 238.65821  0.30178
 238.67938  0.30138
 238.70057  0.30125
 238.72177  0.30117
 238.74296  0.30091
 238.76416  0.29952
 238.78533  0.29824
 238.80652  0.30001
 238.82772  0.29983
 238.84891  0.30020
 238.87009  0.30033
 238.89129  0.30087
 238.91248  0.30083
 238.93365  0.30245
 238.95485  0.30143
 238.97604  0.30147
 238.99722  0.30180
 239.01841  0.30031
 239.03960  0.30033
 239.06079  0.29785
 239.08198  0.29744
 239.10315  0.29707
 239.12435  0.29761
 239.14553  0.29575
 239.16673  0.29446
 239.18790  0.29562
 239.20909  0.29677
 239.23028  0.29404
 239.25147  0.29488
 239.27264  0.29538
 239.29382  0.29763
 239.31501  0.29522
 239.33619  0.29942
 239.35739  0.29734
 239.37856  0.29556
 239.39975  0.29699
 239.42094  0.29616
 239.44211  0.29641
 239.46330  0.29618
 239.48449  0.29588
 239.50566  0.29633
 239.52684  0.29354
 239.54802  0.29446
 239.56920  0.29375
 239.59039  0.29360
 239.61157  0.29416
 239.63275  0.29527
 239.65393  0.29588
 239.67510  0.29554
 239.69629  0.29405
 239.71747  0.29289
 239.73865  0.29186
 239.75983  0.29204
 239.78101  0.29095
 239.80219  0.29260
 239.82337  0.29464
 239.84454  0.29397
 239.86573  0.29120
 239.88690  0.28950
 239.90807  0.28836
 239.92926  0.29115
 239.95043  0.28938
 239.97162  0.29148
 239.99279  0.29041
 240.01395  0.28803
 240.03514  0.28669
 240.05631  0.28702
 240.07749  0.28488
 240.09867  0.28664
 240.11984  0.28638
 240.14102  0.28359
 240.16219  0.28400
 240.18336  0.28250
 240.20455  0.28155
 240.22572  0.28181
 240.24688  0.28165
 240.26806  0.28133
 240.28924  0.28183
 240.31040  0.28168
 240.33158  0.28154
 240.35276  0.28398
 240.37393  0.28642
 240.39510  0.28436
 240.41628  0.28324
 240.43744  0.28319
 240.45862  0.28087
 240.47978  0.28341
 240.50096  0.28191
 240.52212  0.28288
 240.54331  0.28063
 240.56447  0.27921
 240.58564  0.27906
 240.60681  0.27917
 240.62798  0.28133
 240.64914  0.28203
 240.67033  0.28098
 240.69149  0.28019
 240.71265  0.27924
 240.73383  0.28437
 240.75499  0.28053
 240.77617  0.28253
 240.79733  0.27836
 240.81849  0.28029
 240.83966  0.28003
 240.86084  0.28098
 240.88200  0.28008
 240.90316  0.28095
 240.92434  0.28262
 240.94551  0.28431
 240.96667  0.28377
 240.98783  0.28202
 241.00900  0.28258
 241.03015  0.28202
 241.05133  0.28246
 241.07250  0.28218
 241.09366  0.28195
 241.11483  0.28377
 241.13599  0.28357
 241.15715  0.28391
 241.17831  0.28025
 241.19947  0.28114
 241.22063  0.27905
 241.24180  0.27901
 241.26296  0.27988
 241.28413  0.27903
 241.30529  0.27894
 241.32645  0.27761
 241.34762  0.27784
 241.36878  0.27872
 241.38994  0.27941
 241.41111  0.27971
 241.43226  0.28120
 241.45342  0.27973
 241.47458  0.28032
 241.49574  0.27833
 241.51691  0.27916
 241.53807  0.27921
 241.55921  0.27797
 241.58038  0.27633
 241.60154  0.27535
 241.62271  0.27568
 241.64385  0.27606
 241.66501  0.27458
 241.68618  0.27489
 241.70732  0.27547
 241.72848  0.27462
 241.74965  0.27436
 241.77080  0.27440
 241.79197  0.27482
 241.81312  0.27467
 241.83427  0.27422
 241.85544  0.27473
 241.87658  0.27424
 241.89774  0.27497
 241.91889  0.27279
 241.94005  0.27299
 241.96121  0.27213
 241.98237  0.27237
 242.00351  0.27229
 242.02468  0.27080
 242.04582  0.27175
 242.06697  0.27169
 242.08814  0.27308
 242.10928  0.27307
 242.13043  0.27233
 242.15159  0.27383
 242.17274  0.27187
 242.19389  0.27307
 242.21505  0.27204
 242.23621  0.27293
 242.25735  0.27114
 242.27851  0.26946
 242.29966  0.27063
 242.32081  0.26996
 242.34195  0.27218
 242.36310  0.27247
 242.38425  0.27395
 242.40542  0.27488
 242.42656  0.27674
 242.44771  0.27510
 242.46886  0.27513
 242.49000  0.27539
 242.51115  0.27522
 242.53230  0.27501
 242.55344  0.27399
 242.57460  0.27472
 242.59574  0.27416
 242.61689  0.27167
 242.63804  0.27260
 242.65918  0.27037
 242.68033  0.27087
 242.70148  0.27052
 242.72263  0.27256
 242.74378  0.27213
 242.76492  0.26989
 242.78607  0.26776
 242.80722  0.27032
 242.82835  0.27020
 242.84949  0.27105
 242.87065  0.27098
 242.89179  0.27417
 242.91295  0.27391
 242.93408  0.27515
 242.95522  0.27543
 242.97637  0.27467
 242.99752  0.27409
 243.01866  0.27285
 243.03980  0.27286
 243.06094  0.27508
 243.08208  0.27571
 243.10323  0.27456
 243.12435  0.27264
 243.14551  0.27267
 243.16665  0.27179
 243.18779  0.27256
 243.20894  0.27306
 243.23006  0.27328
 243.25122  0.27470
 243.27235  0.27606
 243.29349  0.27678
 243.31463  0.27600
 243.33577  0.27696
 243.35691  0.27765
 243.37806  0.27708
 243.39918  0.27672
 243.42034  0.27928
 243.44147  0.27882
 243.46261  0.27943
 243.48375  0.28038
 243.50488  0.28202
 243.52602  0.28043
 243.54716  0.28274
 243.56829  0.28146
 243.58943  0.28238
 243.61056  0.28206
 243.63171  0.28189
 243.65284  0.28220
 243.67397  0.28205
 243.69511  0.28273
 243.71624  0.28287
 243.73739  0.28284
 243.75852  0.28464
 243.77965  0.28603
 243.80079  0.28628
 243.82191  0.28421
 243.84304  0.28484
 243.86418  0.28544
 243.88531  0.28613
 243.90645  0.28698
 243.92758  0.28618
 243.94871  0.28659
 243.96985  0.28790
 243.99097  0.28927
 244.01211  0.28943
 244.03324  0.29111
 244.05437  0.29188
 244.07551  0.29449
 244.09664  0.29442
 244.11777  0.29523
 244.13890  0.29722
 244.16003  0.29763
 244.18116  0.29598
 244.20229  0.29608
 244.22341  0.29539
 244.24455  0.29540
 244.26567  0.29618
 244.28680  0.29769
 244.30793  0.29775
 244.32906  0.29934
 244.35019  0.30027
 244.37131  0.29917
 244.39244  0.29792
 244.41357  0.29994
 244.43470  0.30028
 244.45583  0.30214
 244.47695  0.30112
 244.49808  0.30265
 244.51920  0.30171
 244.54033  0.30122
 244.56147  0.30256
 244.58258  0.30546
 244.60371  0.30773
 244.62483  0.30815
 244.64596  0.30931
 244.66707  0.31166
 244.68820  0.31205
 244.70933  0.31351
 244.73045  0.31329
 244.75158  0.31433
 244.77269  0.31282
 244.79382  0.31430
 244.81494  0.31606
 244.83607  0.31565
 244.85718  0.31655
 244.87831  0.31794
 244.89943  0.32033
 244.92055  0.31947
 244.94168  0.32108
 244.96280  0.32092
 244.98391  0.32216
 245.00504  0.32524
 245.02615  0.32725
 245.04728  0.32680
 245.06840  0.33126
 245.08951  0.33414
 245.11064  0.33661
 245.13175  0.33730
 245.15286  0.33852
 245.17399  0.34139
 245.19510  0.34122
 245.21622  0.34466
 245.23735  0.34507
 245.25847  0.34782
 245.27959  0.34990
 245.30070  0.35385
 245.32180  0.35393
 245.34293  0.35548
 245.36404  0.35689
 245.38516  0.36183
 245.40628  0.36195
 245.42739  0.36437
 245.44851  0.36967
 245.46963  0.36786
 245.49075  0.36776
 245.51185  0.36915
 245.53296  0.37173
 245.55408  0.37492
 245.57520  0.37874
 245.59632  0.38153
 245.61742  0.38275
 245.63853  0.38502
 245.65966  0.38366
 245.68075  0.38685
 245.70187  0.39069
 245.72299  0.38964
 245.74409  0.39436
 245.76521  0.39860
 245.78633  0.39697
 245.80742  0.40120
 245.82855  0.40236
 245.84965  0.40369
 245.87077  0.40691
 245.89188  0.40535
 245.91298  0.40791
 245.93410  0.41008
 245.95520  0.41235
 245.97633  0.41770
 245.99742  0.41980
 246.01852  0.42227
 246.03965  0.42555
 246.06074  0.42898
 246.08187  0.43239
 246.10297  0.43443
 246.12406  0.43870
 246.14519  0.44311
 246.16629  0.44371
 246.18738  0.44806
 246.20851  0.44591
 246.22961  0.44940
 246.25071  0.45574
 246.27181  0.45745
 246.29292  0.45899
 246.31403  0.46374
 246.33513  0.46603
 246.35624  0.46396
 246.37734  0.46788
 246.39844  0.47215
 246.41956  0.47371
 246.44066  0.47802
 246.46177  0.47807
 246.48286  0.48339
 246.50396  0.48688
 246.52507  0.48860
 246.54617  0.49526
 246.56728  0.49569
 246.58837  0.49830
 246.60947  0.49898
 246.63058  0.50604
 246.65168  0.51024
 246.67279  0.51279
 246.69389  0.51736
 246.71498  0.52276
 246.73609  0.52488
 246.75717  0.52852
 246.77827  0.53053
 246.79938  0.53681
 246.82048  0.54003
 246.84159  0.53873
 246.86269  0.54643
 246.88377  0.54933
 246.90488  0.55435
 246.92597  0.55548
 246.94708  0.55940
 246.96817  0.56034
 246.98926  0.56796
 247.01037  0.56980
 247.03145  0.57558
 247.05256  0.57980
 247.07366  0.58641
 247.09474  0.58615
 247.11585  0.59413
 247.13694  0.59337
 247.15804  0.60574
 247.17913  0.60772
 247.20022  0.61563
 247.22133  0.62755
 247.24242  0.62743
 247.26352  0.63524
 247.28461  0.64446
 247.30569  0.64869
 247.32680  0.65094
 247.34788  0.65787
 247.36899  0.66393
 247.39007  0.67462
 247.41115  0.68032
 247.43226  0.68416
 247.45335  0.69448
 247.47444  0.70353
 247.49554  0.71254
 247.51662  0.71873
 247.53771  0.73171
 247.55880  0.73968
 247.57990  0.75129
 247.60099  0.75563
 247.62207  0.76765
 247.64316  0.78102
 247.66426  0.78845
 247.68535  0.80085
 247.70644  0.80968
 247.72752  0.82677
 247.74861  0.83625
 247.76969  0.84537
 247.79079  0.86440
 247.81187  0.87911
 247.83295  0.88678
 247.85405  0.90322
 247.87513  0.91306
 247.89621  0.93703
 247.91731  0.95054
 247.93839  0.96003
 247.95948  0.98134
 247.98056  0.99671
 248.00165  1.01219
 248.02274  1.01925
 248.04382  1.04276
 248.06492  1.06774
 248.08598  1.08206
 248.10707  1.09821
 248.12816  1.12403
 248.14924  1.14407
 248.17033  1.15663
 248.19140  1.17524
 248.21249  1.20478
 248.23358  1.22753
 248.25466  1.24490
 248.27574  1.26023
 248.29682  1.29263
 248.31790  1.29766
 248.33898  1.32882
 248.36007  1.33371
 248.38114  1.36363
 248.40223  1.37581
 248.42331  1.39607
 248.44439  1.41405
 248.46547  1.43832
 248.48655  1.45673
 248.50763  1.49108
 248.52870  1.50857
 248.54979  1.53044
 248.57086  1.55093
 248.59195  1.57251
 248.61302  1.59434
 248.63410  1.61919
 248.65518  1.64453
 248.67625  1.66321
 248.69734  1.68825
 248.71841  1.70488
 248.73947  1.73072
 248.76057  1.75452
 248.78164  1.77546
 248.80271  1.79929
 248.82378  1.82104
 248.84486  1.84123
 248.86594  1.85720
 248.88701  1.87617
 248.90809  1.89291
 248.92917  1.91716
 248.95025  1.93855
 248.97131  1.95929
 248.99238  1.98409
 249.01346  2.00664
 249.03453  2.01782
 249.05561  2.03092
 249.07667  2.05962
 249.09774  2.06252
 249.11882  2.08904
 249.13989  2.09484
 249.16096  2.09011
 249.18203  2.10622
 249.20310  2.12416
 249.22418  2.11547
 249.24524  2.13229
 249.26632  2.12705
 249.28739  2.13060
 249.30846  2.14757
 249.32953  2.13794
 249.35060  2.12607
 249.37168  2.13594
 249.39273  2.12391
 249.41380  2.14538
 249.43488  2.11650
 249.45595  2.11646
 249.47701  2.13939
 249.49808  2.12707
 249.51914  2.13956
 249.54022  2.14831
 249.56127  2.15137
 249.58235  2.14059
 249.60342  2.14436
 249.62447  2.14961
 249.64555  2.15765
 249.66660  2.14824
 249.68768  2.13751
 249.70875  2.14275
 249.72980  2.16044
 249.75088  2.15732
 249.77193  2.16201
 249.79301  2.15689
 249.81406  2.15497
 249.83513  2.16414
 249.85619  2.17370
 249.87724  2.16174
 249.89832  2.15848
 249.91937  2.17242
 249.94044  2.16129
 249.96150  2.16038
 249.98255  2.17429
 250.00363  2.15919
 250.02468  2.17113
 250.04575  2.15512
 250.06681  2.16561
 250.08787  2.14660
 250.10893  2.15784
 250.12998  2.15234
 250.15106  2.15429
 250.17211  2.16151
 250.19316  2.15517
 250.21423  2.16016
 250.23528  2.14237
 250.25634  2.15696
 250.27739  2.13709
 250.29846  2.14247
 250.31952  2.14420
 250.34058  2.14802
 250.36164  2.14082
 250.38269  2.15497
 250.40374  2.14457
 250.42480  2.15215
 250.44586  2.14351
 250.46692  2.14057
 250.48797  2.14386
 250.50902  2.14218
 250.53009  2.13799
 250.55112  2.14820
 250.57219  2.13312
 250.59324  2.14404
 250.61430  2.13541
 250.63535  2.12641
 250.65641  2.15019
 250.67745  2.12405
 250.69851  2.14217
 250.71957  2.11841
 250.74062  2.11277
 250.76166  2.11663
 250.78272  2.10964
 250.80377  2.10405
 250.82483  2.11002
 250.84587  2.11071
 250.86692  2.13445
 250.88797  2.19275
 250.90902  2.32434
