# wl 	 %tx
 269.03987  0.00000
 269.04964  0.00358
 269.05944  0.00267
 269.06920  0.00267
 269.07898  0.00133
 269.08877 -0.00155
 269.09854  0.00022
 269.10832  0.00045
 269.11811 -0.00044
 269.12788  0.00022
 269.13765  0.00356
 269.14745  0.00022
 269.15722  0.00223
 269.16699  0.00134
 269.17679  0.00224
 269.18655  0.00360
 269.19633  0.00045
 269.20612  0.00154
 269.21589  0.00242
 269.22567 -0.00310
 269.23543  0.00246
 269.24523  0.00202
 269.25500  0.00135
 269.26477  0.00361
 269.27456  0.00363
 269.28434  0.00000
 269.29411 -0.00045
 269.30387  0.00181
 269.31368  0.00251
 269.32344  0.00137
 269.33321  0.00181
 269.34298  0.00318
 269.35275 -0.00091
 269.36255  0.00159
 269.37232  0.00182
 269.38209  0.00069
 269.39185  0.00344
 269.40166  0.00344
 269.41143  0.00366
 269.42119  0.00435
 269.43097  0.00115
 269.44073  0.00342
 269.45053  0.00090
 269.46030  0.00428
 269.47007  0.00317
 269.47984 -0.00114
 269.48961  0.00114
 269.49938 -0.00091
 269.50917  0.00364
 269.51895 -0.00113
 269.52871  0.00269
 269.53848  0.00112
 269.54826  0.00381
 269.55802  0.00247
 269.56779  0.00113
 269.57756 -0.00113
 269.58736  0.00045
 269.59712  0.00180
 269.60690  0.00403
 269.61666  0.00045
 269.62643 -0.00045
 269.63621  0.00180
 269.64597  0.00135
 269.65574  0.00180
 269.66551  0.00656
 269.67528  0.00317
 269.68507  0.00339
 269.69485 -0.00023
 269.70462  0.00501
 269.71438 -0.00068
 269.72416  0.00181
 269.73392  0.00363
 269.74369  0.00000
 269.75346  0.00181
 269.76323  0.00180
 269.77300 -0.00113
 269.78277  0.00519
 269.79254  0.00203
 269.80230 -0.00090
 269.81208  0.00137
 269.82184  0.00228
 269.83161 -0.00091
 269.84138 -0.00068
 269.85115 -0.00206
 269.86092  0.00138
 269.87069  0.00046
 269.88046  0.00343
 269.89022  0.00298
 269.90000 -0.00092
 269.90976  0.00069
 269.91953  0.00069
 269.92931  0.00230
 269.93907  0.00023
 269.94884  0.00092
 269.95861  0.00273
 269.96838 -0.00592
 269.97814  0.00386
 269.98789  0.00591
 269.99765  0.00114
 270.00742  0.00251
 270.01720  0.00274
 270.02696 -0.00045
 270.03673  0.00181
 270.04650  0.00341
 270.05627  0.00502
 270.06603 -0.00114
 270.07581 -0.00092
 270.08554  0.00413
 270.09531  0.00092
 270.10509 -0.00023
 270.11485  0.00203
 270.12462  0.00022
 270.13439  0.00292
 270.14416  0.00203
 270.15389  0.00362
 270.16367  0.00135
 270.17343  0.00158
 270.18320  0.00179
 270.19298  0.00267
 270.20274  0.00221
 270.21248  0.00222
 270.22225  0.00512
 270.23202  0.00533
 270.24178  0.00089
 270.25156 -0.00111
 270.26132 -0.00133
 270.27106 -0.00067
 270.28084  0.00178
 270.29060  0.00247
 270.30037  0.00000
 270.31011  0.00134
 270.31988  0.00157
 270.32964  0.00181
 270.33942  0.00363
 270.34915  0.00385
 270.35892 -0.00068
 270.36869  0.00384
 270.37846  0.00113
 270.38820  0.00158
 270.39797 -0.00204
 270.40774  0.00090
 270.41750  0.00246
 270.42725 -0.00067
 270.43701  0.00201
 270.44678  0.00246
 270.45652 -0.00022
 270.46629  0.00246
 270.47606  0.00202
 270.48583  0.00225
 270.49557  0.00022
 270.50533  0.00022
 270.51511  0.00023
 270.52484  0.00340
 270.53461  0.00316
 270.54438  0.00361
 270.55412  0.00180
 270.56388  0.00180
 270.57366  0.00180
 270.58340  0.00293
 270.59317  0.00227
 270.60291  0.00363
 270.61267 -0.00113
 270.62245  0.00337
 270.63218 -0.00179
 270.64195  0.00224
 270.65172  0.00111
 270.66146  0.00022
 270.67122  0.00247
 270.68097 -0.00203
 270.69073  0.00113
 270.70050  0.00045
 270.71025  0.00202
 270.72001 -0.00090
 270.72975  0.00246
 270.73952  0.00292
 270.74926  0.00429
 270.75902  0.00113
 270.76877 -0.00156
 270.77853  0.00311
 270.78830  0.00178
 270.79804 -0.00178
 270.80781 -0.00022
 270.81754  0.00045
 270.82732  0.00201
 270.83706  0.00357
 270.84682  0.00044
 270.85657  0.00594
 270.86633 -0.00132
 270.87607  0.00088
 270.88584  0.00066
 270.89558  0.00329
 270.90534  0.00087
 270.91509 -0.00066
 270.92485  0.00242
 270.93459  0.00153
 270.94436  0.00286
 270.95410  0.00198
 270.96387 -0.00066
 270.97361  0.00044
 270.98335 -0.00066
 270.99311  0.00353
 271.00286 -0.00111
 271.01262 -0.00044
 271.02236  0.00397
 271.03213  0.00044
 271.04187  0.00307
 271.05160  0.00220
 271.06138  0.00310
 271.07111  0.00266
 271.08088 -0.00220
 271.09062  0.00132
 271.10036  0.00109
 271.11013  0.00131
 271.11987  0.00263
 271.12964  0.00329
 271.13937 -0.00198
 271.14912 -0.00044
 271.15888  0.00420
 271.16862  0.00111
 271.17836  0.00401
 271.18813  0.00022
 271.19786  0.00266
 271.20761  0.00397
 271.21737  0.00374
 271.22711  0.00088
 271.23685  0.00330
 271.24662  0.00442
 271.25635 -0.00111
 271.26610  0.00246
 271.27587  0.00090
 271.28560  0.00314
 271.29535  0.00314
 271.30511  0.00357
 271.31485  0.00221
 271.32459  0.00420
 271.33433  0.00044
 271.34409  0.00178
 271.35384  0.00446
 271.36357  0.00289
 271.37334  0.00223
 271.38308  0.00243
 271.39282  0.00484
 271.40255 -0.00088
 271.41230  0.00286
 271.42206  0.00000
 271.43180  0.00131
 271.44154  0.00152
 271.45128  0.00065
 271.46104  0.00304
 271.47079  0.00522
 271.48053  0.00239
 271.49026  0.00022
 271.50001  0.00220
 271.50977  0.00418
 271.51952  0.00307
 271.52925  0.00307
 271.53899 -0.00022
 271.54873  0.00219
 271.55850 -0.00022
 271.56823  0.00000
 271.57798 -0.00109
 271.58771  0.00413
 271.59745  0.00216
 271.60719  0.00000
 271.61693  0.00431
 271.62669  0.00322
 271.63644  0.00193
 271.64617  0.00150
 271.65591  0.00151
 271.66565  0.00238
 271.67539  0.00087
 271.68512  0.00195
 271.69487  0.00303
 271.70460  0.00086
 271.71437  0.00476
 271.72411  0.00108
 271.73385  0.00086
 271.74359  0.00173
 271.75333 -0.00108
 271.76307  0.00323
 271.77280  0.00043
 271.78255  0.00000
 271.79228  0.00257
 271.80202  0.00022
 271.81176  0.00195
 271.82150  0.00152
 271.83123  0.00000
 271.84098  0.00411
 271.85071 -0.00086
 271.86045  0.00558
 271.87019  0.00043
 271.87993  0.00279
 271.88966  0.00108
 271.89941  0.00153
 271.90914  0.00044
 271.91888  0.00327
 271.92862  0.00240
 271.93836  0.00000
 271.94809 -0.00022
 271.95784  0.00369
 271.96757 -0.00262
 271.97731  0.00152
 271.98705  0.00566
 271.99679  0.00043
 272.00652  0.00000
 272.01627  0.00283
 272.02600  0.00349
 272.03574 -0.00087
 272.04548  0.00327
 272.05522  0.00109
 272.06495  0.00286
 272.07470  0.00176
 272.08443  0.00221
 272.09414  0.00110
 272.10388  0.00022
 272.11362 -0.00153
 272.12335  0.00044
 272.13310 -0.00197
 272.14283  0.00000
 272.15257  0.00109
 272.16231  0.00392
 272.17202  0.00282
 272.18175  0.00387
 272.19150  0.00215
 272.20123  0.00172
 272.21097  0.00065
 272.22071  0.00022
 272.23045  0.00346
 272.24015  0.00367
 272.24990  0.00367
 272.25963  0.00215
 272.26938  0.00216
 272.27911  0.00174
 272.28882  0.00369
 272.29856  0.00196
 272.30830 -0.00240
 272.31803  0.00197
 272.32778 -0.00153
 272.33748 -0.00022
 272.34722  0.00373
 272.35696  0.00154
 272.36670 -0.00110
 272.37643  0.00044
 272.38615  0.00196
 272.39588  0.00283
 272.40562  0.00195
 272.41536  0.00087
 272.42507 -0.00239
 272.43480  0.00500
 272.44455  0.00022
 272.45428  0.00152
 272.46399  0.00436
 272.47373 -0.00350
 272.48347  0.00022
 272.49317  0.00352
 272.50292 -0.00132
 272.51265  0.00556
 272.52236 -0.00155
 272.53210 -0.00022
 272.54184 -0.00111
 272.55157 -0.00201
 272.56129  0.00224
 272.57102  0.00157
 272.58076  0.00427
 272.59047  0.00090
 272.60021  0.00112
 272.60991  0.00157
 272.61966  0.00334
 272.62939  0.00089
 272.63910  0.00000
 272.64884  0.00134
 272.65858  0.00382
 272.66828 -0.00023
 272.67803  0.00203
 272.68773  0.00135
 272.69747 -0.00023
 272.70721  0.00294
 272.71692  0.00113
 272.72665  0.00386
 272.73637  0.00636
 272.74610  0.00045
 272.75584  0.00408
 272.76555  0.00202
 272.77529  0.00290
 272.78499  0.00357
 272.79474 -0.00269
 272.80444  0.00248
 272.81418 -0.00135
 272.82392  0.00450
 272.83363  0.00313
 272.84336 -0.00067
 272.85308 -0.00111
 272.86281  0.00445
 272.87252  0.00177
 272.88226  0.00397
 272.89196  0.00110
 272.90171 -0.00155
 272.91141  0.00089
 272.92115  0.00487
 272.93086  0.00510
 272.94060 -0.00067
 272.95030  0.00245
 272.96005 -0.00112
 272.96975 -0.00134
 272.97949  0.00157
 272.98920  0.00022
 272.99891  0.00158
 273.00864  0.00247
 273.01836  0.00447
 273.02809  0.00223
 273.03780  0.00202
 273.04754 -0.00179
 273.05725  0.00201
 273.06695  0.00044
 273.07670  0.00599
 273.08640  0.00509
 273.09614  0.00044
 273.10585  0.00177
 273.11559  0.00000
 273.12529  0.00267
 273.13501  0.00111
 273.14474  0.00155
 273.15445 -0.00290
 273.16416  0.00381
 273.17389  0.00336
 273.18360  0.00737
 273.19334  0.00245
 273.20305  0.00178
 273.21275  0.00333
 273.22250  0.00221
 273.23220 -0.00044
 273.24191  0.00222
 273.25165  0.00512
 273.26136  0.00422
 273.27106  0.00022
 273.28078  0.00243
 273.29051  0.00176
 273.30022  0.00440
 273.30993  0.00264
 273.31967  0.00486
 273.32937 -0.00177
 273.33909  0.00022
 273.34882  0.00066
 273.35853  0.00199
 273.36824  0.00132
 273.37794  0.00483
 273.38768  0.00285
 273.39739  0.00066
 273.40710  0.00400
 273.41680  0.00396
 273.42655  0.00437
 273.43625  0.00262
 273.44596  0.00000
 273.45567  0.00611
 273.46541  0.00284
 273.47512  0.00394
 273.48483  0.00088
 273.49453  0.00087
 273.50425  0.00413
 273.51398  0.00217
 273.52369  0.00369
 273.53340  0.00455
 273.54310 -0.00108
 273.55281  0.00043
 273.56252  0.00302
 273.57226  0.00086
 273.58196  0.00043
 273.59168  0.00173
 273.60138  0.00434
 273.61109 -0.00260
 273.62080  0.00260
 273.63051  0.00022
 273.64024  0.00478
 273.64996  0.00152
 273.65966  0.00392
 273.66937  0.00065
 273.67908  0.00283
 273.68878  0.00346
 273.69849  0.00541
 273.70820  0.00087
 273.71791  0.00065
 273.72764  0.00585
 273.73736  0.00303
 273.74706  0.00260
 273.75677  0.00238
 273.76648  0.00432
 273.77619  0.00498
 273.78589  0.00327
 273.79561  0.00066
 273.80531  0.00218
 273.81501  0.00327
 273.82473  0.00066
 273.83443  0.00154
 273.84414  0.00372
 273.85385  0.00152
 273.86356  0.00217
 273.87326  0.00217
 273.88298  0.00000
 273.89268  0.00087
 273.90239  0.00503
 273.91210  0.00243
 273.92180  0.00443
 273.93151  0.00111
 273.94122  0.00444
 273.95093  0.00465
 273.96063  0.00374
 273.97035  0.00264
 273.98005  0.00308
 273.98977  0.00465
 273.99947  0.00443
 274.00918  0.00156
 274.01889  0.00355
 274.02860  0.00000
 274.03830  0.00482
 274.04801  0.00479
 274.05772  0.00589
 274.06742  0.00262
 274.07711 -0.00022
 274.08681  0.00260
 274.09652  0.00369
 274.10623  0.00282
 274.11594  0.00303
 274.12564  0.00130
 274.13536  0.00261
 274.14506  0.00371
 274.15476  0.00567
 274.16445  0.00326
 274.17415  0.00152
 274.18386  0.00632
 274.19357  0.00476
 274.20328  0.00474
 274.21298  0.00215
 274.22267  0.00368
 274.23237  0.00433
 274.24207  0.00518
 274.25179  0.00172
 274.26149  0.00236
 274.27120  0.00107
 274.28088  0.00277
 274.29059  0.00405
 274.30029  0.00301
 274.31001  0.00043
 274.31971  0.00475
 274.32939  0.00303
 274.33910  0.00043
 274.34880  0.00086
 274.35851  0.00600
 274.36819  0.00151
 274.37790  0.00302
 274.38760 -0.00065
 274.39732  0.00257
 274.40699  0.00386
 274.41670  0.00388
 274.42641  0.00433
 274.43611  0.00368
 274.44580  0.00326
 274.45550  0.00239
 274.46521  0.00152
 274.47489  0.00304
 274.48460  0.00043
 274.49430  0.00302
 274.50399  0.00151
 274.51369  0.00236
 274.52339  0.00022
 274.53311  0.00195
 274.54278  0.00304
 274.55249  0.00393
 274.56220  0.00152
 274.57188  0.00437
 274.58158  0.00044
 274.59126  0.00240
 274.60097  0.00657
 274.61067  0.00351
 274.62036  0.00087
 274.63006  0.00065
 274.63977  0.00325
 274.64945  0.00130
 274.65916  0.00392
 274.66883  0.00307
 274.67854  0.00066
 274.68825 -0.00044
 274.69792  0.00436
 274.70764 -0.00022
 274.71731  0.00635
 274.72702  0.00131
 274.73673  0.00000
 274.74641  0.00282
 274.75611  0.00130
 274.76579  0.00347
 274.77550  0.00087
 274.78517  0.00283
 274.79489  0.00412
 274.80456  0.00605
 274.81427  0.00065
 274.82395  0.00474
 274.83365  0.00237
 274.84336  0.00237
 274.85304  0.00345
 274.86275  0.00388
 274.87242  0.00022
 274.88214  0.00777
 274.89181  0.00474
 274.90149  0.00365
 274.91120  0.00408
 274.92087  0.00366
 274.93059  0.00344
 274.94026  0.00386
 274.94997  0.00558
 274.95965  0.00259
 274.96936  0.00152
 274.97903  0.00261
 274.98874  0.00436
 274.99842  0.00370
 275.00812  0.00544
 275.01781  0.00674
 275.02748  0.00520
 275.03719  0.00540
 275.04687  0.00322
 275.05657  0.00581
 275.06625  0.00151
 275.07593  0.00301
 275.08564  0.00322
 275.09531  0.00342
 275.10503  0.00342
 275.11470  0.00471
 275.12437  0.00342
 275.13409  0.00320
 275.14376  0.00472
 275.15344  0.00407
 275.16315  0.00492
 275.17282  0.00235
 275.18250  0.00150
 275.19221  0.00238
 275.20189  0.00238
 275.21156  0.00455
 275.22128  0.00239
 275.23095  0.00586
 275.24062  0.00281
 275.25034  0.00366
 275.26001  0.00729
 275.26969  0.00601
 275.27940  0.00278
 275.28908  0.00301
 275.29876  0.00323
 275.30843  0.00194
 275.31814  0.00409
 275.32782  0.00559
 275.33750  0.00150
 275.34717  0.00452
 275.35689  0.00217
 275.36656  0.00283
 275.37623  0.00566
 275.38592  0.00410
 275.39562  0.00257
 275.40530  0.00278
 275.41498  0.00214
 275.42465  0.00150
 275.43433  0.00753
 275.44404  0.00454
 275.45372  0.00302
 275.46339 -0.00107
 275.47308  0.00448
 275.48275  0.00212
 275.49245  0.00361
 275.50214  0.00364
 275.51181  0.00639
 275.52149  0.00424
 275.53117  0.00382
 275.54084  0.00509
 275.55055  0.00297
 275.56023  0.00786
 275.56991  0.00597
 275.57958  0.00725
 275.58926  0.00448
 275.59894  0.00320
 275.60861  0.00342
 275.61830  0.00516
 275.62800  0.00560
 275.63768  0.00539
 275.64736  0.00172
 275.65703  0.00470
 275.66671  0.00213
 275.67639  0.00641
 275.68607  0.00321
 275.69575  0.00661
 275.70542  0.00233
 275.71510  0.00424
 275.72478  0.00234
 275.73446  0.00446
 275.74413  0.00318
 275.75381  0.00533
 275.76352  0.00385
 275.77319  0.00471
 275.78288  0.00321
 275.79255  0.00150
 275.80223  0.00562
 275.81191  0.00562
 275.82158  0.00150
 275.83126  0.00258
 275.84094 -0.00064
 275.85062  0.00514
 275.86029  0.00386
 275.86997  0.00624
 275.87965  0.00411
 275.88932  0.00628
 275.89901  0.00433
 275.90865  0.00452
 275.91832  0.00451
 275.92801  0.00708
 275.93768  0.00622
 275.94736  0.00215
 275.95704  0.00560
 275.96671  0.00863
 275.97639  0.00668
 275.98607  0.00583
 275.99575  0.00194
 276.00542  0.00257
 276.01510  0.00406
 276.02478  0.00342
 276.03442  0.00301
 276.04411  0.00492
 276.05378  0.00402
 276.06345  0.00148
 276.07314  0.00889
 276.08281  0.00994
 276.09250  0.00233
 276.10217  0.00849
 276.11181  0.00725
 276.12150  0.00746
 276.13117  0.00402
 276.14085  0.00526
 276.15053  0.00527
 276.16020  0.00084
 276.16985  0.00105
 276.17953  0.00664
 276.18921  0.00726
 276.19888  0.00416
 276.20856  0.00249
 276.21824  0.00583
 276.22788  0.00439
 276.23757  0.00439
 276.24724  0.00667
 276.25691  0.00669
 276.26657  0.00398
 276.27624  0.00211
 276.28592  0.00695
 276.29560  0.00378
 276.30524  0.00421
 276.31492  0.00314
 276.32460  0.00836
 276.33428  0.00714
 276.34392  0.00905
 276.35360  0.00294
 276.36328  0.00964
 276.37295  0.00314
 276.38261  0.00293
 276.39228  0.00460
 276.40195  0.00649
 276.41161  0.00569
 276.42128  0.00803
 276.43097  0.00720
 276.44061  0.00676
 276.45028  0.00507
 276.45997  0.00296
 276.46961  0.00463
 276.47928  0.00462
 276.48897  0.00649
 276.49861  0.00523
 276.50829  0.00167
 276.51797  0.00355
 276.52761  0.00796
 276.53729  0.00462
 276.54697  0.00761
 276.55662  0.00637
 276.56629  0.00490
 276.57594  0.00771
 276.58562  0.00467
 276.59529  0.00105
 276.60494  0.00717
 276.61462  0.00615
 276.62426  0.00619
 276.63395  0.00278
 276.64362  0.00662
 276.65326  0.00170
 276.66295  0.00675
 276.67259  0.00398
 276.68227  0.00689
 276.69192  0.00544
 276.70159  0.00650
 276.71124  0.00648
 276.72092  0.00377
 276.73056  0.00502
 276.74024  0.00564
 276.74989  0.00481
 276.75957  0.00753
 276.76921  0.00482
 276.77889  0.00527
 276.78854  0.00551
 276.79822  0.00595
 276.80787  0.00680
 276.81754  0.00463
 276.82719  0.00627
 276.83687  0.00416
 276.84651  0.00625
 276.85619  0.00314
 276.86584  0.00694
 276.87551  0.00524
 276.88517  0.00686
 276.89484  0.00580
 276.90448  0.00678
 276.91414  0.00697
 276.92381  0.00452
 276.93345  0.00578
 276.94314  0.00910
 276.95278  0.00725
 276.96246  0.00599
 276.97211  0.00598
 276.98175  0.00762
 276.99143  0.00556
 277.00108  0.00558
 277.01072  0.00601
 277.02040  0.00353
 277.03005  0.00686
 277.03973  0.00770
 277.04937  0.00563
 277.05902  0.00895
 277.06870  0.00604
 277.07834  0.00376
 277.08799  0.00837
 277.09767  0.00774
 277.10732  0.00458
 277.11697  0.01081
 277.12664  0.00930
 277.13629  0.00701
 277.14594  0.00827
 277.15558  0.01096
 277.16526  0.00850
 277.17491  0.00795
 277.18455  0.01054
 277.19424  0.00701
 277.20388  0.00616
 277.21352  0.00788
 277.22318  0.00620
 277.23285  0.00604
 277.24249  0.00517
 277.25215  0.00839
 277.26179  0.00625
 277.27147  0.00882
 277.28112  0.00734
 277.29076  0.00844
 277.30041  0.00692
 277.31009  0.00691
 277.31973  0.00642
 277.32938  0.00849
 277.33903  0.01119
 277.34867  0.00890
 277.35835  0.00767
 277.36800  0.00532
 277.37765  0.00983
 277.38729  0.00769
 277.39694  0.01003
 277.40659  0.01065
 277.41626  0.00937
 277.42591  0.01024
 277.43556  0.00687
 277.44521  0.00927
 277.45485  0.00947
 277.46450  0.01227
 277.47415  0.00751
 277.48383  0.00660
 277.49347  0.00951
 277.50312  0.01021
 277.51277  0.00941
 277.52241  0.00919
 277.53206  0.00834
 277.54171  0.00770
 277.55135  0.01197
 277.56100  0.00893
 277.57065  0.00803
 277.58029  0.00932
 277.58997  0.01062
 277.59962  0.00958
 277.60926  0.00746
 277.61892  0.00723
 277.62856  0.01169
 277.63820  0.01106
 277.64786  0.01128
 277.65750  0.01263
 277.66714  0.01092
 277.67680  0.01178
 277.68644  0.00961
 277.69608  0.01087
 277.70574  0.00893
 277.71538  0.01081
 277.72502  0.01104
 277.73468  0.00914
 277.74432  0.00959
 277.75398  0.00933
 277.76362  0.00760
 277.77326  0.01161
 277.78292  0.00862
 277.79256  0.01171
 277.80220  0.01271
 277.81186  0.01312
 277.82150  0.00957
 277.83111  0.01376
 277.84077  0.01155
 277.85041  0.00968
 277.86005  0.01265
 277.86971  0.00962
 277.87935  0.01185
 277.88899  0.00745
 277.89865  0.01073
 277.90829  0.01010
 277.91794  0.01116
 277.92759  0.01162
 277.93720  0.01119
 277.94685  0.01077
 277.95650  0.01490
 277.96614  0.01385
 277.97579  0.01343
 277.98544  0.01535
 277.99508  0.01250
 278.00470  0.01544
 278.01435  0.01202
 278.02399  0.01272
 278.03364  0.01514
 278.04329  0.01226
 278.05293  0.01457
 278.06256  0.01539
 278.07220  0.01787
 278.08184  0.01287
 278.09150  0.01489
 278.10114  0.01479
 278.11075  0.01557
 278.12041  0.01251
 278.13005  0.01958
 278.13970  0.01595
 278.14932  0.01475
 278.15896  0.01882
 278.16861  0.01538
 278.17826  0.01698
 278.18787  0.01461
 278.19752  0.01382
 278.20717  0.01646
 278.21681  0.01780
 278.22643  0.01804
 278.23608  0.01751
 278.24572  0.01972
 278.25534  0.01853
 278.26499  0.01744
 278.27463  0.01799
 278.28425  0.01791
 278.29390  0.01913
 278.30354  0.01982
 278.31319  0.02188
 278.32281  0.01998
 278.33245  0.01786
 278.34208  0.02058
 278.35172  0.02373
 278.36136  0.02413
 278.37099  0.02151
 278.38063  0.02029
 278.39027  0.02194
 278.39990  0.02530
 278.40954  0.02423
 278.41918  0.02518
 278.42881  0.02633
 278.43845  0.02213
 278.44806  0.02742
 278.45772  0.02421
 278.46736  0.02443
 278.47697  0.02763
 278.48663  0.02729
 278.49624  0.02931
 278.50588  0.02758
 278.51551  0.03013
 278.52515  0.02948
 278.53479  0.03089
 278.54442  0.02884
 278.55406  0.02903
 278.56367  0.03108
 278.57333  0.03444
 278.58294  0.03152
 278.59258  0.03172
 278.60221  0.03115
 278.61185  0.03637
 278.62146  0.03511
 278.63112  0.03472
 278.64073  0.03965
 278.65038  0.03613
 278.66000  0.04096
 278.66964  0.03866
 278.67926  0.04030
 278.68891  0.04050
 278.69852  0.04094
 278.70817  0.03928
 278.71779  0.04479
 278.72740  0.04662
 278.73705  0.04417
 278.74667  0.04718
 278.75631  0.04392
 278.76593  0.05111
 278.77558  0.04974
 278.78519  0.05180
 278.79481  0.05173
 278.80446  0.05240
 278.81407  0.05360
 278.82372  0.05348
 278.83333  0.05518
 278.84295  0.06029
 278.85260  0.05825
 278.86221  0.06744
 278.87183  0.06490
 278.88148  0.06465
 278.89109  0.06488
 278.90074  0.06324
 278.91036  0.06816
 278.91997  0.07262
 278.92963  0.07216
 278.93924  0.08037
 278.94885  0.08157
 278.95851  0.07837
 278.96812  0.08171
 278.97773  0.08069
 278.98736  0.08469
 278.99700  0.09211
 279.00661  0.09541
 279.01624  0.10057
 279.02588  0.10324
 279.03549  0.10508
 279.04512  0.10624
 279.05473  0.11249
 279.06437  0.11407
 279.07399  0.12152
 279.08361  0.13016
 279.09322  0.13044
 279.10287  0.13973
 279.11249  0.14109
 279.12210  0.14275
 279.13172  0.14940
 279.14137  0.15539
 279.15098  0.16846
 279.16060  0.17909
 279.17022  0.18631
 279.17983  0.19072
 279.18948  0.18887
 279.19910  0.19980
 279.20872  0.21109
 279.21833  0.22722
 279.22795  0.24358
 279.23757  0.25343
 279.24721  0.25893
 279.25682  0.26656
 279.26645  0.28072
 279.27606  0.29046
 279.28567  0.30550
 279.29530  0.32316
 279.30491  0.35167
 279.31455  0.35611
 279.32418  0.36465
 279.33379  0.37633
 279.34340  0.38678
 279.35303  0.41167
 279.36264  0.44100
 279.37225  0.47285
 279.38187  0.50601
 279.39149  0.51774
 279.40110  0.52418
 279.41075  0.54108
 279.42037  0.57559
 279.42998  0.61226
 279.43960  0.65762
 279.44922  0.70380
 279.45884  0.73707
 279.46845  0.75553
 279.47807  0.77029
 279.48769  0.80555
 279.49730  0.84997
 279.50691  0.92165
 279.51654  1.00441
 279.52615  1.07169
 279.53576  1.11131
 279.54539  1.12900
 279.55500  1.17188
 279.56461  1.23066
 279.57424  1.33734
 279.58385  1.48414
 279.59346  1.60897
 279.60309  1.71086
 279.61270  1.77349
 279.62231  1.82010
 279.63193  1.92170
 279.64155  2.07481
 279.65113  2.30905
 279.66075  2.59934
 279.67037  2.83804
 279.67998  2.98960
 279.68960  3.10383
 279.69921  3.24400
 279.70883  3.52487
 279.71845  3.92756
 279.72806  4.46518
 279.73769  5.00420
 279.74730  5.41245
 279.75688  5.68826
 279.76651  6.00434
 279.77612  6.47533
 279.78573  7.14868
 279.79535  8.15664
 279.80497  9.19187
 279.81458  10.09084
 279.82417  10.75991
 279.83379  11.24198
 279.84340  12.02240
 279.85302  13.02805
 279.86264  14.44124
 279.87225  15.87228
 279.88184  17.01669
 279.89145  17.78156
 279.90107  18.42654
 279.91069  19.06946
 279.92027  19.86316
 279.92989  20.78501
 279.93951  21.56790
 279.94912  22.08773
 279.95873  22.37784
 279.96833  22.67174
 279.97794  22.87943
 279.98756  23.08182
 279.99718  23.08703
 280.00676  23.01624
 280.01638  22.72672
 280.02600  22.48463
 280.03558  22.45904
 280.04520  22.57417
 280.05481  22.64991
 280.06443  22.43073
 280.07402  21.85782
 280.08363  21.07379
 280.09325  20.51549
 280.10284  20.30851
 280.11245  20.37067
 280.12206  20.48705
 280.13166  20.25151
 280.14127  19.54264
 280.15088  18.54848
 280.16048  17.58621
 280.17009  16.98955
 280.17970  16.66430
 280.18929  16.61242
 280.19891  16.33798
 280.20852  15.65573
 280.21811  14.48630
 280.22773  13.30158
 280.23732  12.26460
 280.24693  11.55360
 280.25654  11.20104
 280.26614  10.95094
 280.27575  10.40184
 280.28533  9.58810
 280.29495  8.50946
 280.30454  7.58867
 280.31415  6.89129
 280.32377  6.44585
 280.33336  6.27088
 280.34297  6.00999
 280.35256  5.58869
 280.36217  4.98962
 280.37176  4.37015
 280.38138  3.90239
 280.39096  3.55987
 280.40058  3.39936
 280.41017  3.30663
 280.41978  3.14759
 280.42936  2.88724
 280.43899  2.52333
 280.44857  2.23735
 280.45818  2.01049
 280.46777  1.88905
 280.47739  1.84559
 280.48698  1.80654
 280.49659  1.70217
 280.50618  1.53083
 280.51580  1.36093
 280.52538  1.23216
 280.53496  1.12464
 280.54459  1.08195
 280.55417  1.06974
 280.56378  1.03725
 280.57338  0.97305
 280.58299  0.86963
 280.59257  0.77852
 280.60216  0.71703
 280.61178  0.67452
 280.62136  0.65877
 280.63098  0.65529
 280.64056  0.64589
 280.65015  0.59391
 280.65977  0.53398
 280.66935  0.48541
 280.67894  0.44900
 280.68856  0.43391
 280.69814  0.43145
 280.70772  0.42967
 280.71735  0.41909
 280.72693  0.37842
 280.73652  0.34775
 280.74613  0.31920
 280.75572  0.29912
 280.76531  0.29205
 280.77492  0.29450
 280.78450  0.29538
 280.79410  0.28052
 280.80371  0.25959
 280.81329  0.23609
 280.82289  0.22192
 280.83247  0.21003
 280.84208  0.20687
 280.85167  0.20970
 280.86126  0.20587
 280.87084  0.19508
 280.88046  0.17965
 280.89004  0.16363
 280.89963  0.15795
 280.90922  0.15413
 280.91883  0.15721
 280.92841  0.15499
 280.93801  0.15298
 280.94759  0.14529
 280.95718  0.13453
 280.96680  0.12217
 280.97638  0.11612
 280.98597  0.11361
 280.99555  0.11558
 281.00514  0.12007
 281.01476  0.11708
 281.02434  0.10750
 281.03392  0.09833
 281.04352  0.09574
 281.05310  0.08683
 281.06268  0.09228
 281.07227  0.09274
 281.08189  0.09316
 281.09147  0.08919
 281.10106  0.08552
 281.11064  0.07686
 281.12023  0.07408
 281.12982  0.07376
 281.13940  0.07071
 281.14898  0.07356
 281.15858  0.07586
 281.16816  0.07407
 281.17777  0.06798
 281.18736  0.06386
 281.19695  0.05839
 281.20654  0.05642
 281.21612  0.05920
 281.22570  0.06032
 281.23530  0.05791
 281.24488  0.05662
 281.25446  0.05095
 281.26405  0.04936
 281.27364  0.04825
 281.28322  0.04772
 281.29281  0.04964
 281.30240  0.05201
 281.31198  0.04895
 281.32157  0.04482
 281.33115  0.04861
 281.34074  0.04741
 281.35033  0.04198
 281.35991  0.04190
 281.36949  0.04218
 281.37909  0.04362
 281.38867  0.03971
 281.39825  0.04057
 281.40784  0.03391
 281.41743  0.03502
 281.42702  0.03477
 281.43657  0.03545
 281.44615  0.03683
 281.45574  0.03727
 281.46533  0.03624
 281.47491  0.03117
 281.48450  0.03055
 281.49408  0.03012
 281.50367  0.02784
 281.51326  0.03228
 281.52284  0.03406
 281.53239  0.03135
 281.54199  0.03221
 281.55157  0.02964
 281.56115  0.02696
 281.57074  0.02624
 281.58033  0.02677
 281.58991  0.02846
 281.59947  0.02660
 281.60905  0.02768
 281.61864  0.02486
 281.62823  0.02552
 281.63781  0.02373
 281.64737  0.02571
 281.65696  0.02336
 281.66654  0.02286
 281.67613  0.02589
 281.68571  0.02635
 281.69527  0.02143
 281.70486  0.02281
 281.71444  0.02013
 281.72402  0.02009
 281.73359  0.01962
 281.74317  0.02073
 281.75275  0.02108
 281.76234  0.01967
 281.77189  0.02087
 281.78148  0.01801
 281.79107  0.02021
 281.80065  0.01732
 281.81020  0.02027
 281.81980  0.01686
 281.82938  0.01724
 281.83893  0.01456
 281.84852  0.01798
 281.85811  0.01931
 281.86767  0.01581
 281.87725  0.01515
 281.88683  0.01673
 281.89640  0.01765
 281.90598  0.01746
 281.91556  0.01714
 281.92512  0.01638
 281.93471  0.01166
 281.94429  0.01148
 281.95385  0.01332
 281.96343  0.01446
 281.97301  0.01391
 281.98258  0.01464
 281.99216  0.01608
 282.00171  0.01321
 282.01130  0.01406
 282.02089  0.01144
 282.03044  0.01348
 282.04003  0.01226
 282.04958  0.01253
 282.05917  0.01475
 282.06873  0.01270
 282.07831  0.01520
 282.08790  0.01031
 282.09745  0.01531
 282.10704  0.01537
 282.11660  0.01452
 282.12618  0.01332
 282.13573  0.01114
 282.14533  0.00992
 282.15488  0.01388
 282.16446  0.01460
 282.17402  0.01314
 282.18360  0.01012
 282.19316  0.00938
 282.20275  0.01192
 282.21230  0.01215
 282.22188  0.01237
 282.23145  0.01052
 282.24103  0.01039
 282.25058  0.01114
 282.26017  0.01077
 282.26973  0.01175
 282.27928  0.00992
 282.28887  0.00988
 282.29842  0.00991
 282.30801  0.00967
 282.31757  0.01178
 282.32715  0.00983
 282.33671  0.00813
 282.34626  0.00920
 282.35585  0.00839
 282.36541  0.00993
 282.37499  0.00882
 282.38454  0.00730
 282.39410  0.00976
 282.40369  0.00850
 282.41324  0.01026
 282.42280  0.00667
 282.43238  0.01318
 282.44193  0.00787
 282.45150  0.00999
 282.46108  0.01002
 282.47063  0.00920
 282.48019  0.01134
 282.48978  0.00626
 282.49933  0.01054
 282.50889  0.00533
 282.51847  0.00726
 282.52803  0.00936
 282.53759  0.00647
 282.54717  0.00754
 282.55673  0.00732
 282.56628  0.00914
 282.57583  0.00995
 282.58543  0.00714
 282.59498  0.00731
 282.60453  0.00956
 282.61409  0.00942
 282.62368  0.00844
 282.63323  0.00994
 282.64279  0.00811
 282.65234  0.00734
 282.66192  0.00911
 282.67149  0.01051
 282.68104  0.00590
 282.69059  0.00853
 282.70015  0.00879
 282.70973  0.00687
 282.71929  0.00651
 282.72885  0.00842
 282.73840  0.00655
 282.74796  0.00992
 282.75751  0.00895
 282.76710  0.00593
 282.77666  0.00477
 282.78621  0.00645
 282.79576  0.00569
 282.80533  0.00587
 282.81488  0.00443
 282.82443  0.00552
 282.83399  0.00995
 282.84357  0.00440
 282.85313  0.00476
 282.86269  0.00661
 282.87224  0.00698
 282.88179  0.00683
 282.89135  0.00388
 282.90091  0.00534
 282.91046  0.00610
 282.92002  0.00707
 282.92957  0.00842
 282.93913  0.00671
 282.94869  0.00280
 282.95827  0.00875
 282.96783  0.00905
 282.97738  0.00518
 282.98693  0.00387
 282.99650  0.00751
 283.00605  0.00656
 283.01560  0.00548
 283.02516  0.00421
 283.03471  0.00603
 283.04427  0.00512
 283.05383  0.00603
 283.06338  0.00532
 283.07293  0.00571
 283.08249  0.00622
 283.09205  0.00811
 283.10160  0.00756
 283.11113  0.00517
 283.12068  0.00752
 283.13023  0.00461
 283.13980  0.00371
 283.14935  0.00469
 283.15891  0.00430
 283.16846  0.00337
 283.17801  0.00714
 283.18758  0.00618
 283.19713  0.00695
 283.20668  0.00621
 283.21624  0.00640
 283.22579  0.00646
 283.23532  0.00547
 283.24488  0.00727
 283.25443  0.00542
 283.26398  0.00614
 283.27354  0.00450
 283.28310  0.00487
 283.29265  0.00620
 283.30218  0.00599
 283.31173  0.00786
 283.32128  0.00596
 283.33085  0.00407
 283.34040  0.00242
 283.34996  0.00665
 283.35948  0.00459
 283.36903  0.00680
 283.37859  0.00536
 283.38815  0.00461
 283.39770  0.00480
 283.40723  0.00669
 283.41678  0.00352
 283.42633  0.00317
 283.43590  0.00480
 283.44542  0.00352
 283.45497  0.00740
 283.46453  0.00482
 283.47408  0.00280
 283.48360  0.00558
 283.49317  0.00670
 283.50272  0.00410
 283.51227  0.00520
 283.52180  0.00465
 283.53135  0.00056
 283.54092  0.00443
 283.55044  0.00349
 283.55999  0.00313
 283.56955  0.00442
 283.57907  0.00478
 283.58863  0.00480
 283.59819  0.00614
 283.60771  0.00724
 283.61726  0.00316
 283.62682  0.00460
 283.63634  0.00315
 283.64590  0.00539
 283.65546  0.00632
 283.66498  0.00665
 283.67453  0.00514
 283.68409  0.00202
 283.69362  0.00513
 283.70317  0.00624
 283.71270  0.00129
 283.72225  0.00222
 283.73180  0.00317
 283.74133  0.00465
 283.75089  0.00315
 283.76042  0.00276
 283.76997  0.00538
 283.77949  0.00313
 283.78905  0.00371
 283.79861  0.00316
 283.80813  0.00353
 283.81769  0.00838
 283.82721  0.00241
 283.83676  0.00571
 283.84629  0.00367
 283.85585  0.00367
 283.86537  0.00749
 283.87493  0.00719
 283.88445  0.00220
 283.89400  0.00330
 283.90353  0.00620
 283.91309  0.00510
 283.92261  0.00273
 283.93217  0.00529
 283.94169  0.00350
 283.95125  0.00478
 283.96077  0.00422
 283.97030  0.00567
 283.97986  0.00585
 283.98938  0.00528
 283.99893  0.00357
 284.00846  0.00466
 284.01802  0.00516
 284.02754  0.00270
 284.03707  0.00414
 284.04662  0.00342
 284.05614  0.00144
 284.06570  0.00179
 284.07523  0.00604
 284.08475  0.00445
 284.09431  0.00517
 284.10383  0.00790
 284.11335  0.00306
 284.12291  0.00376
 284.13244  0.00269
 284.14200  0.00304
 284.15152  0.00408
 284.16104  0.00390
 284.17060  0.00125
 284.18012  0.00411
 284.18965  0.00720
 284.19918  0.00469
 284.20873  0.00018
 284.21825  0.00468
 284.22778  0.00698
 284.23733  0.00270
 284.24685  0.00305
 284.25639  0.00399
 284.26594  0.00288
 284.27546  0.00036
 284.28499  0.00251
 284.29451  0.00196
 284.30406  0.00642
 284.31360  0.00301
 284.32312  0.00322
 284.33265  0.00533
 284.34217  0.00484
 284.35172  0.00216
 284.36125  0.00126
 284.37078  0.00325
 284.38030  0.00218
 284.38986  0.00308
 284.39938  0.00326
 284.40890  0.00127
 284.41843  0.00215
 284.42796  0.00270
 284.43748  0.00181
 284.44704  0.00414
 284.45656  0.00648
 284.46608  0.00433
 284.47561  0.00178
 284.48513  0.00481
 284.49466  0.00264
 284.50419  0.00263
 284.51374  0.00388
 284.52327  0.00053
 284.53279  0.00491
 284.54231  0.00088
 284.55185  0.00194
 284.56137  0.00282
 284.57089  0.00000
 284.58042  0.00336
 284.58994  0.00405
 284.59946  0.00606
 284.60902  0.00409
 284.61855  0.00338
 284.62807  0.00572
 284.63760  0.00230
 284.64712  0.00229
 284.65664  0.00368
 284.66617  0.00475
 284.67570  0.00229
 284.68522  0.00106
 284.69475  0.00563
 284.70427  0.00382
 284.71380  0.00366
 284.72332  0.00363
 284.73284  0.00362
 284.74238  0.00553
 284.75190  0.00415
 284.76142  0.00521
 284.77095  0.00363
 284.78047  0.00418
 284.78999  0.00156
 284.79952  0.00244
 284.80905  0.00363
 284.81857  0.00296
 284.82807  0.00541
 284.83759  0.00174
 284.84711  0.00489
 284.85664  0.00417
 284.86616 -0.00070
 284.87569  0.00316
 284.88522  0.00228
 284.89474  0.00123
 284.90427  0.00458
 284.91379  0.00543
 284.92328  0.00368
 284.93281  0.00401
 284.94234  0.00243
 284.95186  0.00520
 284.96139  0.00432
 284.97091  0.00260
 284.98043  0.00227
 284.98993  0.00329
 284.99945  0.00437
 285.00898  0.00399
 285.01851  0.00000
 285.02803  0.00192
 285.03755  0.00175
 285.04705  0.00228
 285.05657  0.00194
 285.06610  0.00421
 285.07563  0.00352
 285.08515  0.00548
 285.09465  0.00581
 285.10417  0.00177
 285.11369  0.00373
 285.12322  0.00518
 285.13271  0.00178
 285.14224  0.00474
 285.15177  0.00000
 285.16129  0.00246
 285.17078  0.00459
 285.18031  0.00300
 285.18983  0.00298
 285.19932  0.00391
 285.20885 -0.00018
 285.21838  0.00230
 285.22790  0.00141
 285.23740  0.00320
 285.24692  0.00445
 285.25645  0.00448
 285.26594  0.00178
 285.27546  0.00394
 285.28500  0.00409
 285.29449  0.00211
 285.30401  0.00263
 285.31354  0.00176
 285.32303  0.00264
 285.33255  0.00213
 285.34205  0.00529
 285.35157  0.00371
 285.36110  0.00368
 285.37060  0.00368
 285.38012  0.00174
 285.38961  0.00437
 285.39914  0.00244
 285.40866  0.00211
 285.41815  0.00593
 285.42768  0.00157
 285.43718  0.00278
 285.44671  0.00140
 285.45620  0.00279
 285.46572 -0.00088
 285.47525  0.00176
 285.48474  0.00296
 285.49426  0.00262
 285.50376  0.00176
 285.51329  0.00229
 285.52278  0.00035
 285.53231  0.00461
 285.54180  0.00547
 285.55132  0.00351
 285.56082  0.00351
 285.57034  0.00436
 285.57983  0.00122
 285.58937  0.00191
 285.59886  0.00140
 285.60839  0.00296
 285.61788  0.00420
 285.62737  0.00087
 285.63690  0.00121
 285.64639  0.00207
 285.65591  0.00243
 285.66541  0.00226
 285.67494  0.00156
 285.68443  0.00052
 285.69393  0.00174
 285.70345  0.00035
 285.71294  0.00332
 285.72247 -0.00105
 285.73196  0.00384
 285.74145  0.00071
 285.75099  0.00194
 285.76048  0.00141
 285.77000  0.00142
 285.77950  0.00088
 285.78899  0.00125
 285.79852  0.00564
 285.80801  0.00284
 285.81750  0.00337
 285.82703  0.00247
 285.83653  0.00281
 285.84602  0.00228
 285.85555  0.00422
 285.86504 -0.00018
 285.87453  0.00141
 285.88403  0.00513
 285.89355 -0.00071
 285.90304  0.00159
 285.91254  0.00510
 285.92207 -0.00070
 285.93156  0.00088
 285.94106  0.00210
 285.95055  0.00226
 285.96007  0.00591
 285.96957  0.00139
 285.97906  0.00418
 285.98856  0.00174
 285.99808  0.00280
 286.00758  0.00017
 286.01708  0.00139
 286.02657  0.00052
 286.03606  0.00278
 286.04559  0.00207
 286.05508  0.00332
 286.06457  0.00087
 286.07407  0.00139
 286.08356  0.00261
 286.09305  0.00468
 286.10259  0.00242
 286.11208  0.00000
 286.12157  0.00295
 286.13107  0.00209
 286.14056  0.00535
 286.15006  0.00415
 286.15955  0.00191
 286.16907  0.00104
 286.17857  0.00191
 286.18807  0.00070
 286.19756  0.00052
 286.20706  0.00122
 286.21655  0.00262
 286.22604  0.00105
 286.23554  0.00315
 286.24503  0.00280
 286.25452  0.00228
 286.26402 -0.00192
 286.27351  0.00332
 286.28304  0.00226
 286.29254  0.00353
 286.30203  0.00283
 286.31153  0.00266
 286.32102  0.00000
 286.33051  0.00283
 286.34001  0.00230
 286.34950  0.00391
 286.35899  0.00106
 286.36849 -0.00071
 286.37799  0.00177
 286.38748  0.00337
 286.39698 -0.00036
 286.40647  0.00248
 286.41596  0.00495
 286.42546  0.00443
 286.43495 -0.00087
 286.44441  0.00386
 286.45391  0.00351
 286.46340  0.00209
 286.47289  0.00649
 286.48240  0.00227
 286.49189  0.00278
 286.50139  0.00366
 286.51088  0.00262
 286.52037  0.00122
 286.52987  0.00281
 286.53936  0.00158
 286.54885  0.00298
 286.55832 -0.00053
 286.56781  0.00070
 286.57730  0.00157
 286.58681 -0.00087
 286.59630 -0.00069
 286.60579 -0.00017
 286.61529  0.00471
 286.62475  0.00329
 286.63424  0.00190
 286.64374  0.00190
 286.65323  0.00428
 286.66273 -0.00017
 286.67222  0.00170
 286.68168  0.00342
 286.69119  0.00341
 286.70068  0.00257
 286.71017  0.00343
 286.71964  0.00223
 286.72913  0.00223
 286.73862 -0.00051
 286.74812  0.00120
 286.75761  0.00309
 286.76707  0.00017
 286.77657  0.00224
 286.78606  0.00069
 286.79555  0.00259
 286.80503  0.00325
 286.81452  0.00363
 286.82402  0.00190
 286.83348  0.00225
 286.84297  0.00121
 286.85247  0.00104
 286.86193  0.00366
 286.87142  0.00052
 286.88092  0.00225
 286.89041  0.00121
 286.89987  0.00363
 286.90937  0.00086
 286.91887  0.00242
 286.92833  0.00017
 286.93783  0.00069
 286.94729 -0.00017
 286.95678  0.00017
 286.96628  0.00190
 286.97574  0.00244
 286.98524  0.00139
 286.99473  0.00191
 287.00419  0.00312
 287.01369  0.00261
 287.02315  0.00399
 287.03264  0.00174
 287.04215  0.00277
 287.05161  0.00174
 287.06110  0.00433
 287.07057  0.00189
 287.08006  0.00190
 287.08952  0.00000
 287.09902 -0.00136
 287.10848  0.00085
 287.11797  0.00222
 287.12744  0.00153
 287.13693  0.00374
 287.14639  0.00171
 287.15589  0.00172
 287.16538  0.00069
 287.17486  0.00256
 287.18432  0.00120
 287.19381  0.00275
 287.20328  0.00120
 287.21277  0.00171
 287.22223  0.00377
 287.23173  0.00340
 287.24119  0.00272
 287.25068 -0.00017
 287.26015  0.00017
 287.26964  0.00307
 287.27910 -0.00118
 287.28860  0.00067
 287.29806  0.00301
 287.30752  0.00050
 287.31703  0.00083
 287.32649  0.00298
 287.33599 -0.00017
 287.34545  0.00117
 287.35491  0.00317
 287.36441  0.00301
 287.37387  0.00167
 287.38333  0.00034
 287.39283  0.00185
 287.40229  0.00233
 287.41178  0.00117
 287.42125  0.00100
 287.43071  0.00201
 287.44020  0.00117
 287.44967  0.00252
 287.45914  0.00051
 287.46860  0.00017
 287.47810  0.00186
 287.48756 -0.00221
 287.49703  0.00340
 287.50652  0.00423
 287.51598  0.00236
 287.52545  0.00354
 287.53494 -0.00186
 287.54440  0.00219
 287.55387  0.00168
 287.56333  0.00220
 287.57282  0.00133
 287.58229  0.00186
 287.59175 -0.00017
 287.60121  0.00118
 287.61068  0.00218
 287.62018  0.00287
 287.62964  0.00102
 287.63911  0.00338
 287.64857  0.00389
 287.65807  0.00119
 287.66753  0.00304
 287.67699 -0.00068
 287.68646  0.00375
 287.69592  0.00017
 287.70538 -0.00051
 287.71488  0.00034
 287.72434 -0.00085
 287.73380  0.00171
 287.74327  0.00376
 287.75273  0.00137
 287.76219  0.00290
 287.77166  0.00085
 287.78115  0.00034
 287.79061  0.00257
 287.80009  0.00170
 287.80955  0.00120
 287.81902 -0.00034
 287.82848  0.00239
 287.83794 -0.00052
 287.84741  0.00190
 287.85687  0.00309
 287.86633  0.00205
 287.87580  0.00153
 287.88526  0.00119
 287.89472  0.00185
 287.90422  0.00185
 287.91368  0.00051
 287.92314  0.00084
 287.93261  0.00000
 287.94207  0.00186
 287.95153  0.00134
 287.96100 -0.00050
 287.97046 -0.00067
 287.97993 -0.00083
 287.98939  0.00451
 287.99886  0.00233
 288.00833  0.00033
 288.01779 -0.00167
 288.02722  0.00100
 288.03669  0.00432
 288.04615  0.00201
 288.05561  0.00033
 288.06508  0.00286
 288.07454  0.00000
 288.08400  0.00116
 288.09347 -0.00084
 288.10293  0.00117
 288.11239  0.00134
 288.12186  0.00369
 288.13132  0.00017
 288.14079  0.00199
 288.15022  0.00100
 288.15968  0.00000
 288.16915 -0.00033
 288.17861  0.00216
 288.18807  0.00480
 288.19754  0.00364
 288.20700  0.00299
 288.21646  0.00050
 288.22590  0.00116
 288.23536  0.00132
 288.24483  0.00116
 288.25430  0.00150
 288.26376  0.00218
 288.27319  0.00117
 288.28266  0.00150
 288.29212  0.00134
 288.30159 -0.00050
 288.31105  0.00201
 288.32048  0.00118
 288.32995 -0.00034
 288.33941 -0.00203
 288.34887  0.00101
 288.35831  0.00406
 288.36777 -0.00050
 288.37723  0.00084
 288.38670  0.00472
 288.39613  0.00253
 288.40559  0.00287
 288.41506  0.00050
 288.42452  0.00337
 288.43396  0.00084
 288.44342  0.00203
 288.45288  0.00000
 288.46232  0.00269
 288.47178  0.00135
 288.48124  0.00135
 288.49068  0.00202
 288.50014  0.00119
 288.50960 -0.00068
 288.51904  0.00237
 288.52850  0.00117
 288.53797  0.00067
 288.54741  0.00084
 288.55687  0.00336
 288.56630 -0.00101
 288.57577  0.00203
 288.58523  0.00319
 288.59467  0.00101
 288.60413  0.00437
 288.61359  0.00084
 288.62303 -0.00034
 288.63249 -0.00017
 288.64192  0.00102
 288.65139  0.00624
 288.66082  0.00405
 288.67028  0.00287
 288.67972 -0.00017
 288.68918  0.00101
 288.69864  0.00423
 288.70808  0.00118
 288.71754 -0.00136
 288.72697 -0.00017
 288.73644 -0.00109
