# wl 	 %tx
 269.08987  0.00086
 269.09964  0.00085
 269.10944  0.00096
 269.11920  0.00083
 269.12898  0.00083
 269.13877  0.00084
 269.14854  0.00086
 269.15832  0.00088
 269.16811  0.00083
 269.17788  0.00085
 269.18765  0.00084
 269.19745  0.00087
 269.20722  0.00087
 269.21699  0.00084
 269.22679  0.00103
 269.23655  0.00084
 269.24633  0.00085
 269.25612  0.00086
 269.26589  0.00083
 269.27567  0.00085
 269.28543  0.00080
 269.29523  0.00075
 269.30500  0.00086
 269.31477  0.00089
 269.32456  0.00088
 269.33434  0.00087
 269.34411  0.00087
 269.35387  0.00086
 269.36368  0.00088
 269.37344  0.00087
 269.38321  0.00089
 269.39298  0.00087
 269.40275  0.00091
 269.41255  0.00089
 269.42232  0.00090
 269.43209  0.00094
 269.44185  0.00088
 269.45166  0.00091
 269.46143  0.00091
 269.47119  0.00091
 269.48097  0.00090
 269.49073  0.00091
 269.50053  0.00090
 269.51030  0.00092
 269.52007  0.00087
 269.52984  0.00087
 269.53961  0.00087
 269.54938  0.00087
 269.55917  0.00090
 269.56895  0.00089
 269.57871  0.00087
 269.58848  0.00088
 269.59826  0.00086
 269.60802  0.00089
 269.61779  0.00089
 269.62756  0.00089
 269.63736  0.00086
 269.64712  0.00088
 269.65690  0.00086
 269.66666  0.00087
 269.67643  0.00088
 269.68621  0.00089
 269.69597  0.00087
 269.70574  0.00089
 269.71551  0.00088
 269.72528  0.00091
 269.73507  0.00096
 269.74485  0.00091
 269.75462  0.00093
 269.76438  0.00091
 269.77416  0.00090
 269.78392  0.00090
 269.79369  0.00091
 269.80346  0.00090
 269.81323  0.00092
 269.82300  0.00091
 269.83277  0.00088
 269.84254  0.00091
 269.85230  0.00089
 269.86208  0.00091
 269.87184  0.00076
 269.88161  0.00093
 269.89138  0.00092
 269.90115  0.00094
 269.91092  0.00093
 269.92069  0.00094
 269.93046  0.00093
 269.94022  0.00093
 269.95000  0.00095
 269.95976  0.00089
 269.96953  0.00093
 269.97931  0.00092
 269.98907  0.00095
 269.99884  0.00093
 270.00861  0.00088
 270.01838  0.00092
 270.02814  0.00094
 270.03789  0.00094
 270.04765  0.00092
 270.05742  0.00093
 270.06720  0.00094
 270.07696  0.00093
 270.08673  0.00091
 270.09650  0.00092
 270.10627  0.00093
 270.11603  0.00093
 270.12581  0.00092
 270.13554  0.00094
 270.14531  0.00093
 270.15509  0.00094
 270.16485  0.00092
 270.17462  0.00092
 270.18439  0.00097
 270.19416  0.00098
 270.20389  0.00095
 270.21367  0.00096
 270.22343  0.00093
 270.23320  0.00094
 270.24298  0.00094
 270.25274  0.00092
 270.26248  0.00094
 270.27225  0.00092
 270.28202  0.00092
 270.29178  0.00093
 270.30156  0.00093
 270.31132  0.00093
 270.32106  0.00094
 270.33084  0.00090
 270.34060  0.00089
 270.35037  0.00092
 270.36011  0.00093
 270.36988  0.00092
 270.37964  0.00095
 270.38942  0.00095
 270.39915  0.00093
 270.40892  0.00094
 270.41869  0.00094
 270.42846  0.00095
 270.43820  0.00096
 270.44797  0.00096
 270.45774  0.00093
 270.46750  0.00094
 270.47725  0.00093
 270.48701  0.00094
 270.49678  0.00096
 270.50652  0.00094
 270.51629  0.00092
 270.52606  0.00090
 270.53583  0.00096
 270.54557  0.00097
 270.55533  0.00091
 270.56511  0.00095
 270.57484  0.00097
 270.58461  0.00096
 270.59438  0.00095
 270.60412  0.00096
 270.61388  0.00095
 270.62366  0.00093
 270.63340  0.00096
 270.64317  0.00096
 270.65291  0.00096
 270.66267  0.00096
 270.67245  0.00101
 270.68218  0.00099
 270.69195  0.00095
 270.70172  0.00097
 270.71146  0.00096
 270.72122  0.00097
 270.73097  0.00097
 270.74073  0.00096
 270.75050  0.00098
 270.76025  0.00096
 270.77001  0.00097
 270.77975  0.00096
 270.78952  0.00098
 270.79926  0.00100
 270.80902  0.00104
 270.81877  0.00097
 270.82853  0.00095
 270.83830  0.00099
 270.84804  0.00097
 270.85781  0.00096
 270.86754  0.00095
 270.87732  0.00089
 270.88706  0.00096
 270.89682  0.00093
 270.90657  0.00096
 270.91633  0.00101
 270.92607  0.00095
 270.93584  0.00096
 270.94558  0.00096
 270.95534  0.00096
 270.96509  0.00098
 270.97485  0.00097
 270.98459  0.00096
 270.99436  0.00096
 271.00410  0.00097
 271.01387  0.00097
 271.02361  0.00094
 271.03335  0.00096
 271.04311  0.00098
 271.05286  0.00099
 271.06262  0.00098
 271.07236  0.00098
 271.08213  0.00097
 271.09187  0.00097
 271.10160  0.00099
 271.11138  0.00098
 271.12111  0.00100
 271.13088  0.00096
 271.14062  0.00089
 271.15036  0.00085
 271.16013  0.00057
 271.16987  0.00094
 271.17964  0.00093
 271.18937  0.00100
 271.19912  0.00099
 271.20888  0.00102
 271.21862  0.00101
 271.22836  0.00099
 271.23813  0.00098
 271.24786  0.00098
 271.25761  0.00097
 271.26737  0.00100
 271.27711  0.00103
 271.28685  0.00111
 271.29662  0.00099
 271.30635  0.00104
 271.31610  0.00103
 271.32587  0.00104
 271.33560  0.00102
 271.34535  0.00085
 271.35511  0.00101
 271.36485  0.00102
 271.37459  0.00103
 271.38433  0.00105
 271.39409  0.00105
 271.40384  0.00103
 271.41357  0.00100
 271.42334  0.00105
 271.43308  0.00103
 271.44282  0.00104
 271.45255  0.00104
 271.46230  0.00103
 271.47206  0.00104
 271.48180  0.00105
 271.49154  0.00104
 271.50128  0.00103
 271.51104  0.00103
 271.52079  0.00102
 271.53053  0.00102
 271.54026  0.00104
 271.55001  0.00100
 271.55977  0.00103
 271.56952  0.00107
 271.57925  0.00113
 271.58899  0.00111
 271.59873  0.00109
 271.60850  0.00104
 271.61823  0.00105
 271.62798  0.00106
 271.63771  0.00104
 271.64745  0.00103
 271.65719  0.00104
 271.66693  0.00106
 271.67669  0.00107
 271.68644  0.00103
 271.69617  0.00105
 271.70591  0.00107
 271.71565  0.00106
 271.72539  0.00105
 271.73512  0.00107
 271.74487  0.00108
 271.75460  0.00105
 271.76437  0.00107
 271.77411  0.00108
 271.78385  0.00107
 271.79359  0.00109
 271.80333  0.00108
 271.81307  0.00108
 271.82280  0.00106
 271.83255  0.00108
 271.84228  0.00107
 271.85202  0.00111
 271.86176  0.00106
 271.87150  0.00106
 271.88123  0.00108
 271.89098  0.00109
 271.90071  0.00109
 271.91045  0.00111
 271.92019  0.00108
 271.92993  0.00112
 271.93966  0.00110
 271.94941  0.00111
 271.95914  0.00113
 271.96888  0.00112
 271.97862  0.00115
 271.98836  0.00112
 271.99809  0.00114
 272.00784  0.00114
 272.01757  0.00114
 272.02731  0.00114
 272.03705  0.00111
 272.04679  0.00115
 272.05652  0.00114
 272.06627  0.00117
 272.07600  0.00117
 272.08574  0.00125
 272.09548  0.00124
 272.10522  0.00119
 272.11495  0.00117
 272.12470  0.00120
 272.13443  0.00116
 272.14414  0.00118
 272.15388  0.00116
 272.16362  0.00119
 272.17335  0.00117
 272.18310  0.00115
 272.19283  0.00119
 272.20257  0.00120
 272.21231  0.00117
 272.22202  0.00119
 272.23175  0.00121
 272.24150  0.00116
 272.25123  0.00121
 272.26097  0.00120
 272.27071  0.00119
 272.28045  0.00122
 272.29015  0.00117
 272.29990  0.00122
 272.30963  0.00118
 272.31938  0.00122
 272.32911  0.00121
 272.33882  0.00120
 272.34856  0.00120
 272.35830  0.00123
 272.36803  0.00122
 272.37778  0.00123
 272.38748  0.00124
 272.39722  0.00123
 272.40696  0.00122
 272.41670  0.00123
 272.42643  0.00123
 272.43615  0.00125
 272.44588  0.00124
 272.45562  0.00124
 272.46536  0.00127
 272.47507  0.00128
 272.48480  0.00129
 272.49455  0.00132
 272.50428  0.00135
 272.51399  0.00128
 272.52373  0.00128
 272.53347  0.00129
 272.54317  0.00127
 272.55292  0.00130
 272.56265  0.00102
 272.57236  0.00125
 272.58210  0.00130
 272.59184  0.00130
 272.60157  0.00132
 272.61129  0.00133
 272.62102  0.00125
 272.63076  0.00127
 272.64047  0.00146
 272.65021  0.00138
 272.65991  0.00137
 272.66966  0.00134
 272.67939  0.00137
 272.68910  0.00135
 272.69884  0.00138
 272.70858  0.00137
 272.71828  0.00140
 272.72803  0.00142
 272.73773  0.00141
 272.74747  0.00136
 272.75721  0.00138
 272.76692  0.00138
 272.77665  0.00142
 272.78637  0.00141
 272.79610  0.00142
 272.80584  0.00142
 272.81555  0.00138
 272.82529  0.00141
 272.83499  0.00138
 272.84474  0.00139
 272.85444  0.00141
 272.86418  0.00140
 272.87392  0.00142
 272.88363  0.00141
 272.89336  0.00142
 272.90308  0.00141
 272.91281  0.00143
 272.92252  0.00142
 272.93226  0.00142
 272.94196  0.00141
 272.95171  0.00145
 272.96141  0.00143
 272.97115  0.00144
 272.98086  0.00147
 272.99060  0.00148
 273.00030  0.00146
 273.01005  0.00146
 273.01975  0.00139
 273.02949  0.00143
 273.03920  0.00144
 273.04891  0.00146
 273.05864  0.00149
 273.06836  0.00148
 273.07809  0.00149
 273.08780  0.00150
 273.09754  0.00150
 273.10725  0.00150
 273.11695  0.00152
 273.12670  0.00151
 273.13640  0.00150
 273.14614  0.00148
 273.15585  0.00120
 273.16559  0.00166
 273.17529  0.00151
 273.18501  0.00146
 273.19474  0.00154
 273.20445  0.00156
 273.21416  0.00155
 273.22389  0.00159
 273.23360  0.00163
 273.24334  0.00167
 273.25305  0.00156
 273.26275  0.00158
 273.27250  0.00157
 273.28220  0.00156
 273.29191  0.00162
 273.30165  0.00156
 273.31136  0.00157
 273.32106  0.00159
 273.33078  0.00159
 273.34051  0.00156
 273.35022  0.00159
 273.35993  0.00161
 273.36967  0.00162
 273.37937  0.00162
 273.38909  0.00162
 273.39882  0.00161
 273.40853  0.00162
 273.41824  0.00162
 273.42794  0.00164
 273.43768  0.00162
 273.44739  0.00165
 273.45710  0.00167
 273.46680  0.00164
 273.47655  0.00164
 273.48625  0.00166
 273.49596  0.00165
 273.50567  0.00165
 273.51541  0.00166
 273.52512  0.00168
 273.53483  0.00169
 273.54453  0.00170
 273.55425  0.00168
 273.56398  0.00169
 273.57369  0.00168
 273.58340  0.00163
 273.59310  0.00134
 273.60281  0.00169
 273.61252  0.00169
 273.62226  0.00170
 273.63196  0.00174
 273.64168  0.00168
 273.65138  0.00175
 273.66109  0.00170
 273.67080  0.00172
 273.68051  0.00174
 273.69024  0.00177
 273.69996  0.00178
 273.70966  0.00175
 273.71937  0.00176
 273.72908  0.00177
 273.73878  0.00178
 273.74849  0.00178
 273.75820  0.00178
 273.76791  0.00179
 273.77764  0.00180
 273.78736  0.00181
 273.79706  0.00170
 273.80677  0.00177
 273.81648  0.00179
 273.82619  0.00183
 273.83589  0.00187
 273.84561  0.00182
 273.85531  0.00186
 273.86501  0.00186
 273.87473  0.00188
 273.88443  0.00189
 273.89414  0.00188
 273.90385  0.00188
 273.91356  0.00186
 273.92326  0.00187
 273.93298  0.00189
 273.94268  0.00191
 273.95239  0.00192
 273.96210  0.00197
 273.97180  0.00201
 273.98151  0.00200
 273.99122  0.00199
 274.00093  0.00200
 274.01063  0.00195
 274.02035  0.00203
 274.03005  0.00200
 274.03977  0.00197
 274.04947  0.00201
 274.05918  0.00213
 274.06889  0.00209
 274.07860  0.00199
 274.08830  0.00198
 274.09801  0.00200
 274.10772  0.00197
 274.11742  0.00201
 274.12711  0.00201
 274.13681  0.00199
 274.14652  0.00203
 274.15623  0.00201
 274.16594  0.00201
 274.17564  0.00201
 274.18536  0.00204
 274.19506  0.00204
 274.20476  0.00208
 274.21445  0.00207
 274.22415  0.00205
 274.23386  0.00206
 274.24357  0.00206
 274.25328  0.00205
 274.26298  0.00205
 274.27267  0.00209
 274.28237  0.00206
 274.29207  0.00214
 274.30179  0.00209
 274.31149  0.00213
 274.32120  0.00210
 274.33088  0.00214
 274.34059  0.00209
 274.35029  0.00212
 274.36001  0.00213
 274.36971  0.00213
 274.37939  0.00216
 274.38910  0.00214
 274.39880  0.00215
 274.40851  0.00215
 274.41819  0.00217
 274.42790  0.00217
 274.43760  0.00219
 274.44732  0.00213
 274.45699  0.00215
 274.46670  0.00219
 274.47641  0.00226
 274.48611  0.00227
 274.49580  0.00229
 274.50550  0.00231
 274.51521  0.00232
 274.52489  0.00233
 274.53460  0.00231
 274.54430  0.00227
 274.55399  0.00227
 274.56369  0.00230
 274.57339  0.00228
 274.58311  0.00227
 274.59278  0.00226
 274.60249  0.00218
 274.61220  0.00232
 274.62188  0.00237
 274.63158  0.00237
 274.64126  0.00237
 274.65097  0.00235
 274.66067  0.00233
 274.67036  0.00232
 274.68006  0.00227
 274.68977  0.00228
 274.69945  0.00233
 274.70916  0.00233
 274.71883  0.00235
 274.72854  0.00242
 274.73825  0.00246
 274.74792  0.00245
 274.75764  0.00248
 274.76731  0.00250
 274.77702  0.00250
 274.78673  0.00248
 274.79641  0.00249
 274.80611  0.00248
 274.81579  0.00249
 274.82550  0.00251
 274.83517  0.00253
 274.84489  0.00251
 274.85456  0.00253
 274.86427  0.00252
 274.87395  0.00254
 274.88365  0.00253
 274.89336  0.00255
 274.90304  0.00256
 274.91275  0.00261
 274.92242  0.00265
 274.93214  0.00259
 274.94181  0.00259
 274.95149  0.00256
 274.96120  0.00256
 274.97087  0.00260
 274.98059  0.00262
 274.99026  0.00262
 274.99997  0.00263
 275.00965  0.00264
 275.01936  0.00267
 275.02903  0.00269
 275.03874  0.00268
 275.04842  0.00270
 275.05812  0.00276
 275.06781  0.00270
 275.07748  0.00271
 275.08719  0.00270
 275.09687  0.00265
 275.10657  0.00271
 275.11625  0.00277
 275.12593  0.00274
 275.13564  0.00278
 275.14531  0.00273
 275.15503  0.00278
 275.16470  0.00274
 275.17437  0.00278
 275.18409  0.00279
 275.19376  0.00281
 275.20344  0.00280
 275.21315  0.00284
 275.22282  0.00281
 275.23250  0.00285
 275.24221  0.00288
 275.25189  0.00287
 275.26156  0.00288
 275.27128  0.00291
 275.28095  0.00291
 275.29062  0.00291
 275.30034  0.00290
 275.31001  0.00286
 275.31969  0.00273
 275.32940  0.00291
 275.33908  0.00295
 275.34876  0.00295
 275.35843  0.00300
 275.36814  0.00304
 275.37782  0.00302
 275.38750  0.00298
 275.39717  0.00300
 275.40689  0.00305
 275.41656  0.00306
 275.42623  0.00304
 275.43592  0.00309
 275.44562  0.00301
 275.45530  0.00305
 275.46498  0.00305
 275.47465  0.00306
 275.48433  0.00304
 275.49404  0.00306
 275.50372  0.00312
 275.51339  0.00310
 275.52308  0.00306
 275.53275  0.00308
 275.54245  0.00316
 275.55214  0.00311
 275.56181  0.00312
 275.57149  0.00315
 275.58117  0.00309
 275.59084  0.00312
 275.60055  0.00315
 275.61023  0.00318
 275.61991  0.00318
 275.62958  0.00322
 275.63926  0.00321
 275.64894  0.00320
 275.65861  0.00326
 275.66830  0.00325
 275.67800  0.00330
 275.68768  0.00330
 275.69736  0.00330
 275.70703  0.00328
 275.71671  0.00328
 275.72639  0.00327
 275.73607  0.00335
 275.74575  0.00331
 275.75542  0.00328
 275.76510  0.00333
 275.77478  0.00335
 275.78446  0.00334
 275.79413  0.00336
 275.80381  0.00344
 275.81352  0.00341
 275.82319  0.00342
 275.83288  0.00347
 275.84255  0.00349
 275.85223  0.00347
 275.86191  0.00343
 275.87158  0.00339
 275.88126  0.00342
 275.89094  0.00352
 275.90062  0.00352
 275.91029  0.00356
 275.91997  0.00355
 275.92965  0.00358
 275.93932  0.00362
 275.94901  0.00367
 275.95865  0.00365
 275.96832  0.00359
 275.97801  0.00355
 275.98768  0.00365
 275.99736  0.00364
 276.00704  0.00366
 276.01671  0.00368
 276.02639  0.00370
 276.03607  0.00375
 276.04575  0.00374
 276.05542  0.00373
 276.06510  0.00374
 276.07478  0.00372
 276.08442  0.00377
 276.09411  0.00376
 276.10378  0.00375
 276.11345  0.00376
 276.12314  0.00376
 276.13281  0.00378
 276.14250  0.00380
 276.15217  0.00381
 276.16181  0.00390
 276.17150  0.00391
 276.18117  0.00384
 276.19085  0.00388
 276.20053  0.00386
 276.21020  0.00389
 276.21985  0.00386
 276.22953  0.00381
 276.23921  0.00385
 276.24888  0.00390
 276.25856  0.00396
 276.26824  0.00408
 276.27788  0.00402
 276.28757  0.00395
 276.29724  0.00393
 276.30691  0.00402
 276.31657  0.00402
 276.32624  0.00408
 276.33592  0.00412
 276.34560  0.00412
 276.35524  0.00411
 276.36492  0.00404
 276.37460  0.00407
 276.38428  0.00416
 276.39392  0.00417
 276.40360  0.00418
 276.41328  0.00422
 276.42295  0.00424
 276.43261  0.00403
 276.44228  0.00417
 276.45195  0.00422
 276.46161  0.00424
 276.47128  0.00429
 276.48097  0.00439
 276.49061  0.00434
 276.50028  0.00441
 276.50997  0.00438
 276.51961  0.00440
 276.52928  0.00439
 276.53897  0.00443
 276.54861  0.00447
 276.55829  0.00449
 276.56797  0.00446
 276.57761  0.00449
 276.58729  0.00445
 276.59697  0.00452
 276.60662  0.00458
 276.61629  0.00469
 276.62594  0.00470
 276.63562  0.00468
 276.64529  0.00465
 276.65494  0.00464
 276.66462  0.00470
 276.67426  0.00474
 276.68395  0.00478
 276.69362  0.00482
 276.70326  0.00482
 276.71295  0.00473
 276.72259  0.00475
 276.73227  0.00479
 276.74192  0.00478
 276.75159  0.00485
 276.76124  0.00489
 276.77092  0.00491
 276.78056  0.00489
 276.79024  0.00493
 276.79989  0.00493
 276.80957  0.00496
 276.81921  0.00496
 276.82889  0.00500
 276.83854  0.00498
 276.84822  0.00520
 276.85787  0.00519
 276.86754  0.00516
 276.87719  0.00510
 276.88687  0.00511
 276.89651  0.00518
 276.90619  0.00524
 276.91584  0.00532
 276.92551  0.00530
 276.93517  0.00526
 276.94484  0.00525
 276.95448  0.00524
 276.96414  0.00529
 276.97381  0.00535
 276.98345  0.00541
 276.99314  0.00546
 277.00278  0.00545
 277.01246  0.00544
 277.02211  0.00543
 277.03175  0.00549
 277.04143  0.00552
 277.05108  0.00560
 277.06072  0.00565
 277.07040  0.00570
 277.08005  0.00570
 277.08973  0.00570
 277.09937  0.00574
 277.10902  0.00582
 277.11870  0.00582
 277.12834  0.00593
 277.13799  0.00591
 277.14767  0.00593
 277.15732  0.00594
 277.16697  0.00592
 277.17664  0.00596
 277.18629  0.00606
 277.19594  0.00614
 277.20558  0.00615
 277.21526  0.00617
 277.22491  0.00618
 277.23455  0.00631
 277.24424  0.00637
 277.25388  0.00647
 277.26352  0.00654
 277.27318  0.00659
 277.28285  0.00672
 277.29249  0.00669
 277.30215  0.00665
 277.31179  0.00668
 277.32147  0.00673
 277.33112  0.00685
 277.34076  0.00697
 277.35041  0.00698
 277.36009  0.00698
 277.36973  0.00695
 277.37938  0.00694
 277.38903  0.00694
 277.39867  0.00707
 277.40835  0.00717
 277.41800  0.00730
 277.42765  0.00733
 277.43729  0.00735
 277.44694  0.00732
 277.45659  0.00731
 277.46626  0.00740
 277.47591  0.00748
 277.48556  0.00764
 277.49521  0.00773
 277.50485  0.00774
 277.51450  0.00771
 277.52415  0.00775
 277.53383  0.00775
 277.54347  0.00784
 277.55312  0.00799
 277.56277  0.00814
 277.57241  0.00811
 277.58206  0.00809
 277.59171  0.00814
 277.60135  0.00815
 277.61100  0.00826
 277.62065  0.00839
 277.63029  0.00849
 277.63997  0.00857
 277.64962  0.00860
 277.65926  0.00862
 277.66892  0.00857
 277.67856  0.00871
 277.68820  0.00883
 277.69786  0.00897
 277.70750  0.00909
 277.71714  0.00921
 277.72680  0.00921
 277.73644  0.00919
 277.74608  0.00925
 277.75574  0.00935
 277.76538  0.00949
 277.77502  0.00968
 277.78468  0.00974
 277.79432  0.00974
 277.80398  0.00971
 277.81362  0.00975
 277.82326  0.00980
 277.83292  0.00997
 277.84256  0.01020
 277.85220  0.01030
 277.86186  0.01027
 277.87150  0.01030
 277.88111  0.01028
 277.89077  0.01043
 277.90041  0.01061
 277.91005  0.01089
 277.91971  0.01106
 277.92935  0.01113
 277.93899  0.01113
 277.94865  0.01111
 277.95829  0.01115
 277.96794  0.01130
 277.97759  0.01156
 277.98720  0.01182
 277.99685  0.01197
 278.00650  0.01201
 278.01614  0.01194
 278.02579  0.01193
 278.03544  0.01210
 278.04508  0.01244
 278.05470  0.01279
 278.06435  0.01295
 278.07399  0.01309
 278.08364  0.01315
 278.09329  0.01307
 278.10293  0.01314
 278.11256  0.01332
 278.12220  0.01364
 278.13184  0.01391
 278.14150  0.01420
 278.15114  0.01453
 278.16075  0.01429
 278.17041  0.01431
 278.18005  0.01447
 278.18970  0.01469
 278.19932  0.01517
 278.20896  0.01554
 278.21861  0.01577
 278.22826  0.01583
 278.23787  0.01585
 278.24752  0.01597
 278.25717  0.01621
 278.26681  0.01660
 278.27643  0.01713
 278.28608  0.01756
 278.29572  0.01788
 278.30534  0.01792
 278.31499  0.01791
 278.32463  0.01806
 278.33425  0.01839
 278.34390  0.01894
 278.35354  0.01948
 278.36319  0.01996
 278.37281  0.02006
 278.38245  0.02011
 278.39208  0.02040
 278.40172  0.02044
 278.41136  0.02098
 278.42099  0.02170
 278.43063  0.02233
 278.44027  0.02267
 278.44990  0.02273
 278.45954  0.02284
 278.46918  0.02311
 278.47881  0.02376
 278.48845  0.02432
 278.49806  0.02518
 278.50772  0.02581
 278.51736  0.02602
 278.52697  0.02614
 278.53663  0.02633
 278.54624  0.02682
 278.55588  0.02768
 278.56551  0.02880
 278.57515  0.02962
 278.58479  0.03008
 278.59442  0.03026
 278.60406  0.03034
 278.61367  0.03066
 278.62333  0.03144
 278.63294  0.03245
 278.64258  0.03368
 278.65221  0.03463
 278.66185  0.03500
 278.67146  0.03510
 278.68112  0.03523
 278.69073  0.03584
 278.70038  0.03692
 278.71000  0.03836
 278.71964  0.03967
 278.72926  0.04054
 278.73891  0.04079
 278.74852  0.04099
 278.75817  0.04128
 278.76779  0.04241
 278.77740  0.04384
 278.78705  0.04562
 278.79667  0.04728
 278.80631  0.04804
 278.81593  0.04818
 278.82558  0.04864
 278.83519  0.04929
 278.84481  0.05063
 278.85446  0.05242
 278.86407  0.05479
 278.87372  0.05620
 278.88333  0.05723
 278.89295  0.05830
 278.90260  0.05969
 278.91221  0.06035
 278.92183  0.06080
 278.93148  0.06117
 278.94109  0.06153
 278.95074  0.06178
 278.96036  0.06159
 278.96997  0.06180
 278.97963  0.06269
 278.98924  0.06294
 278.99885  0.06285
 279.00851  0.06320
 279.01812  0.06382
 279.02773  0.06364
 279.03736  0.06316
 279.04700  0.06301
 279.05661  0.06343
 279.06624  0.06320
 279.07588  0.06361
 279.08549  0.06372
 279.09512  0.06424
 279.10473  0.06438
 279.11437  0.06455
 279.12399  0.06472
 279.13361  0.06419
 279.14322  0.06463
 279.15287  0.06400
 279.16249  0.06409
 279.17210  0.06394
 279.18172  0.06407
 279.19137  0.06417
 279.20098  0.06438
 279.21060  0.06482
 279.22022  0.06493
 279.22983  0.06507
 279.23948  0.06518
 279.24910  0.06528
 279.25872  0.06492
 279.26833  0.06456
 279.27795  0.06496
 279.28757  0.06506
 279.29721  0.06543
 279.30682  0.06501
 279.31645  0.06528
 279.32606  0.06494
 279.33567  0.06433
 279.34530  0.06388
 279.35491  0.06332
 279.36455  0.06400
 279.37418  0.06380
 279.38379  0.06379
 279.39340  0.06373
 279.40303  0.06332
 279.41264  0.06384
 279.42225  0.06358
 279.43187  0.06379
 279.44149  0.06421
 279.45110  0.06450
 279.46075  0.06411
 279.47037  0.06406
 279.47998  0.06451
 279.48960  0.06394
 279.49922  0.06383
 279.50884  0.06357
 279.51845  0.06384
 279.52807  0.06402
 279.53769  0.06414
 279.54730  0.06366
 279.55691  0.06328
 279.56654  0.06294
 279.57615  0.06272
 279.58576  0.06254
 279.59539  0.06285
 279.60500  0.06291
 279.61461  0.06305
 279.62424  0.06319
 279.63385  0.06342
 279.64346  0.06304
 279.65309  0.06306
 279.66270  0.06338
 279.67231  0.06349
 279.68193  0.06314
 279.69155  0.06322
 279.70113  0.06305
 279.71075  0.06344
 279.72037  0.06367
 279.72998  0.06355
 279.73960  0.06343
 279.74921  0.06390
 279.75883  0.06419
 279.76845  0.06441
 279.77806  0.06401
 279.78769  0.06371
 279.79730  0.06329
 279.80688  0.06305
 279.81651  0.06297
 279.82612  0.06288
 279.83573  0.06297
 279.84535  0.06310
 279.85497  0.06350
 279.86458  0.06380
 279.87417  0.06410
 279.88379  0.06374
 279.89340  0.06446
 279.90302  0.06446
 279.91264  0.06427
 279.92225  0.06415
 279.93184  0.06423
 279.94145  0.06437
 279.95107  0.06424
 279.96069  0.06454
 279.97027  0.06392
 279.97989  0.06468
 279.98951  0.06388
 279.99912  0.06367
 280.00873  0.06341
 280.01833  0.06338
 280.02794  0.06307
 280.03756  0.06303
 280.04718  0.06315
 280.05676  0.06347
 280.06638  0.06360
 280.07600  0.06352
 280.08558  0.06358
 280.09520  0.06390
 280.10481  0.06355
 280.11443  0.06439
 280.12402  0.06405
 280.13363  0.06379
 280.14325  0.06344
 280.15284  0.06324
 280.16245  0.06315
 280.17206  0.06339
 280.18166  0.06330
 280.19127  0.06326
 280.20088  0.06307
 280.21048  0.06265
 280.22009  0.06275
 280.22970  0.06229
 280.23929  0.06215
 280.24891  0.06226
 280.25852  0.06213
 280.26811  0.06214
 280.27773  0.06247
 280.28732  0.06242
 280.29693  0.06237
 280.30654  0.06229
 280.31614  0.06275
 280.32575  0.06197
 280.33533  0.06280
 280.34495  0.06238
 280.35454  0.06259
 280.36415  0.06310
 280.37377  0.06311
 280.38336  0.06329
 280.39297  0.06336
 280.40256  0.06316
 280.41217  0.06303
 280.42176  0.06256
 280.43138  0.06262
 280.44096  0.06220
 280.45058  0.06229
 280.46017  0.06194
 280.46978  0.06173
 280.47936  0.06212
 280.48899  0.06178
 280.49857  0.06186
 280.50818  0.06180
 280.51777  0.06171
 280.52739  0.06182
 280.53698  0.06201
 280.54659  0.06211
 280.55618  0.06227
 280.56580  0.06198
 280.57538  0.06179
 280.58496  0.06230
 280.59459  0.06259
 280.60417  0.06285
 280.61378  0.06242
 280.62338  0.06294
 280.63299  0.06281
 280.64257  0.06334
 280.65216  0.06356
 280.66178  0.06366
 280.67136  0.06391
 280.68098  0.06332
 280.69056  0.06278
 280.70015  0.06277
 280.70977  0.06277
 280.71935  0.06289
 280.72894  0.06313
 280.73856  0.06311
 280.74814  0.06320
 280.75772  0.06292
 280.76735  0.06214
 280.77693  0.06208
 280.78652  0.06142
 280.79613  0.06218
 280.80572  0.06171
 280.81531  0.06171
 280.82492  0.06187
 280.83450  0.06187
 280.84410  0.06165
 280.85371  0.06168
 280.86329  0.06216
 280.87289  0.06133
 280.88247  0.06190
 280.89208  0.06201
 280.90167  0.06189
 280.91126  0.06201
 280.92084  0.06243
 280.93046  0.06262
 280.94004  0.06262
 280.94963  0.06214
 280.95922  0.06230
 280.96883  0.06272
 280.97841  0.06269
 280.98801  0.06236
 280.99759  0.06210
 281.00718  0.06220
 281.01680  0.06249
 281.02638  0.06217
 281.03597  0.06244
 281.04555  0.06259
 281.05514  0.06268
 281.06476  0.06250
 281.07434  0.06254
 281.08392  0.06276
 281.09352  0.06308
 281.10310  0.06289
 281.11268  0.06268
 281.12227  0.06252
 281.13189  0.06214
 281.14147  0.06245
 281.15106  0.06203
 281.16064  0.06299
 281.17023  0.06337
 281.17982  0.06357
 281.18940  0.06318
 281.19898  0.06313
 281.20858  0.06283
 281.21816  0.06265
 281.22777  0.06274
 281.23736  0.06291
 281.24695  0.06342
 281.25654  0.06266
 281.26612  0.06354
 281.27570  0.06298
 281.28530  0.06250
 281.29488  0.06230
 281.30446  0.06186
 281.31405  0.06231
 281.32364  0.06165
 281.33322  0.06209
 281.34281  0.06171
 281.35240  0.06128
 281.36198  0.06113
 281.37157  0.06063
 281.38115  0.06046
 281.39074  0.05976
 281.40033  0.05570
 281.40991  0.04314
 281.41949  0.04045
 281.42909  0.03978
 281.43867  0.03977
 281.44825  0.03989
 281.45784  0.03946
 281.46743  0.03822
 281.47702  0.03643
 281.48657  0.03489
 281.49615  0.03385
 281.50574  0.03350
 281.51533  0.03387
 281.52491  0.03379
 281.53450  0.03338
 281.54408  0.03223
 281.55367  0.03076
 281.56326  0.02963
 281.57284  0.02920
 281.58239  0.02893
 281.59199  0.02910
 281.60157  0.02910
 281.61115  0.02852
 281.62074  0.02757
 281.63033  0.02639
 281.63991  0.02557
 281.64947  0.02516
 281.65905  0.02512
 281.66864  0.02532
 281.67823  0.02525
 281.68781  0.02474
 281.69737  0.02375
 281.70696  0.02279
 281.71654  0.02233
 281.72613  0.02224
 281.73571  0.02193
 281.74527  0.02220
 281.75486  0.02201
 281.76444  0.02144
 281.77402  0.02058
 281.78359  0.02001
 281.79317  0.01946
 281.80275  0.01947
 281.81234  0.01957
 281.82189  0.01966
 281.83148  0.01955
 281.84107  0.01902
 281.85065  0.01840
 281.86020  0.01786
 281.86980  0.01750
 281.87938  0.01741
 281.88893  0.01750
 281.89852  0.01763
 281.90811  0.01736
 281.91767  0.01689
 281.92725  0.01626
 281.93683  0.01580
 281.94640  0.01547
 281.95598  0.01551
 281.96556  0.01561
 281.97512  0.01565
 281.98471  0.01548
 281.99429  0.01504
 282.00385  0.01448
 282.01343  0.01415
 282.02301  0.01403
 282.03258  0.01411
 282.04216  0.01418
 282.05171  0.01402
 282.06130  0.01393
 282.07089  0.01362
 282.08044  0.01315
 282.09003  0.01285
 282.09958  0.01277
 282.10917  0.01276
 282.11873  0.01287
 282.12831  0.01279
 282.13790  0.01261
 282.14745  0.01226
 282.15704  0.01186
 282.16660  0.01163
 282.17618  0.01155
 282.18573  0.01154
 282.19533  0.01170
 282.20488  0.01159
 282.21446  0.01130
 282.22402  0.01109
 282.23360  0.01077
 282.24316  0.01064
 282.25275  0.01058
 282.26230  0.01072
 282.27188  0.01075
 282.28145  0.01070
 282.29103  0.01072
 282.30058  0.01016
 282.31017  0.00997
 282.31973  0.00991
 282.32928  0.01000
 282.33887  0.01000
 282.34842  0.01004
 282.35801  0.00988
 282.36757  0.00974
 282.37715  0.00944
 282.38671  0.00925
 282.39626  0.00912
 282.40585  0.00916
 282.41541  0.00925
 282.42499  0.00925
 282.43454  0.00910
 282.44410  0.00900
 282.45369  0.00877
 282.46324  0.00866
 282.47280  0.00862
 282.48238  0.00868
 282.49193  0.00884
 282.50150  0.00875
 282.51108  0.00864
 282.52063  0.00846
 282.53019  0.00829
 282.53978  0.00806
 282.54933  0.00812
 282.55889  0.00813
 282.56847  0.00819
 282.57803  0.00815
 282.58759  0.00797
 282.59717  0.00782
 282.60673  0.00764
 282.61628  0.00751
 282.62583  0.00753
 282.63543  0.00763
 282.64498  0.00762
 282.65453  0.00757
 282.66409  0.00746
 282.67368  0.00730
 282.68323  0.00717
 282.69279  0.00713
 282.70234  0.00710
 282.71192  0.00723
 282.72149  0.00727
 282.73104  0.00725
 282.74059  0.00710
 282.75015  0.00690
 282.75973  0.00673
 282.76929  0.00669
 282.77885  0.00676
 282.78840  0.00684
 282.79796  0.00685
 282.80751  0.00685
 282.81710  0.00657
 282.82666  0.00641
 282.83621  0.00634
 282.84576  0.00623
 282.85533  0.00626
 282.86488  0.00639
 282.87443  0.00638
 282.88399  0.00630
 282.89357  0.00616
 282.90313  0.00608
 282.91269  0.00604
 282.92224  0.00607
 282.93179  0.00605
 282.94135  0.00607
 282.95091  0.00610
 282.96046  0.00601
 282.97002  0.00595
 282.97957  0.00593
 282.98913  0.00589
 282.99869  0.00582
 283.00827  0.00580
 283.01783  0.00581
 283.02738  0.00579
 283.03693  0.00569
 283.04650  0.00560
 283.05605  0.00550
 283.06560  0.00545
 283.07516  0.00547
 283.08471  0.00549
 283.09427  0.00549
 283.10383  0.00548
 283.11338  0.00544
 283.12293  0.00534
 283.13249  0.00527
 283.14205  0.00525
 283.15160  0.00523
 283.16113  0.00532
 283.17068  0.00530
 283.18023  0.00532
 283.18980  0.00537
 283.19935  0.00527
 283.20891  0.00514
 283.21846  0.00491
 283.22801  0.00514
 283.23758  0.00517
 283.24713  0.00516
 283.25668  0.00519
 283.26624  0.00509
 283.27579  0.00509
 283.28532  0.00504
 283.29488  0.00498
 283.30443  0.00497
 283.31398  0.00496
 283.32354  0.00503
 283.33310  0.00496
 283.34265  0.00492
 283.35218  0.00480
 283.36173  0.00481
 283.37128  0.00477
 283.38085  0.00478
 283.39040  0.00478
 283.39996  0.00477
 283.40948  0.00470
 283.41903  0.00467
 283.42859  0.00458
 283.43815  0.00442
 283.44770  0.00449
 283.45723  0.00463
 283.46678  0.00461
 283.47633  0.00462
 283.48590  0.00452
 283.49542  0.00454
 283.50497  0.00448
 283.51453  0.00447
 283.52408  0.00447
 283.53360  0.00450
 283.54317  0.00448
 283.55272  0.00451
 283.56227  0.00446
 283.57180  0.00442
 283.58135  0.00439
 283.59092  0.00434
 283.60044  0.00431
 283.60999  0.00432
 283.61955  0.00432
 283.62907  0.00432
 283.63863  0.00428
 283.64819  0.00426
 283.65771  0.00421
 283.66726  0.00420
 283.67682  0.00414
 283.68634  0.00419
 283.69590  0.00425
 283.70546  0.00419
 283.71498  0.00415
 283.72453  0.00409
 283.73409  0.00406
 283.74362  0.00402
 283.75317  0.00403
 283.76270  0.00406
 283.77225  0.00407
 283.78180  0.00409
 283.79133  0.00404
 283.80089  0.00400
 283.81042  0.00394
 283.81997  0.00397
 283.82949  0.00393
 283.83905  0.00395
 283.84861  0.00398
 283.85813  0.00395
 283.86769  0.00396
 283.87721  0.00391
 283.88676  0.00385
 283.89629  0.00384
 283.90585  0.00361
 283.91537  0.00372
 283.92493  0.00386
 283.93445  0.00382
 283.94400  0.00380
 283.95353  0.00372
 283.96309  0.00369
 283.97261  0.00367
 283.98217  0.00369
 283.99169  0.00371
 284.00125  0.00372
 284.01077  0.00371
 284.02030  0.00368
 284.02986  0.00366
 284.03938  0.00357
 284.04893  0.00348
 284.05846  0.00350
 284.06802  0.00352
 284.07754  0.00361
 284.08707  0.00359
 284.09662  0.00355
 284.10614  0.00353
 284.11570  0.00351
 284.12523  0.00346
 284.13475  0.00350
 284.14431  0.00352
 284.15383  0.00346
 284.16335  0.00347
 284.17291  0.00351
 284.18244  0.00345
 284.19200  0.00347
 284.20152  0.00340
 284.21104  0.00342
 284.22060  0.00336
 284.23012  0.00319
 284.23965  0.00339
 284.24918  0.00336
 284.25873  0.00338
 284.26825  0.00336
 284.27778  0.00332
 284.28733  0.00325
 284.29685  0.00328
 284.30639  0.00340
 284.31594  0.00338
 284.32546  0.00333
 284.33499  0.00329
 284.34451  0.00328
 284.35406  0.00325
 284.36360  0.00324
 284.37312  0.00328
 284.38265  0.00325
 284.39217  0.00327
 284.40172  0.00325
 284.41125  0.00323
 284.42078  0.00324
 284.43030  0.00325
 284.43986  0.00325
 284.44938  0.00325
 284.45890  0.00327
 284.46843  0.00318
 284.47796  0.00319
 284.48748  0.00319
 284.49704  0.00320
 284.50656  0.00318
 284.51608  0.00317
 284.52561  0.00316
 284.53513  0.00316
 284.54466  0.00311
 284.55419  0.00307
 284.56374  0.00307
 284.57327  0.00306
 284.58279  0.00309
 284.59231  0.00322
 284.60185  0.00309
 284.61137  0.00307
 284.62089  0.00302
 284.63042  0.00302
 284.63994  0.00299
 284.64946  0.00301
 284.65902  0.00300
 284.66855  0.00301
 284.67807  0.00305
 284.68760  0.00301
 284.69712  0.00295
 284.70664  0.00292
 284.71617  0.00290
 284.72570  0.00293
 284.73522  0.00287
 284.74475  0.00286
 284.75427  0.00282
 284.76380  0.00283
 284.77332  0.00281
 284.78284  0.00279
 284.79238  0.00276
 284.80190  0.00276
 284.81142  0.00277
 284.82095  0.00275
 284.83047  0.00277
 284.83999  0.00277
 284.84952  0.00274
 284.85905  0.00270
 284.86857  0.00269
 284.87807  0.00270
 284.88759  0.00267
 284.89711  0.00269
 284.90664  0.00265
 284.91616  0.00268
 284.92569  0.00266
 284.93522  0.00264
 284.94474  0.00263
 284.95427  0.00262
 284.96379  0.00260
 284.97328  0.00259
 284.98281  0.00259
 284.99234  0.00259
 285.00186  0.00257
 285.01139  0.00255
 285.02091  0.00251
 285.03043  0.00253
 285.03993  0.00250
 285.04945  0.00255
 285.05898  0.00252
 285.06851  0.00254
 285.07803  0.00251
 285.08755  0.00250
 285.09705  0.00247
 285.10657  0.00248
 285.11610  0.00247
 285.12563  0.00248
 285.13515  0.00249
 285.14465  0.00248
 285.15417  0.00248
 285.16369  0.00247
 285.17322  0.00259
 285.18271  0.00239
 285.19224  0.00240
 285.20177  0.00242
 285.21129  0.00242
 285.22078  0.00248
 285.23031  0.00240
 285.23983  0.00236
 285.24932  0.00238
 285.25885  0.00235
 285.26838  0.00235
 285.27790  0.00235
 285.28740  0.00249
 285.29692  0.00238
 285.30645  0.00237
 285.31594  0.00233
 285.32546  0.00233
 285.33500  0.00232
 285.34449  0.00229
 285.35401  0.00227
 285.36354  0.00228
 285.37303  0.00227
 285.38255  0.00227
 285.39205  0.00224
 285.40157  0.00219
 285.41110  0.00220
 285.42060  0.00221
 285.43012  0.00218
 285.43961  0.00221
 285.44914  0.00219
 285.45866  0.00212
 285.46815  0.00217
 285.47768  0.00217
 285.48718  0.00213
 285.49671  0.00211
 285.50620  0.00220
 285.51572  0.00216
 285.52525  0.00215
 285.53474  0.00214
 285.54426  0.00210
 285.55376  0.00215
 285.56329  0.00212
 285.57278  0.00212
 285.58231  0.00213
 285.59180  0.00213
 285.60132  0.00211
 285.61082  0.00209
 285.62034  0.00206
 285.62983  0.00206
 285.63937  0.00205
 285.64886  0.00207
 285.65839  0.00206
 285.66788  0.00204
 285.67737  0.00202
 285.68690  0.00201
 285.69639  0.00205
 285.70591  0.00202
 285.71541  0.00198
 285.72494  0.00198
 285.73443  0.00200
 285.74393  0.00200
 285.75345  0.00200
 285.76294  0.00199
 285.77247  0.00198
 285.78196  0.00195
 285.79145  0.00195
 285.80099  0.00195
 285.81048  0.00196
 285.82000  0.00189
 285.82950  0.00190
 285.83899  0.00178
 285.84852  0.00192
 285.85801  0.00192
 285.86750  0.00193
 285.87703  0.00195
 285.88653  0.00192
 285.89602  0.00190
 285.90555  0.00190
 285.91504  0.00192
 285.92453  0.00190
 285.93403  0.00190
 285.94355  0.00187
 285.95304  0.00189
 285.96254  0.00189
 285.97207  0.00186
 285.98156  0.00188
 285.99106  0.00187
 286.00055  0.00179
 286.01007  0.00181
 286.01957  0.00183
 286.02906  0.00181
 286.03856  0.00179
 286.04808  0.00181
 286.05758  0.00181
 286.06708  0.00180
 286.07657  0.00178
 286.08606  0.00178
 286.09559  0.00173
 286.10508  0.00178
 286.11457  0.00178
 286.12407  0.00176
 286.13356  0.00177
 286.14305  0.00174
 286.15259  0.00176
 286.16208  0.00179
 286.17157  0.00172
 286.18107  0.00172
 286.19056  0.00172
 286.20006  0.00172
 286.20955  0.00172
 286.21907  0.00172
 286.22857  0.00173
 286.23807  0.00170
 286.24756  0.00170
 286.25706  0.00169
 286.26655  0.00170
 286.27604  0.00171
 286.28554  0.00171
 286.29503  0.00172
 286.30452  0.00173
 286.31402  0.00170
 286.32351  0.00167
 286.33304  0.00167
 286.34254  0.00163
 286.35203  0.00165
 286.36153  0.00168
 286.37102  0.00170
 286.38051  0.00167
 286.39001  0.00164
 286.39950  0.00165
 286.40899  0.00165
 286.41849  0.00166
 286.42799  0.00165
 286.43748  0.00165
 286.44698  0.00164
 286.45647  0.00164
 286.46596  0.00160
 286.47546  0.00163
 286.48495  0.00157
 286.49441  0.00156
 286.50391  0.00159
 286.51340  0.00159
 286.52289  0.00162
 286.53240  0.00160
 286.54189  0.00164
 286.55139  0.00157
 286.56088  0.00155
 286.57037  0.00155
 286.57987  0.00156
 286.58936  0.00154
 286.59885  0.00159
 286.60832  0.00154
 286.61781  0.00153
 286.62730  0.00153
 286.63681  0.00152
 286.64630  0.00154
 286.65579  0.00154
 286.66529  0.00151
 286.67475  0.00150
 286.68424  0.00150
 286.69374  0.00160
 286.70323  0.00150
 286.71273  0.00147
 286.72222  0.00145
 286.73168  0.00147
 286.74119  0.00146
 286.75068  0.00148
 286.76017  0.00147
 286.76964  0.00146
 286.77913  0.00147
 286.78862  0.00144
 286.79812  0.00143
 286.80761  0.00143
 286.81707  0.00129
 286.82657  0.00138
 286.83606  0.00143
 286.84555  0.00137
 286.85503  0.00142
 286.86452  0.00143
 286.87402  0.00140
 286.88348  0.00140
 286.89297  0.00142
 286.90247  0.00145
 286.91193  0.00142
 286.92142  0.00142
 286.93092  0.00139
 286.94041  0.00142
 286.94987  0.00139
 286.95937  0.00138
 286.96887  0.00140
 286.97833  0.00131
 286.98783  0.00140
 286.99729  0.00139
 287.00678  0.00137
 287.01628  0.00139
 287.02574  0.00135
 287.03524  0.00140
 287.04473  0.00138
 287.05419  0.00137
 287.06369  0.00137
 287.07315  0.00132
 287.08264  0.00124
 287.09215  0.00131
 287.10161  0.00131
 287.11110  0.00133
 287.12057  0.00133
 287.13006  0.00134
 287.13952  0.00138
 287.14902  0.00139
 287.15848  0.00131
 287.16797  0.00130
 287.17744  0.00129
 287.18693  0.00127
 287.19639  0.00129
 287.20589  0.00131
 287.21538  0.00130
 287.22486  0.00128
 287.23432  0.00130
 287.24381  0.00133
 287.25328  0.00140
 287.26277  0.00130
 287.27223  0.00128
 287.28173  0.00138
 287.29119  0.00126
 287.30068  0.00125
 287.31015  0.00126
 287.31964  0.00126
 287.32910  0.00123
 287.33860  0.00122
 287.34806  0.00122
 287.35752  0.00123
 287.36703  0.00122
 287.37649  0.00122
 287.38599  0.00121
 287.39545  0.00122
 287.40491  0.00120
 287.41441  0.00119
 287.42387  0.00118
 287.43333  0.00121
 287.44283  0.00121
 287.45229  0.00120
 287.46178  0.00120
 287.47125  0.00120
 287.48071  0.00118
 287.49020  0.00116
 287.49967  0.00118
 287.50914  0.00120
 287.51860  0.00118
 287.52810  0.00118
 287.53756  0.00122
 287.54703  0.00113
 287.55652  0.00118
 287.56598  0.00114
 287.57545  0.00119
 287.58494  0.00119
 287.59440  0.00117
 287.60387  0.00116
 287.61333  0.00118
 287.62282  0.00113
 287.63229  0.00115
 287.64175  0.00111
 287.65121  0.00115
 287.66068  0.00114
 287.67018  0.00115
 287.67964  0.00116
 287.68911  0.00115
 287.69857  0.00115
 287.70807  0.00114
 287.71753  0.00111
 287.72699  0.00105
 287.73646  0.00101
 287.74592  0.00113
 287.75538  0.00111
 287.76488  0.00115
 287.77434  0.00111
 287.78380  0.00110
 287.79327  0.00110
 287.80273  0.00115
 287.81219  0.00114
 287.82166  0.00115
 287.83115  0.00115
 287.84061  0.00114
 287.85009  0.00112
 287.85955  0.00112
 287.86902  0.00110
 287.87848  0.00110
 287.88794  0.00111
 287.89741  0.00111
 287.90687  0.00112
 287.91633  0.00110
 287.92580  0.00109
 287.93526  0.00111
 287.94472  0.00108
 287.95422  0.00108
 287.96368  0.00104
 287.97314  0.00108
 287.98261  0.00107
 287.99207  0.00107
 288.00153  0.00106
 288.01100  0.00106
 288.02046  0.00108
 288.02993  0.00107
 288.03939  0.00110
 288.04886  0.00108
 288.05833  0.00106
 288.06779  0.00107
 288.07722  0.00105
 288.08669  0.00106
 288.09615  0.00104
 288.10561  0.00103
 288.11508  0.00103
 288.12454  0.00103
 288.13400  0.00101
 288.14347  0.00105
 288.15293  0.00103
 288.16239  0.00102
 288.17186  0.00101
 288.18132  0.00085
 288.19079  0.00083
 288.20022  0.00100
 288.20968  0.00102
 288.21915  0.00102
 288.22861  0.00100
 288.23807  0.00101
 288.24754  0.00099
 288.25700  0.00100
 288.26646  0.00104
 288.27590  0.00100
 288.28536  0.00099
 288.29483  0.00098
 288.30430  0.00100
 288.31376  0.00099
 288.32319  0.00098
 288.33266  0.00097
 288.34212  0.00099
 288.35159  0.00097
 288.36105  0.00099
 288.37048  0.00101
 288.37995  0.00099
 288.38941  0.00098
 288.39887  0.00098
 288.40831  0.00098
 288.41777  0.00099
 288.42723  0.00097
 288.43670  0.00098
 288.44613  0.00097
 288.45559  0.00099
 288.46506  0.00095
 288.47452  0.00097
 288.48396  0.00092
 288.49342  0.00095
 288.50288  0.00087
 288.51232  0.00095
 288.52178  0.00095
 288.53124  0.00097
 288.54068  0.00096
 288.55014  0.00096
 288.55960  0.00096
 288.56904  0.00095
 288.57850  0.00096
 288.58797  0.00097
 288.59741  0.00098
 288.60687  0.00093
 288.61630  0.00093
 288.62577  0.00095
 288.63523  0.00095
 288.64467  0.00093
 288.65413  0.00094
 288.66359  0.00093
 288.67303  0.00093
 288.68249  0.00094
 288.69192  0.00094
 288.70139  0.00094
 288.71082  0.00093
 288.72028  0.00087
 288.72972  0.00079
 288.73918  0.00091
 288.74864  0.00095
 288.75808  0.00094
 288.76754  0.00093
 288.77697  0.00096
 288.78644  0.00099
