# wl 	 tx
192.2293989 0.0006326
192.2509409 0.0006303
192.2724630 0.0006330
192.2940051 0.0006280
192.3155472 0.0006328
192.3370893 0.0006352
192.3586414 0.0006200
192.3801835 0.0006109
192.4017056 0.0006080
192.4232476 0.0006079
192.4447897 0.0006184
192.4663318 0.0006152
192.4878639 0.0006150
192.5094060 0.0006159
192.5309481 0.0006199
192.5524902 0.0006278
192.5740223 0.0008361
192.5955644 0.0006858
192.6171065 0.0006321
192.6386486 0.0006370
192.6601707 0.0006251
192.6817128 0.0006406
192.7032648 0.0006438
192.7247870 0.0006529
192.7463290 0.0006302
192.7678612 0.0006300
192.7894032 0.0006321
192.8109453 0.0006518
192.8324675 0.0006569
192.8540096 0.0006575
192.8755517 0.0006582
192.8970838 0.0006391
192.9186259 0.0006347
192.9401580 0.0006868
192.9617001 0.0006592
192.9832222 0.0006685
193.0047643 0.0006673
193.0262964 0.0006616
193.0478385 0.0006515
193.0693606 0.0006441
193.0909127 0.0006552
193.1124348 0.0006681
193.1339770 0.0006823
193.1555091 0.0006850
193.1770512 0.0006856
193.1985733 0.0006857
193.2201054 0.0006802
193.2416475 0.0006726
193.2631697 0.0006715
193.2847118 0.0006892
193.3062439 0.0006957
193.3277760 0.0006903
193.3493181 0.0006937
193.3708402 0.0007018
193.3923724 0.0007048
193.4139145 0.0007044
193.4354366 0.0006912
193.4569687 0.0006977
193.4785108 0.0006936
193.5000330 0.0007149
193.5215651 0.0007020
193.5430972 0.0007136
193.5646394 0.0007121
193.5861615 0.0007167
193.6076936 0.0007258
193.6292158 0.0007263
193.6507579 0.0007227
193.6722900 0.0007165
193.6938121 0.0007235
193.7153443 0.0007271
193.7368664 0.0007252
193.7583985 0.0007268
193.7799407 0.0007362
193.8014728 0.0007423
193.8229949 0.0007554
193.8445271 0.0007465
193.8660492 0.0007500
193.8875814 0.0007336
193.9091035 0.0007412
193.9306356 0.0007354
193.9521578 0.0007470
193.9736899 0.0007452
193.9952221 0.0007536
194.0167642 0.0007552
194.0382863 0.0007599
194.0598185 0.0007578
194.0813406 0.0007601
194.1028728 0.0007667
194.1243949 0.0007788
194.1459071 0.0007592
194.1674392 0.0007688
194.1889614 0.0007638
194.2104935 0.0007707
194.2320157 0.0007836
194.2535478 0.0007871
194.2750800 0.0007827
194.2966021 0.0007678
194.3181343 0.0007922
194.3396564 0.0008007
194.3611886 0.0007967
194.3827007 0.0007927
194.4042229 0.0008071
194.4257550 0.0007853
194.4472772 0.0007913
194.4688093 0.0007979
194.4903315 0.0008012
194.5118437 0.0008133
194.5333758 0.0008334
194.5549080 0.0008180
194.5764301 0.0008187
194.5979423 0.0008096
194.6194745 0.0008116
194.6409966 0.0008226
194.6625288 0.0008266
194.6840410 0.0008119
194.7055631 0.0007893
194.7270953 0.0007770
194.7486075 0.0007726
194.7701296 0.0007950
194.7916618 0.0007882
194.8131740 0.0007645
194.8346962 0.0008211
194.8562283 0.0008053
194.8777405 0.0007994
194.8992727 0.0008089
194.9207848 0.0008399
194.9423070 0.0008411
194.9638392 0.0008153
194.9853514 0.0008067
195.0068735 0.0008309
195.0283857 0.0008653
195.0499179 0.0008476
195.0714301 0.0008367
195.0929522 0.0008233
195.1144644 0.0008415
195.1359966 0.0008731
195.1575088 0.0008766
195.1790310 0.0008791
195.2005432 0.0008520
195.2220753 0.0008510
195.2435875 0.0008555
195.2650997 0.0008730
195.2866319 0.0008990
195.3081441 0.0009064
195.3296663 0.0009035
195.3511785 0.0009037
195.3726906 0.0008940
195.3942228 0.0008880
195.4157350 0.0008992
195.4372472 0.0009159
195.4587694 0.0009209
195.4802816 0.0009263
195.5017938 0.0009299
195.5233260 0.0009185
195.5448382 0.0009208
195.5663504 0.0009240
195.5878726 0.0009322
195.6093848 0.0009426
195.6308970 0.0009498
195.6524092 0.0009633
195.6739214 0.0009471
195.6954536 0.0009699
195.7169658 0.0009687
195.7384780 0.0009720
195.7599902 0.0009577
195.7815024 0.0009622
195.8030346 0.0009824
195.8245468 0.0009857
195.8460590 0.0009940
195.8675712 0.0010059
195.8890834 0.0010139
195.9105956 0.0010126
195.9321078 0.0010037
195.9536200 0.0010146
195.9751322 0.0010091
195.9966544 0.0010032
196.0181666 0.0010137
196.0396789 0.0010165
196.0611911 0.0010292
196.0827033 0.0010236
196.1042155 0.0010334
196.1257277 0.0010375
196.1472399 0.0010399
196.1687521 0.0010409
196.1902644 0.0010513
196.2117766 0.0010468
196.2332788 0.0010663
196.2547910 0.0010677
196.2763032 0.0010768
196.2978155 0.0010663
196.3193277 0.0010812
196.3408399 0.0010870
196.3623521 0.0010890
196.3838643 0.0010904
196.4053766 0.0010895
196.4268788 0.0010782
196.4483910 0.0010913
196.4699032 0.0011100
196.4914155 0.0011074
196.5129277 0.0011221
196.5344399 0.0011179
196.5559322 0.0011300
196.5774444 0.0011185
196.5989566 0.0011209
196.6204688 0.0011286
196.6419711 0.0011451
196.6634833 0.0011486
196.6849955 0.0011487
196.7064878 0.0011592
196.7280000 0.0011576
196.7495122 0.0011724
196.7710245 0.0011759
196.7925267 0.0011689
196.8140390 0.0011849
196.8355312 0.0011817
196.8570434 0.0011934
196.8785557 0.0012007
196.9000579 0.0012150
196.9215702 0.0012222
196.9430824 0.0012132
196.9645746 0.0012241
196.9860869 0.0012235
197.0075891 0.0012354
197.0291014 0.0012376
197.0505936 0.0012453
197.0721059 0.0012527
197.0936081 0.0012557
197.1151204 0.0012546
197.1366126 0.0012617
197.1581249 0.0012484
197.1796271 0.0012465
197.2011394 0.0012497
197.2226316 0.0012619
197.2441439 0.0012643
197.2656461 0.0012181
197.2871384 0.0012879
197.3086506 0.0012906
197.3301529 0.0012793
197.3516651 0.0012756
197.3731574 0.0013076
197.3946597 0.0013238
197.4161719 0.0013257
197.4376642 0.0013159
197.4591664 0.0013306
197.4806787 0.0013629
197.5021710 0.0013843
197.5236732 0.0013661
197.5451855 0.0013651
197.5666777 0.0013480
197.5881800 0.0013630
197.6096723 0.0013925
197.6311845 0.0013966
197.6526868 0.0013952
197.6741791 0.0013873
197.6956813 0.0013934
197.7171736 0.0013934
197.7386859 0.0014248
197.7601881 0.0014320
197.7816804 0.0014461
197.8031827 0.0014600
197.8246750 0.0014430
197.8461772 0.0014537
197.8676695 0.0014538
197.8891818 0.0014639
197.9106841 0.0014881
197.9321763 0.0014872
197.9536786 0.0015102
197.9751709 0.0015083
197.9966732 0.0015107
198.0181655 0.0015176
198.0396677 0.0015155
198.0611600 0.0015304
198.0826623 0.0015448
198.1041546 0.0015552
198.1256569 0.0015602
198.1471491 0.0015767
198.1686414 0.0015745
198.1901437 0.0015801
198.2116360 0.0015844
198.2331383 0.0015837
198.2546306 0.0015893
198.2761329 0.0016028
198.2976152 0.0016072
198.3191075 0.0016151
198.3406097 0.0016140
198.3621020 0.0016287
198.3836043 0.0016306
198.4050966 0.0016413
198.4265989 0.0016354
198.4480812 0.0016215
198.4695735 0.0016091
198.4910758 0.0016066
198.5125681 0.0015981
198.5340704 0.0015833
198.5555527 0.0015884
198.5770450 0.0016156
198.5985473 0.0016309
198.6200396 0.0016427
198.6415219 0.0016629
198.6630242 0.0016883
198.6845165 0.0016989
198.7059988 0.0017109
198.7275011 0.0017284
198.7489934 0.0017439
198.7704757 0.0017690
198.7919780 0.0018613
198.8134703 0.0018093
198.8349526 0.0017987
198.8564449 0.0018040
198.8779472 0.0018141
198.8994295 0.0018283
198.9209218 0.0018406
198.9424042 0.0018466
198.9639065 0.0018663
198.9853888 0.0018668
199.0068811 0.0018801
199.0283634 0.0018873
199.0498657 0.0018933
199.0713480 0.0018997
199.0928404 0.0019086
199.1143227 0.0019117
199.1358250 0.0019219
199.1573073 0.0019414
199.1787996 0.0019540
199.2002820 0.0019656
199.2217843 0.0019671
199.2432666 0.0019833
199.2647489 0.0020031
199.2862412 0.0020139
199.3077236 0.0020223
199.3292159 0.0020531
199.3506982 0.0020354
199.3721805 0.0020246
199.3936829 0.0020618
199.4151652 0.0020906
199.4366475 0.0020996
199.4581298 0.0021165
199.4796222 0.0021216
199.5011045 0.0021328
199.5225868 0.0021445
199.5440892 0.0021607
199.5655715 0.0021626
199.5870538 0.0021741
199.6085362 0.0021983
199.6300185 0.0022107
199.6515108 0.0022297
199.6729932 0.0022394
199.6944755 0.0022554
199.7159578 0.0022662
199.7374402 0.0022803
199.7589225 0.0022947
199.7804149 0.0022929
199.8018972 0.0022956
199.8233795 0.0023153
199.8448619 0.0023275
199.8663442 0.0023458
199.8878266 0.0023594
199.9093089 0.0023826
199.9307913 0.0024143
199.9522736 0.0024255
199.9737560 0.0024422
199.9952383 0.0024638
200.0167207 0.0024821
200.0382030 0.0024978
200.0596854 0.0025084
200.0811677 0.0025280
200.1026501 0.0025535
200.1241324 0.0025775
200.1456148 0.0025973
200.1670971 0.0026025
200.1885795 0.0026127
200.2100618 0.0026296
200.2315442 0.0026483
200.2530265 0.0026682
200.2744889 0.0026872
200.2959712 0.0026916
200.3174536 0.0026947
200.3389360 0.0027341
200.3604183 0.0028375
200.3819007 0.0027882
200.4033630 0.0027768
200.4248454 0.0027891
200.4463278 0.0028018
200.4678101 0.0028047
200.4892825 0.0028104
200.5107549 0.0028348
200.5322372 0.0028621
200.5537196 0.0028700
200.5751920 0.0028974
200.5966743 0.0029126
200.6181567 0.0029305
200.6396191 0.0029586
200.6611014 0.0029627
200.6825838 0.0029714
200.7040562 0.0029904
200.7255385 0.0030179
200.7470209 0.0030359
200.7684833 0.0030514
200.7899657 0.0030662
200.8114281 0.0030943
200.8329104 0.0030889
200.8543928 0.0031233
200.8758652 0.0031207
200.8973476 0.0031709
200.9188099 0.0031745
200.9402923 0.0031933
200.9617647 0.0032172
200.9832371 0.0032211
201.0047095 0.0032355
201.0261918 0.0032574
201.0476542 0.0032759
201.0691366 0.0033059
201.0906090 0.0033180
201.1120714 0.0033331
201.1335538 0.0033523
201.1550262 0.0033729
201.1765085 0.0033720
201.1979709 0.0033964
201.2194333 0.0034008
201.2409157 0.0034312
201.2623881 0.0034540
201.2838505 0.0034721
201.3053329 0.0034945
201.3268053 0.0035067
201.3482677 0.0035096
201.3697501 0.0035348
201.3912125 0.0035561
201.4126849 0.0035598
201.4341473 0.0035887
201.4556297 0.0035991
201.4771020 0.0036271
201.4985645 0.0036333
201.5200369 0.0036666
201.5414993 0.0036915
201.5629817 0.0037490
201.5844441 0.0037700
201.6059165 0.0037888
201.6273789 0.0038126
201.6488513 0.0038529
201.6703137 0.0038841
201.6917961 0.0039075
201.7132685 0.0039393
201.7347309 0.0039620
201.7561933 0.0040061
201.7776657 0.0040303
201.7991281 0.0040590
201.8206005 0.0040853
201.8420629 0.0041163
201.8635353 0.0041552
201.8849978 0.0041744
201.9064702 0.0041713
201.9279326 0.0041856
201.9493950 0.0042197
201.9708674 0.0042496
201.9923298 0.0042804
202.0138023 0.0042968
202.0352647 0.0043189
202.0567371 0.0043453
202.0781995 0.0043934
202.0996519 0.0044162
202.1211144 0.0044539
202.1425868 0.0044839
202.1640492 0.0044976
202.1855216 0.0045316
202.2069840 0.0045422
202.2284565 0.0045360
202.2498989 0.0045987
202.2713713 0.0046201
202.2928337 0.0046428
202.3143062 0.0046989
202.3357686 0.0046772
202.3572210 0.0046856
202.3786935 0.0047983
202.4001559 0.0048180
202.4216183 0.0048355
202.4430708 0.0048684
202.4645432 0.0049046
202.4860056 0.0049133
202.5074581 0.0049443
202.5289305 0.0049967
202.5503929 0.0050213
202.5718454 0.0050829
202.5933078 0.0051239
202.6147602 0.0051570
202.6362327 0.0051819
202.6576951 0.0052070
202.6791476 0.0052502
202.7006200 0.0054004
202.7220624 0.0053565
202.7435349 0.0054044
202.7649873 0.0054574
202.7864498 0.0055086
202.8079022 0.0055385
202.8293746 0.0055825
202.8508171 0.0056277
202.8722895 0.0056429
202.8937420 0.0057008
202.9152044 0.0057399
202.9366569 0.0057692
202.9581293 0.0058128
202.9795818 0.0058627
203.0010442 0.0058661
203.0224967 0.0059248
203.0439491 0.0060222
203.0654116 0.0063028
203.0868641 0.0099602
203.1083165 0.0061032
203.1297790 0.0061844
203.1512314 0.0062206
203.1726839 0.0062672
203.1941563 0.0062932
203.2156088 0.0063446
203.2370612 0.0064047
203.2585037 0.0064641
203.2799762 0.0065061
203.3014286 0.0065669
203.3228811 0.0066164
203.3443336 0.0066724
203.3657960 0.0067144
203.3872485 0.0067462
203.4087009 0.0068058
203.4301534 0.0068365
203.4516059 0.0068738
203.4730584 0.0069354
203.4945208 0.0069572
203.5159733 0.0069927
203.5374258 0.0070194
203.5588782 0.0070258
203.5803307 0.0070358
203.6017832 0.0070133
203.6232356 0.0070040
203.6446781 0.0070384
203.6661306 0.0071054
203.6875831 0.0071706
203.7090355 0.0072408
203.7304880 0.0073190
203.7519405 0.0074172
203.7733930 0.0074895
203.7948455 0.0075933
203.8162979 0.0076243
203.8377504 0.0076986
203.8592029 0.0077691
203.8806554 0.0078348
203.9020979 0.0079209
203.9235503 0.0079640
203.9450028 0.0080279
203.9664553 0.0080671
203.9878978 0.0081182
204.0093403 0.0082003
204.0307928 0.0082609
204.0522453 0.0083483
204.0736977 0.0084188
204.0951502 0.0084537
204.1165827 0.0085325
204.1380352 0.0085830
204.1594877 0.0086548
204.1809402 0.0087403
204.2023827 0.0088098
204.2238352 0.0089071
204.2452777 0.0089764
204.2667302 0.0090371
204.2881727 0.0090956
204.3096252 0.0091851
204.3310777 0.0092524
204.3525102 0.0092755
204.3739627 0.0093469
204.3954152 0.0094058
204.4168477 0.0094649
204.4383002 0.0095388
204.4597327 0.0095867
204.4811852 0.0096676
204.5026377 0.0097303
204.5240802 0.0098417
204.5455327 0.0099320
204.5669652 0.0100194
204.5884177 0.0100927
204.6098502 0.0101667
204.6313027 0.0102224
204.6527452 0.0103070
204.6741877 0.0104100
204.6956302 0.0105176
204.7170827 0.0105787
204.7385153 0.0107160
204.7599678 0.0107736
204.7814003 0.0108506
204.8028428 0.0109170
204.8242953 0.0109995
204.8457278 0.0110633
204.8671803 0.0111709
204.8886129 0.0112653
204.9100554 0.0113384
204.9315079 0.0114158
204.9529404 0.0115152
204.9743729 0.0115508
204.9958254 0.0116287
205.0172680 0.0117207
205.0387005 0.0117634
205.0601430 0.0118637
205.0815855 0.0119524
205.1030281 0.0120464
205.1244606 0.0121018
205.1459031 0.0122117
205.1673556 0.0123293
205.1887882 0.0123887
205.2102207 0.0124800
205.2316632 0.0125912
205.2530958 0.0126668
205.2745283 0.0127570
205.2959808 0.0128503
205.3174233 0.0129515
205.3388559 0.0130059
205.3602984 0.0131173
205.3817309 0.0131873
205.4031635 0.0132742
205.4246060 0.0133702
205.4460386 0.0134676
205.4674711 0.0135448
205.4889136 0.0136407
205.5103462 0.0137393
205.5317887 0.0138253
205.5532212 0.0139092
205.5746538 0.0139901
205.5960963 0.0141272
205.6175289 0.0142287
205.6389714 0.0142826
205.6604039 0.0144132
205.6818365 0.0145832
205.7032790 0.0145511
205.7247116 0.0146545
205.7461441 0.0147576
205.7675667 0.0148956
205.7890092 0.0150075
205.8104418 0.0150995
205.8318743 0.0151252
205.8533169 0.0152295
205.8747494 0.0153436
205.8961720 0.0154125
205.9176145 0.0155271
205.9390471 0.0155694
205.9604796 0.0157621
205.9819022 0.0157294
206.0033447 0.0158210
206.0247773 0.0159017
206.0462099 0.0159593
206.0676324 0.0160687
206.0890750 0.0159980
206.1105075 0.0160145
206.1319301 0.0160336
206.1533627 0.0160857
206.1748052 0.0160373
206.1962178 0.0161586
206.2176603 0.0162055
206.2390829 0.0162488
206.2605155 0.0164640
206.2819480 0.0165431
206.3033706 0.0167378
206.3248132 0.0170182
206.3462357 0.0172214
206.3676683 0.0174212
206.3890909 0.0178404
206.4105234 0.0181168
206.4319460 0.0182731
206.4533786 0.0185356
206.4748012 0.0187414
206.4962437 0.0188783
206.5176663 0.0189900
206.5390989 0.0191093
206.5605215 0.0192907
206.5819440 0.0194661
206.6033766 0.0195261
206.6247992 0.0195906
206.6462318 0.0196189
206.6676543 0.0197517
206.6890769 0.0197883
206.7105095 0.0197916
206.7319321 0.0198473
206.7533547 0.0198954
206.7747772 0.0199809
206.7962098 0.0200538
206.8176324 0.0201925
206.8390550 0.0203134
206.8604876 0.0204222
206.8819102 0.0205102
206.9033328 0.0206190
206.9247553 0.0206176
206.9461779 0.0206448
206.9676105 0.0206327
206.9890331 0.0207561
207.0104557 0.0208182
207.0318783 0.0208654
207.0533009 0.0209362
207.0747235 0.0209547
207.0961361 0.0208998
207.1175787 0.0207720
207.1390013 0.0207147
207.1604238 0.0207296
207.1818365 0.0208037
207.2032590 0.0207671
207.2246816 0.0207375
207.2461042 0.0207611
207.2675268 0.0207428
207.2889494 0.0207825
207.3103720 0.0208096
207.3317847 0.0208893
207.3532073 0.0209188
207.3746299 0.0208930
207.3960525 0.0208133
207.4174751 0.0208530
207.4388977 0.0208273
207.4603003 0.0207555
207.4817229 0.0206721
207.5031455 0.0206212
207.5245681 0.0207200
207.5459807 0.0207826
207.5674033 0.0207370
207.5888259 0.0207529
207.6102385 0.0206786
207.6316512 0.0205867
207.6530738 0.0204979
207.6744964 0.0204491
207.6959190 0.0204560
207.7173216 0.0205328
207.7387442 0.0205330
207.7601668 0.0205332
207.7815695 0.0204913
207.8029921 0.0204033
207.8244147 0.0203541
207.8458373 0.0204602
207.8672399 0.0204413
207.8886626 0.0203940
207.9100652 0.0203626
207.9314878 0.0204363
207.9529104 0.0205026
207.9743231 0.0204888
207.9957357 0.0204970
208.0171483 0.0205059
208.0385709 0.0205414
208.0599836 0.0205518
208.0813962 0.0205700
208.1028188 0.0205626
208.1242214 0.0205038
208.1456441 0.0204139
208.1670467 0.0203768
208.1884693 0.0204187
208.2098720 0.0203330
208.2312946 0.0203833
208.2527072 0.0204067
208.2741099 0.0204748
208.2955325 0.0204696
208.3169351 0.0204426
208.3383578 0.0204201
208.3597604 0.0204385
208.3811731 0.0204267
208.4025857 0.0203464
208.4239983 0.0203481
208.4454010 0.0203735
208.4668236 0.0203961
208.4882263 0.0204003
208.5096389 0.0203908
208.5310615 0.0204440
208.5524642 0.0203618
208.5738668 0.0202344
208.5952795 0.0200381
208.6166921 0.0202057
208.6381048 0.0201913
208.6595074 0.0201767
208.6809101 0.0201949
208.7023227 0.0202390
208.7237454 0.0202798
208.7451480 0.0203188
208.7665507 0.0202724
208.7879633 0.0202538
208.8093660 0.0202662
208.8307686 0.0203339
208.8521813 0.0203969
208.8735840 0.0204134
208.8949866 0.0202586
208.9163993 0.0201316
208.9378119 0.0200668
208.9592246 0.0201246
208.9806272 0.0201747
209.0020299 0.0202193
209.0234426 0.0202053
209.0448452 0.0202521
209.0662379 0.0201593
209.0876406 0.0200335
209.1090532 0.0199009
209.1304559 0.0199001
209.1518586 0.0199939
209.1732712 0.0199319
209.1946739 0.0198811
209.2160765 0.0199188
209.2374892 0.0199634
209.2588919 0.0199450
209.2802846 0.0199614
209.3016872 0.0200186
209.3230899 0.0200721
209.3445026 0.0200481
209.3659052 0.0200228
209.3872979 0.0200580
209.4087006 0.0200973
209.4301133 0.0201729
209.4515159 0.0201361
209.4729086 0.0201729
209.4943113 0.0201482
209.5157140 0.0200593
209.5371266 0.0200192
209.5585093 0.0200165
209.5799220 0.0198967
209.6013247 0.0198185
209.6227174 0.0198378
209.6441201 0.0198586
209.6655128 0.0198856
209.6869154 0.0198898
209.7083281 0.0199383
209.7297208 0.0199934
209.7511235 0.0199901
209.7725162 0.0199372
209.7939189 0.0199728
209.8153116 0.0200927
209.8367142 0.0201173
209.8581069 0.0200015
209.8795096 0.0199100
209.9009023 0.0198760
209.9223050 0.0198713
209.9436977 0.0198940
209.9651104 0.0199166
209.9864931 0.0198953
210.0078858 0.0199932
210.0292985 0.0199352
210.0506812 0.0199105
210.0720939 0.0198755
210.0934866 0.0197816
210.1148693 0.0197036
210.1362820 0.0197443
210.1576647 0.0197971
210.1790574 0.0198261
210.2004701 0.0197529
210.2218528 0.0197825
210.2432455 0.0197401
210.2646382 0.0197134
210.2860409 0.0197396
210.3074336 0.0197320
210.3288263 0.0197526
210.3502190 0.0197120
210.3716117 0.0195473
210.3930144 0.0194908
210.4144071 0.0194858
210.4357998 0.0195146
210.4571826 0.0194877
210.4785753 0.0195000
210.4999680 0.0194683
210.5213607 0.0194831
210.5427534 0.0194169
210.5641561 0.0193656
210.5855488 0.0193339
210.6069416 0.0193656
210.6283243 0.0192903
210.6497170 0.0192637
210.6711097 0.0192322
210.6925024 0.0192087
210.7138952 0.0191867
210.7352779 0.0191975
210.7566706 0.0191617
210.7780633 0.0191820
210.7994560 0.0191409
210.8208288 0.0190893
210.8422215 0.0191005
210.8636142 0.0191967
210.8850069 0.0191702
210.9063897 0.0191711
210.9277824 0.0191673
210.9491751 0.0190343
210.9705679 0.0190056
210.9919406 0.0190032
211.0133333 0.0189703
211.0347261 0.0189083
211.0561088 0.0188650
211.0774915 0.0188318
211.0988843 0.0187824
211.1202670 0.0187570
211.1416597 0.0187324
211.1630325 0.0187216
211.1844252 0.0187909
211.2058179 0.0187441
211.2271907 0.0187386
211.2485834 0.0187117
211.2699762 0.0187473
211.2913489 0.0186769
211.3127416 0.0185971
211.3341344 0.0185786
211.3555071 0.0186764
211.3768999 0.0188016
211.3982726 0.0189076
211.4196654 0.0189607
211.4410581 0.0190170
211.4624309 0.0189940
211.4838236 0.0189816
211.5051963 0.0189627
211.5265891 0.0191014
211.5479618 0.0190710
211.5693546 0.0190141
211.5907273 0.0190109
211.6121101 0.0190137
211.6335028 0.0190068
211.6548756 0.0190059
211.6762684 0.0189967
211.6976411 0.0190200
211.7190139 0.0190302
211.7404066 0.0189963
211.7617794 0.0189738
211.7831721 0.0189799
211.8045449 0.0190074
211.8259277 0.0188488
211.8473004 0.0187102
211.8686932 0.0186993
211.8900659 0.0187772
211.9114387 0.0187835
211.9328315 0.0187954
211.9542042 0.0187554
211.9755870 0.0187777
211.9969598 0.0187214
212.0183325 0.0186220
212.0397253 0.0186200
212.0610981 0.0186448
212.0824808 0.0187087
212.1038536 0.0187231
212.1252264 0.0187184
212.1465992 0.0186052
212.1679819 0.0186109
212.1893747 0.0186289
212.2107475 0.0186765
212.2321202 0.0187291
212.2534930 0.0186740
212.2748758 0.0186644
212.2962486 0.0185908
212.3176213 0.0185674
212.3389941 0.0186042
212.3603769 0.0186561
212.3817497 0.0187050
212.4031225 0.0187580
212.4245052 0.0187750
212.4458780 0.0187591
212.4672508 0.0187588
212.4886136 0.0187428
212.5099864 0.0187263
212.5313691 0.0186819
212.5527419 0.0186766
212.5741147 0.0186619
212.5954875 0.0186292
212.6168703 0.0186897
212.6382231 0.0187829
212.6596059 0.0187996
212.6809787 0.0187549
212.7023514 0.0188150
212.7237342 0.0187898
212.7450870 0.0187102
212.7664698 0.0185964
212.7878426 0.0185777
212.8092154 0.0185614
212.8305782 0.0185316
212.8519510 0.0185599
212.8733238 0.0185825
212.8946866 0.0185148
212.9160594 0.0184052
212.9374422 0.0182388
212.9588050 0.0181453
212.9801778 0.0181486
213.0015406 0.0181705
213.0229134 0.0181795
213.0442762 0.0181842
213.0656490 0.0181644
213.0870218 0.0181341
213.1083846 0.0180935
213.1297574 0.0180976
213.1511202 0.0181264
213.1724930 0.0181493
213.1938558 0.0181478
213.2152286 0.0181812
213.2365915 0.0182053
213.2579543 0.0181732
213.2793271 0.0180265
213.3006899 0.0179604
213.3220627 0.0179600
213.3434255 0.0180661
213.3647883 0.0181005
213.3861611 0.0181429
213.4075240 0.0181815
213.4288768 0.0180932
213.4502596 0.0179902
213.4716124 0.0179193
213.4929752 0.0179344
213.5143580 0.0179496
213.5357109 0.0179456
213.5570737 0.0179000
213.5784365 0.0179540
213.5998093 0.0179114
213.6211721 0.0178770
213.6425350 0.0179220
213.6638878 0.0180089
213.6852506 0.0181303
213.7066234 0.0181527
213.7279863 0.0181716
213.7493491 0.0182156
213.7707119 0.0181970
213.7920648 0.0181660
213.8134276 0.0181513
213.8347904 0.0181693
213.8561533 0.0181590
213.8775061 0.0181168
213.8988689 0.0180819
213.9202318 0.0180194
213.9415946 0.0179420
213.9629474 0.0178379
213.9843103 0.0178718
214.0056731 0.0178258
214.0270359 0.0177494
214.0483888 0.0176815
214.0697516 0.0177345
214.0911144 0.0179089
214.1124773 0.0178942
214.1338301 0.0178608
214.1551930 0.0179233
214.1765558 0.0179360
214.1979186 0.0178674
214.2192615 0.0177434
214.2406243 0.0176107
214.2619772 0.0176862
214.2833400 0.0176840
214.3047029 0.0177110
214.3260457 0.0177043
214.3474086 0.0176693
214.3687714 0.0175890
214.3901343 0.0175280
214.4114771 0.0175239
214.4328300 0.0174989
214.4541928 0.0175309
214.4755357 0.0174574
214.4968985 0.0175277
214.5182614 0.0175607
214.5396043 0.0175907
214.5609671 0.0176062
214.5823300 0.0175903
214.6036728 0.0176120
214.6250357 0.0176082
214.6463785 0.0176529
214.6677414 0.0176486
214.6890843 0.0176462
214.7104471 0.0175512
214.7317900 0.0175235
214.7531528 0.0174959
214.7744957 0.0174676
214.7958586 0.0174986
214.8172014 0.0174844
214.8385643 0.0175348
214.8599072 0.0175240
214.8812700 0.0174550
214.9026129 0.0174094
214.9239758 0.0173555
214.9453186 0.0173982
214.9666615 0.0174156
214.9880244 0.0174629
215.0093673 0.0174312
215.0307101 0.0173850
215.0520730 0.0174121
215.0734159 0.0173806
215.0947688 0.0174090
215.1161116 0.0174152
215.1374745 0.0174561
215.1588174 0.0173904
215.1801603 0.0174027
215.2015031 0.0174843
215.2228660 0.0174769
215.2442089 0.0174404
215.2655518 0.0173998
215.2869047 0.0173901
215.3082476 0.0174152
215.3295904 0.0174352
215.3509533 0.0173668
215.3722962 0.0173088
215.3936391 0.0172518
215.4149920 0.0172548
215.4363349 0.0172409
215.4576777 0.0172782
215.4790206 0.0172705
215.5003635 0.0173174
215.5217164 0.0173128
215.5430593 0.0173163
215.5644022 0.0173062
215.5857451 0.0173317
215.6070980 0.0173996
215.6284409 0.0174687
215.6497838 0.0174061
215.6711267 0.0174056
215.6924796 0.0174274
215.7138225 0.0174762
215.7351654 0.0175082
215.7564983 0.0175094
215.7778412 0.0175593
215.7991841 0.0176974
215.8205270 0.0177328
215.8418799 0.0176814
215.8632228 0.0176806
215.8845557 0.0176842
215.9058986 0.0176165
215.9272415 0.0175797
215.9485844 0.0176152
215.9699173 0.0176591
215.9912602 0.0176508
216.0126031 0.0176117
216.0339560 0.0176591
216.0552789 0.0176674
216.0766318 0.0176443
216.0979747 0.0176004
216.1193076 0.0176378
216.1406506 0.0176763
216.1619735 0.0175838
216.1833264 0.0175272
216.2046693 0.0174704
216.2260022 0.0174827
216.2473451 0.0175183
216.2686780 0.0175735
216.2900210 0.0175858
216.3113539 0.0176790
216.3326968 0.0176199
216.3540197 0.0175360
216.3753726 0.0174972
216.3966956 0.0175056
216.4180485 0.0174731
216.4393714 0.0174313
216.4607243 0.0173923
216.4820473 0.0173895
216.5033802 0.0173934
216.5247231 0.0174208
216.5460560 0.0174536
216.5673890 0.0174409
216.5887319 0.0173292
216.6100648 0.0173244
216.6313878 0.0173126
216.6527307 0.0173474
216.6740636 0.0174157
216.6953965 0.0174427
216.7167395 0.0174918
216.7380724 0.0175032
216.7594053 0.0174206
216.7807283 0.0173592
216.8020612 0.0173708
216.8234041 0.0173745
216.8447371 0.0173415
216.8660700 0.0173134
216.8873930 0.0173426
216.9087259 0.0172933
216.9300588 0.0172418
216.9513818 0.0172025
216.9727347 0.0172540
216.9940577 0.0173127
217.0153906 0.0173452
217.0367235 0.0173114
217.0580465 0.0173524
217.0793794 0.0172783
217.1007124 0.0172762
217.1220453 0.0171497
217.1433683 0.0171512
217.1647012 0.0172652
217.1860342 0.0173076
217.2073571 0.0173678
217.2286901 0.0173757
217.2500030 0.0173886
217.2713360 0.0173762
217.2926689 0.0173041
217.3139919 0.0173295
217.3353248 0.0173253
217.3566578 0.0173231
217.3779808 0.0172507
217.3993037 0.0171813
217.4206267 0.0172318
217.4419596 0.0171858
217.4632926 0.0171634
217.4846155 0.0171716
217.5059385 0.0172146
217.5272615 0.0172370
217.5485944 0.0172321
217.5699274 0.0172315
217.5912404 0.0172807
217.6125733 0.0171777
217.6338963 0.0170315
217.6552193 0.0169838
217.6765422 0.0169918
217.6978552 0.0171021
217.7191882 0.0170922
217.7405211 0.0171134
217.7618341 0.0170686
217.7831671 0.0170551
217.8044800 0.0169832
217.8258130 0.0169262
217.8471260 0.0169702
217.8684490 0.0169855
217.8897719 0.0170046
217.9110949 0.0169987
217.9324179 0.0169781
217.9537409 0.0169571
217.9750538 0.0168789
217.9963868 0.0168347
218.0176998 0.0167794
218.0390328 0.0169404
218.0603458 0.0169739
218.0816587 0.0170659
218.1029917 0.0170322
218.1243047 0.0170629
218.1456177 0.0169595
218.1669507 0.0169939
218.1882637 0.0171141
218.2095766 0.0171366
218.2308996 0.0169568
218.2522226 0.0168121
218.2735456 0.0168708
218.2948586 0.0167331
218.3161716 0.0168699
218.3375046 0.0169715
218.3588176 0.0169937
218.3801306 0.0169548
218.4014435 0.0170730
218.4227565 0.0171440
218.4440795 0.0172025
218.4654025 0.0172331
218.4867155 0.0172863
218.5080385 0.0173485
218.5293515 0.0173457
218.5506645 0.0172315
218.5719775 0.0172269
218.5932905 0.0172576
218.6146035 0.0172889
218.6359265 0.0172831
218.6572395 0.0173695
218.6785525 0.0173875
218.6998655 0.0173294
218.7211785 0.0172004
218.7425015 0.0169651
218.7638145 0.0166999
218.7851275 0.0168228
218.8064405 0.0169898
218.8277535 0.0170951
218.8490566 0.0171642
218.8703696 0.0171605
218.8916826 0.0170518
218.9129956 0.0169255
218.9343186 0.0169543
218.9556316 0.0169559
218.9769246 0.0168593
218.9982476 0.0170182
219.0195607 0.0171889
219.0408737 0.0172528
219.0621767 0.0171769
219.0834897 0.0170680
219.1048027 0.0169474
219.1261057 0.0169571
219.1474188 0.0170295
219.1687318 0.0171402
219.1900348 0.0170902
219.2113478 0.0170372
219.2326608 0.0169694
219.2539639 0.0168571
219.2752769 0.0168313
219.2965699 0.0168141
219.3178929 0.0168407
219.3392060 0.0167907
219.3605090 0.0168089
219.3818220 0.0168378
219.4031151 0.0168246
219.4244381 0.0168266
219.4457311 0.0168319
219.4670441 0.0168902
219.4883472 0.0169129
219.5096502 0.0169174
219.5309632 0.0169485
219.5522563 0.0169831
219.5735793 0.0169846
219.5948723 0.0169725
219.6161754 0.0169628
219.6374884 0.0169506
219.6587914 0.0169727
219.6800845 0.0169161
219.7014075 0.0169444
219.7227006 0.0169052
219.7440036 0.0168309
219.7653166 0.0167972
219.7866197 0.0168466
219.8079127 0.0168203
219.8292158 0.0168565
219.8505188 0.0169247
219.8718319 0.0169356
219.8931349 0.0170132
219.9144280 0.0170042
219.9357310 0.0169788
219.9570340 0.0170936
219.9783271 0.0170676
219.9996302 0.0170326
220.0209432 0.0169830
220.0422462 0.0169711
220.0635393 0.0169222
220.0848424 0.0169093
220.1061454 0.0169617
220.1274385 0.0169882
220.1487415 0.0170481
220.1700446 0.0170075
220.1913376 0.0169610
220.2126407 0.0169262
220.2339437 0.0169071
220.2552368 0.0168956
220.2765399 0.0168255
220.2978329 0.0168475
220.3191260 0.0169135
220.3404191 0.0168322
220.3617221 0.0168108
220.3830252 0.0168185
220.4043182 0.0167712
220.4256213 0.0167580
220.4469044 0.0167467
220.4682074 0.0166878
220.4895005 0.0166827
220.5108036 0.0165031
220.5321066 0.0163601
220.5533897 0.0163045
220.5746828 0.0162038
220.5959858 0.0160637
220.6172689 0.0160108
220.6385720 0.0160118
220.6598651 0.0159849
220.6811581 0.0159543
220.7024512 0.0160201
220.7237543 0.0160394
220.7450374 0.0160387
220.7663404 0.0161055
220.7876335 0.0161591
220.8089166 0.0161329
220.8302197 0.0162143
220.8515028 0.0162159
220.8728058 0.0162131
220.8940889 0.0163238
220.9153920 0.0163418
220.9366751 0.0163263
220.9579682 0.0164109
220.9792612 0.0163627
221.0005543 0.0164903
221.0218374 0.0165595
221.0431305 0.0166390
221.0644236 0.0166189
221.0857067 0.0165782
221.1070098 0.0166049
221.1282929 0.0166320
221.1495760 0.0166320
221.1708790 0.0165994
221.1921621 0.0166442
221.2134452 0.0166347
221.2347283 0.0166989
221.2560314 0.0167011
221.2773145 0.0166594
221.2985976 0.0166990
221.3198807 0.0167247
221.3411838 0.0167468
221.3624669 0.0166735
221.3837500 0.0167340
221.4050331 0.0167879
221.4263162 0.0167857
221.4476093 0.0167774
221.4689024 0.0167510
221.4901855 0.0167589
221.5114686 0.0167997
221.5327617 0.0168381
221.5540448 0.0168199
221.5753279 0.0169311
221.5966110 0.0170094
221.6178941 0.0171145
221.6391773 0.0171190
221.6604604 0.0171301
221.6817435 0.0170898
221.7030366 0.0170079
221.7243197 0.0169885
221.7456028 0.0171319
221.7668859 0.0171682
221.7881690 0.0172047
221.8094521 0.0172377
221.8307253 0.0172242
221.8520084 0.0171019
221.8732915 0.0171001
221.8945746 0.0170880
221.9158577 0.0170875
221.9371408 0.0171328
221.9584140 0.0170921
221.9796971 0.0171215
222.0009802 0.0169939
222.0222633 0.0170278
222.0435365 0.0170026
222.0648196 0.0170371
222.0861027 0.0171089
222.1073858 0.0171881
222.1286590 0.0172126
222.1499421 0.0171835
222.1712252 0.0171546
222.1924983 0.0171636
222.2137815 0.0171133
222.2350546 0.0170764
222.2563377 0.0168996
222.2776208 0.0170443
222.2988840 0.0170197
222.3201771 0.0169904
222.3414403 0.0169837
222.3627234 0.0169468
222.3839965 0.0169093
222.4052797 0.0169028
222.4265528 0.0169038
222.4478359 0.0169634
222.4690991 0.0169692
222.4903722 0.0169581
222.5116553 0.0169908
222.5329285 0.0169688
222.5542116 0.0169044
222.5754748 0.0169049
222.5967479 0.0169301
222.6180311 0.0169166
222.6393042 0.0169129
222.6605673 0.0169598
222.6818505 0.0169114
222.7031236 0.0168395
222.7243968 0.0168910
222.7456599 0.0168221
222.7669431 0.0168733
222.7882162 0.0168880
222.8094894 0.0169100
222.8307525 0.0169015
222.8520257 0.0168450
222.8733088 0.0168593
222.8945820 0.0167764
222.9158451 0.0166985
222.9371183 0.0167504
222.9583815 0.0168177
222.9796546 0.0169485
223.0009278 0.0169568
223.0221909 0.0169449
223.0434641 0.0170075
223.0647272 0.0169690
223.0860104 0.0169600
223.1072836 0.0169471
223.1285567 0.0169489
223.1498099 0.0169145
223.1710731 0.0168766
223.1923462 0.0168679
223.2136194 0.0168689
223.2348825 0.0168804
223.2561557 0.0168552
223.2774189 0.0168529
223.2986920 0.0169131
223.3199652 0.0168827
223.3412284 0.0170211
223.3624816 0.0170018
223.3837547 0.0170996
223.4050179 0.0169908
223.4262911 0.0169054
223.4475642 0.0168504
223.4688174 0.0169628
223.4900806 0.0169888
223.5113538 0.0171211
223.5326269 0.0171332
223.5538801 0.0171137
223.5751433 0.0170575
223.5964165 0.0169773
223.6176697 0.0168707
223.6389328 0.0169130
223.6601960 0.0168109
223.6814592 0.0168639
223.7027324 0.0169466
223.7239856 0.0168349
223.7452487 0.0169640
223.7665119 0.0168936
223.7877751 0.0168998
223.8090283 0.0169027
223.8303015 0.0169204
223.8515547 0.0168984
223.8728179 0.0168734
223.8940811 0.0169275
223.9153442 0.0169256
223.9365974 0.0169727
223.9578706 0.0170128
223.9791238 0.0170603
224.0003770 0.0170408
224.0216502 0.0169846
224.0429034 0.0169905
224.0641666 0.0168854
224.0854198 0.0169060
224.1066730 0.0168235
224.1279262 0.0168992
224.1491994 0.0168527
224.1704526 0.0168185
224.1917058 0.0168595
224.2129790 0.0168605
224.2342322 0.0168755
224.2554854 0.0168992
224.2767386 0.0169118
224.2979918 0.0169378
224.3192450 0.0170227
224.3405182 0.0169254
224.3617714 0.0169283
224.3830246 0.0169710
224.4042778 0.0169509
224.4255310 0.0169621
224.4467842 0.0169968
224.4680375 0.0170389
224.4892907 0.0169947
224.5105439 0.0169402
224.5317971 0.0167604
224.5530603 0.0167544
224.5743135 0.0168075
224.5955667 0.0168306
224.6168199 0.0167998
224.6380732 0.0168823
224.6593264 0.0168965
224.6805796 0.0168341
224.7018328 0.0168284
224.7230860 0.0167681
224.7443392 0.0167165
224.7655925 0.0167506
224.7868357 0.0167697
224.8080889 0.0168378
224.8293421 0.0168209
224.8505954 0.0167524
224.8718486 0.0165923
224.8930918 0.0166197
224.9143450 0.0166540
224.9355983 0.0166757
224.9568515 0.0167019
224.9780847 0.0166599
224.9993479 0.0166229
225.0206012 0.0165541
225.0418344 0.0164817
225.0630876 0.0164056
225.0843409 0.0165050
225.1055841 0.0165049
225.1268373 0.0163824
225.1480806 0.0164787
225.1693338 0.0164751
225.1905670 0.0164727
225.2118203 0.0164857
225.2330735 0.0165937
225.2543167 0.0165743
225.2755700 0.0165674
225.2968032 0.0165880
225.3180465 0.0166617
225.3392997 0.0167636
225.3605429 0.0166554
225.3817962 0.0166893
225.4030294 0.0165627
225.4242827 0.0166519
225.4455259 0.0166167
225.4667592 0.0166258
225.4880224 0.0166000
225.5092557 0.0165142
225.5304989 0.0164052
225.5517522 0.0164077
225.5729854 0.0164271
225.5942287 0.0164190
225.6154619 0.0163595
225.6367152 0.0163988
225.6579584 0.0164598
225.6792017 0.0164411
225.7004349 0.0164063
225.7216782 0.0164104
225.7429314 0.0165564
225.7641647 0.0165654
225.7854079 0.0165327
225.8066412 0.0164966
225.8278845 0.0164502
225.8491177 0.0164918
225.8703610 0.0164601
225.8916042 0.0165020
225.9128375 0.0165327
225.9340808 0.0166312
225.9553140 0.0165062
225.9765573 0.0165091
225.9977906 0.0164649
226.0190338 0.0164511
226.0402671 0.0164802
226.0615104 0.0164533
226.0827436 0.0165447
226.1039869 0.0164932
226.1252302 0.0165462
226.1464634 0.0165707
226.1677067 0.0164474
226.1889400 0.0164202
226.2101633 0.0163983
226.2314065 0.0164467
226.2526398 0.0164760
226.2738831 0.0165048
226.2951164 0.0163580
226.3163396 0.0164094
226.3375829 0.0163596
226.3588262 0.0163869
226.3800595 0.0164374
226.4012827 0.0164996
226.4225260 0.0164367
226.4437593 0.0164596
226.4649826 0.0163648
226.4862259 0.0162986
226.5074591 0.0163263
226.5286824 0.0163016
226.5499257 0.0162669
226.5711490 0.0162685
226.5923823 0.0162441
226.6136156 0.0161757
226.6348489 0.0161865
226.6560921 0.0162346
226.6773154 0.0162359
226.6985487 0.0162660
226.7197720 0.0162253
226.7409953 0.0161141
226.7622386 0.0162555
226.7834619 0.0162311
226.8046952 0.0162858
226.8259185 0.0162946
226.8471418 0.0162458
226.8683851 0.0161889
226.8896084 0.0161160
226.9108517 0.0161887
226.9320750 0.0161473
226.9532983 0.0161604
226.9745216 0.0160320
226.9957549 0.0160397
227.0169782 0.0160805
227.0382015 0.0160884
227.0594248 0.0160738
227.0806681 0.0160739
227.1018914 0.0161253
227.1231147 0.0161662
227.1443380 0.0161920
227.1655613 0.0161693
227.1867946 0.0162377
227.2080179 0.0161754
227.2292412 0.0160591
227.2504646 0.0161127
227.2716979 0.0159579
227.2929212 0.0160972
227.3141445 0.0160663
227.3353678 0.0160993
227.3565911 0.0161890
227.3778144 0.0162196
227.3990377 0.0161610
227.4202611 0.0162239
227.4414844 0.0162667
227.4627077 0.0161977
227.4839310 0.0161444
227.5051543 0.0160406
227.5263776 0.0160820
227.5476010 0.0160183
227.5688043 0.0159819
227.5900276 0.0161358
227.6112509 0.0160504
227.6324743 0.0160824
227.6536976 0.0159285
227.6749109 0.0159893
227.6961342 0.0159469
227.7173576 0.0159843
227.7385809 0.0159056
227.7597842 0.0158346
227.7810076 0.0157576
227.8022409 0.0157178
227.8234642 0.0157513
227.8446676 0.0157824
227.8658909 0.0158742
227.8871042 0.0159418
227.9083275 0.0158745
227.9295509 0.0159774
227.9507542 0.0158699
227.9719776 0.0159313
227.9931909 0.0157810
228.0144142 0.0156613
228.0356176 0.0157507
228.0568409 0.0157226
228.0780543 0.0156907
228.0992776 0.0155711
228.1204809 0.0156008
228.1417043 0.0155817
228.1629176 0.0155572
228.1841410 0.0154447
228.2053443 0.0155566
228.2265676 0.0154793
228.2477810 0.0154650
228.2689843 0.0155249
228.2902077 0.0155324
228.3114210 0.0155054
228.3326244 0.0154756
228.3538477 0.0153855
228.3750611 0.0154402
228.3962644 0.0153073
228.4174778 0.0153470
228.4387011 0.0152331
228.4599045 0.0152418
228.4811179 0.0151587
228.5023212 0.0151898
228.5235346 0.0151102
228.5447379 0.0151508
228.5659613 0.0151247
228.5871746 0.0151077
228.6083780 0.0150765
228.6295914 0.0150470
228.6507947 0.0150339
228.6720081 0.0148959
228.6932114 0.0148670
228.7144248 0.0148949
228.7356282 0.0148954
228.7568415 0.0149026
228.7780449 0.0149991
228.7992583 0.0148894
228.8204616 0.0148437
228.8416750 0.0148270
228.8628784 0.0147083
228.8840917 0.0147081
228.9052951 0.0146090
228.9265085 0.0146853
228.9477019 0.0144856
228.9689052 0.0145890
228.9901186 0.0145135
229.0113220 0.0144866
229.0325353 0.0144681
229.0537387 0.0144308
229.0749321 0.0143632
229.0961455 0.0143873
229.1173489 0.0145036
229.1385622 0.0143974
229.1597556 0.0144133
229.1809590 0.0143404
229.2021724 0.0142270
229.2233658 0.0141630
229.2445691 0.0142034
229.2657825 0.0141454
229.2869759 0.0141107
229.3081793 0.0140648
229.3293727 0.0140005
229.3505861 0.0140225
229.3717795 0.0138270
229.3929828 0.0138505
229.4141962 0.0138431
229.4353896 0.0138319
229.4565930 0.0137998
229.4777864 0.0137786
229.4989798 0.0138035
229.5201832 0.0137568
229.5413766 0.0137736
229.5625900 0.0137453
229.5837834 0.0137427
229.6049868 0.0138019
229.6261802 0.0137809
229.6473736 0.0137195
229.6685869 0.0138538
229.6897803 0.0138196
229.7109737 0.0138038
229.7321671 0.0138520
229.7533705 0.0138330
229.7745640 0.0138909
229.7957574 0.0138408
229.8169508 0.0139474
229.8381642 0.0138792
229.8593576 0.0138468
229.8805510 0.0138761
229.9017444 0.0139978
229.9229378 0.0139375
229.9441312 0.0140719
229.9653346 0.0140192
229.9865280 0.0140911
230.0077214 0.0141845
230.0289148 0.0142341
230.0501082 0.0142424
230.0713017 0.0143372
230.0924951 0.0143948
230.1136885 0.0144698
230.1348819 0.0144280
230.1560753 0.0145235
230.1772687 0.0146012
230.1984621 0.0146155
230.2196556 0.0147073
230.2408490 0.0147162
230.2620424 0.0147971
230.2832158 0.0147547
230.3044092 0.0147933
230.3256027 0.0147604
230.3467961 0.0147409
230.3679895 0.0148137
230.3891829 0.0148988
230.4103564 0.0149679
230.4315498 0.0149918
230.4527432 0.0149773
230.4739366 0.0151370
230.4951201 0.0150561
230.5163135 0.0151041
230.5375069 0.0151836
230.5586804 0.0151380
230.5798738 0.0152135
230.6010672 0.0152949
230.6222407 0.0151979
230.6434341 0.0151573
230.6646275 0.0150870
230.6858109 0.0151403
230.7070044 0.0151901
230.7281778 0.0151666
230.7493713 0.0152039
230.7705547 0.0152463
230.7917481 0.0151328
230.8129216 0.0151304
230.8341150 0.0151075
230.8552985 0.0150650
230.8764919 0.0151591
230.8976653 0.0150535
230.9188588 0.0150485
230.9400322 0.0150584
230.9612157 0.0150313
230.9824091 0.0150917
231.0035826 0.0151123
231.0247660 0.0151088
231.0459594 0.0151197
231.0671329 0.0151387
231.0883164 0.0151163
231.1095098 0.0152290
231.1306833 0.0152227
231.1518567 0.0152684
231.1730402 0.0151655
231.1942136 0.0152014
231.2154071 0.0150614
231.2365905 0.0150582
231.2577640 0.0151314
231.2789474 0.0150404
231.3001209 0.0149241
231.3213043 0.0149337
231.3424778 0.0149539
231.3636513 0.0148338
231.3848447 0.0147663
231.4060282 0.0147131
231.4272016 0.0145944
231.4483851 0.0145156
231.4695586 0.0142814
231.4907420 0.0141615
231.5119155 0.0140694
231.5330790 0.0139266
231.5542524 0.0137971
231.5754359 0.0136611
231.5966094 0.0136191
231.6177928 0.0135038
231.6389663 0.0135371
231.6601498 0.0135099
231.6813232 0.0134737
231.7025067 0.0134685
231.7236602 0.0134705
231.7448437 0.0134422
231.7660171 0.0134118
231.7872006 0.0133061
231.8083641 0.0132768
231.8295376 0.0132625
231.8507210 0.0131894
231.8718945 0.0132565
231.8930580 0.0132060
231.9142315 0.0132002
231.9354150 0.0131299
231.9565784 0.0130663
231.9777519 0.0130311
231.9989154 0.0129926
232.0200989 0.0130027
232.0412724 0.0130759
232.0624359 0.0129848
232.0836093 0.0129305
232.1047728 0.0128650
232.1259563 0.0128510
232.1471198 0.0128397
232.1682933 0.0128195
232.1894568 0.0127882
232.2106203 0.0127639
232.2317938 0.0126886
232.2529573 0.0127019
232.2741407 0.0127155
232.2953042 0.0125950
232.3164677 0.0125981
232.3376412 0.0126029
232.3588047 0.0126220
232.3799682 0.0124747
232.4011417 0.0125131
232.4223052 0.0124931
232.4434687 0.0124772
232.4646522 0.0124306
232.4858157 0.0123544
232.5069692 0.0123606
232.5281327 0.0123399
232.5492962 0.0122905
232.5704797 0.0123123
232.5916432 0.0122407
232.6128067 0.0122735
232.6339702 0.0122261
232.6551238 0.0121457
232.6762873 0.0121473
232.6974508 0.0121425
232.7186143 0.0121337
232.7397778 0.0120995
232.7609413 0.0120580
232.7821048 0.0120576
232.8032683 0.0119872
232.8244318 0.0119878
232.8455953 0.0119370
232.8667589 0.0118712
232.8879224 0.0119617
232.9090759 0.0118718
232.9302394 0.0118307
232.9514029 0.0118198
232.9725664 0.0117976
232.9937200 0.0117520
233.0148835 0.0117059
233.0360370 0.0117220
233.0572005 0.0117061
233.0783640 0.0116373
233.0995176 0.0116228
233.1206811 0.0115623
233.1418446 0.0115482
233.1629981 0.0114904
233.1841517 0.0114642
233.2053152 0.0114613
233.2264787 0.0114542
233.2476222 0.0113634
233.2687858 0.0113737
233.2899493 0.0113992
233.3110928 0.0113139
233.3322564 0.0113438
233.3534099 0.0113085
233.3745734 0.0113069
233.3957370 0.0112507
233.4168805 0.0112318
233.4380440 0.0112447
233.4591876 0.0112342
233.4803511 0.0112173
233.5015046 0.0112084
233.5226482 0.0111238
233.5438117 0.0111476
233.5649553 0.0111390
233.5861188 0.0111076
233.6072723 0.0110707
233.6284159 0.0110401
233.6495794 0.0110180
233.6707230 0.0110407
233.6918765 0.0109616
233.7130401 0.0110057
233.7341836 0.0108935
233.7553272 0.0109364
233.7764807 0.0109492
233.7976442 0.0109072
233.8187878 0.0108764
233.8399313 0.0108831
233.8610849 0.0108583
233.8822484 0.0108160
233.9033920 0.0108219
233.9245455 0.0107787
233.9456891 0.0107803
233.9668327 0.0107568
233.9879862 0.0107471
234.0091298 0.0107025
234.0302833 0.0106501
234.0514269 0.0106612
234.0725704 0.0106302
234.0937240 0.0106044
234.1148676 0.0105868
234.1360111 0.0105615
234.1571647 0.0105544
234.1783082 0.0105167
234.1994618 0.0105401
234.2206054 0.0104803
234.2417489 0.0104824
234.2629025 0.0104593
234.2840461 0.0104091
234.3051796 0.0103976
234.3263332 0.0103739
234.3474768 0.0103549
234.3686203 0.0103056
234.3897739 0.0103463
234.4109075 0.0102925
234.4320511 0.0103184
234.4531946 0.0102715
234.4743482 0.0102494
234.4954818 0.0102136
234.5166253 0.0101717
234.5377689 0.0101369
234.5589025 0.0101405
234.5800561 0.0101216
234.6011996 0.0101021
234.6223332 0.0100658
234.6434768 0.0100411
234.6646104 0.0100196
234.6857640 0.0100037
234.7068876 0.0099860
234.7280411 0.0099713
234.7491747 0.0099614
234.7703183 0.0099299
234.7914519 0.0099014
234.8125955 0.0098821
234.8337291 0.0098790
234.8548826 0.0098303
234.8760162 0.0098200
234.8971398 0.0097896
234.9182934 0.0097832
234.9394270 0.0097575
234.9605706 0.0097265
234.9817042 0.0097047
235.0028378 0.0097022
235.0239714 0.0096838
235.0451150 0.0096555
235.0662485 0.0096231
235.0873821 0.0096454
235.1085157 0.0096091
235.1296593 0.0095904
235.1507929 0.0095787
235.1719265 0.0095526
235.1930601 0.0095475
235.2141837 0.0095122
235.2353173 0.0094867
235.2564709 0.0094684
235.2776045 0.0094566
235.2987281 0.0094114
235.3198617 0.0094202
235.3409954 0.0094101
235.3621290 0.0093744
235.3832626 0.0093564
235.4043962 0.0093378
235.4255298 0.0093148
235.4466634 0.0092935
235.4677870 0.0092538
235.4889206 0.0092240
235.5100542 0.0092274
235.5311778 0.0091709
235.5523014 0.0091409
235.5734351 0.0091659
235.5945687 0.0091462
235.6157023 0.0091172
235.6368359 0.0090833
235.6579495 0.0090620
235.6790831 0.0090815
235.7002167 0.0090126
235.7213504 0.0090290
235.7424640 0.0089953
235.7635976 0.0089783
235.7847312 0.0089868
235.8058648 0.0089452
235.8269785 0.0089221
235.8481121 0.0089015
235.8692457 0.0088803
235.8903593 0.0088750
235.9114930 0.0089291
235.9326066 0.0090924
