# wl 	 tx
213.3096027 0.0707205
213.3310555 0.0737956
213.3525082 0.0743883
213.3739610 0.0750851
213.3954137 0.0752763
213.4168564 0.0749830
213.4382992 0.0751656
213.4597520 0.0754663
213.4812047 0.0760108
213.5026574 0.0762079
213.5241102 0.0765938
213.5455430 0.0772468
213.5669957 0.0775225
213.5884485 0.0773861
213.6099012 0.0774318
213.6313440 0.0772103
213.6527867 0.0772996
213.6742395 0.0774762
213.6956822 0.0772361
213.7171350 0.0773422
213.7385878 0.0777375
213.7600405 0.0777433
213.7814733 0.0775717
213.8029260 0.0776960
213.8243588 0.0776600
213.8458116 0.0775848
213.8672643 0.0774567
213.8886971 0.0775110
213.9101499 0.0775552
213.9316026 0.0779807
213.9530454 0.0778677
213.9744981 0.0780379
213.9959309 0.0780066
214.0173837 0.0783996
214.0388165 0.0781832
214.0602692 0.0782413
214.0817120 0.0782172
214.1031548 0.0779458
214.1245975 0.0779694
214.1460503 0.0778731
214.1674831 0.0782195
214.1889359 0.0784021
214.2103686 0.0787838
214.2318214 0.0786889
214.2532642 0.0785926
214.2747170 0.0783732
214.2961497 0.0782664
214.3175825 0.0785460
214.3390353 0.0784042
214.3604781 0.0781197
214.3819109 0.0782471
214.4033636 0.0784450
214.4247964 0.0784910
214.4462392 0.0783643
214.4676920 0.0784085
214.4891248 0.0783091
214.5105576 0.0782030
214.5320104 0.0780895
214.5534531 0.0780375
214.5748859 0.0782904
214.5963187 0.0784304
214.6177715 0.0785075
214.6392143 0.0783896
214.6606471 0.0787367
214.6820899 0.0788065
214.7035327 0.0790110
214.7249755 0.0788340
214.7464083 0.0791071
214.7678510 0.0791712
214.7892838 0.0796281
214.8107166 0.0795940
214.8321694 0.0795031
214.8536122 0.0794720
214.8750450 0.0793627
214.8964778 0.0793869
214.9179206 0.0794868
214.9393534 0.0796135
214.9607962 0.0799406
214.9822290 0.0797983
215.0036618 0.0795409
215.0251046 0.0796317
215.0465374 0.0796744
215.0679802 0.0795690
215.0894131 0.0796429
215.1108459 0.0797063
215.1322887 0.0791976
215.1537215 0.0788854
215.1751543 0.0791155
215.1965971 0.0793831
215.2180299 0.0791831
215.2394727 0.0793733
215.2609055 0.0795140
215.2823383 0.0795453
215.3037811 0.0794224
215.3252139 0.0791811
215.3466568 0.0789396
215.3680696 0.0790446
215.3895124 0.0792305
215.4109452 0.0791480
215.4323880 0.0788218
215.4538208 0.0790907
215.4752537 0.0789074
215.4966765 0.0788639
215.5181193 0.0788139
215.5395521 0.0789371
215.5609849 0.0786065
215.5824078 0.0782818
215.6038506 0.0781884
215.6252834 0.0781667
215.6467162 0.0786588
215.6681391 0.0794012
215.6895819 0.0791621
215.7110147 0.0787795
215.7324375 0.0787241
215.7538704 0.0782645
215.7753132 0.0785781
215.7967360 0.0788637
215.8181688 0.0787212
215.8396017 0.0784650
215.8610245 0.0783249
215.8824673 0.0785073
215.9038802 0.0784279
215.9253230 0.0783382
215.9467458 0.0785407
215.9681787 0.0789882
215.9896115 0.0789527
216.0110344 0.0789089
216.0324772 0.0790153
216.0539000 0.0790223
216.0753329 0.0790688
216.0967557 0.0791540
216.1181885 0.0791485
216.1396114 0.0788726
216.1610442 0.0791670
216.1824671 0.0793319
216.2038899 0.0794824
216.2253328 0.0796354
216.2467456 0.0798372
216.2681884 0.0796729
216.2896113 0.0797131
216.3110241 0.0799956
216.3324670 0.0799717
216.3538898 0.0797659
216.3753127 0.0798218
216.3967455 0.0800740
216.4181684 0.0800114
216.4395912 0.0800189
216.4610241 0.0798452
216.4824469 0.0797180
216.5038698 0.0794735
216.5253026 0.0792243
216.5467255 0.0791000
216.5681484 0.0789833
216.5895712 0.0788702
216.6109941 0.0787155
216.6324269 0.0785009
216.6538498 0.0785605
216.6752726 0.0784235
216.6966955 0.0782716
216.7181084 0.0784361
216.7395512 0.0784408
216.7609741 0.0786480
216.7823969 0.0783413
216.8038098 0.0782305
216.8252327 0.0781607
216.8466555 0.0779909
216.8680784 0.0774340
216.8895013 0.0769883
216.9109241 0.0771175
216.9323470 0.0771818
216.9537599 0.0771851
216.9752027 0.0770184
216.9966256 0.0767150
217.0180485 0.0763322
217.0394614 0.0760395
217.0608842 0.0757684
217.0823071 0.0754215
217.1037100 0.0750729
217.1251329 0.0746001
217.1465557 0.0740739
217.1679786 0.0732478
217.1894015 0.0711750
217.2108244 0.0700283
217.2322472 0.0698209
217.2536601 0.0695168
217.2750830 0.0692780
217.2965059 0.0692140
217.3179188 0.0688793
217.3393316 0.0687029
217.3607545 0.0685785
217.3821774 0.0684493
217.4036003 0.0681917
217.4250232 0.0678152
217.4464261 0.0673806
217.4678489 0.0674371
217.4892718 0.0669074
217.5106947 0.0667505
217.5320976 0.0669070
217.5535205 0.0664092
217.5749434 0.0665004
217.5963663 0.0661772
217.6177692 0.0659691
217.6391921 0.0659308
217.6606149 0.0658729
217.6820178 0.0650204
217.7034407 0.0654405
217.7248636 0.0647681
217.7462665 0.0645188
217.7676894 0.0641021
217.7890923 0.0643413
217.8105152 0.0639400
217.8319381 0.0635849
217.8533410 0.0632861
217.8747639 0.0633773
217.8961768 0.0629306
217.9175897 0.0628126
217.9390026 0.0626934
217.9604255 0.0623504
217.9818284 0.0619847
218.0032513 0.0624314
218.0246542 0.0622669
218.0460771 0.0615293
218.0674801 0.0620164
218.0889030 0.0617327
218.1103059 0.0610981
218.1317188 0.0611183
218.1531417 0.0606626
218.1745446 0.0602786
218.1959675 0.0603341
218.2173704 0.0595652
218.2387833 0.0583010
218.2601962 0.0581835
218.2816092 0.0581892
218.3030121 0.0586813
218.3244350 0.0583689
218.3458379 0.0586165
218.3672508 0.0589643
218.3886637 0.0582338
218.4100767 0.0582331
218.4314796 0.0574062
218.4528825 0.0575944
218.4743054 0.0574187
218.4957183 0.0569867
218.5171213 0.0562489
218.5385242 0.0559727
218.5599371 0.0562338
218.5813600 0.0562521
218.6027630 0.0556341
218.6241659 0.0559437
218.6455788 0.0560297
218.6669817 0.0560981
218.6883847 0.0552904
218.7098076 0.0547169
218.7312105 0.0520724
218.7526235 0.0508726
218.7740264 0.0526418
218.7954293 0.0540021
218.8168422 0.0538798
218.8382452 0.0535831
218.8596481 0.0533402
218.8810611 0.0528524
218.9024640 0.0521651
218.9238669 0.0530390
218.9452799 0.0528575
218.9666828 0.0533215
218.9880857 0.0531923
219.0094987 0.0529643
219.0309016 0.0529433
219.0523046 0.0525890
219.0737175 0.0528167
219.0951204 0.0529574
219.1165134 0.0528310
219.1379163 0.0524679
219.1593293 0.0524685
219.1807322 0.0521120
219.2021352 0.0523261
219.2235481 0.0518973
219.2449510 0.0517419
219.2663440 0.0516226
219.2877470 0.0515942
219.3091499 0.0512999
219.3305628 0.0510256
219.3519658 0.0509125
219.3733588 0.0507211
219.3947617 0.0505157
219.4161647 0.0505612
219.4375776 0.0505405
219.4589706 0.0504402
219.4803735 0.0503072
219.5017765 0.0501429
219.5231694 0.0497575
219.5445724 0.0496695
219.5659853 0.0496432
219.5873783 0.0494296
219.6087813 0.0493388
219.6301742 0.0492708
219.6515772 0.0487636
219.6729801 0.0488678
219.6943731 0.0485447
219.7157861 0.0484193
219.7371690 0.0483119
219.7585820 0.0481050
219.7799650 0.0482042
219.8013779 0.0480885
219.8227809 0.0477659
219.8441739 0.0477084
219.8655768 0.0474761
219.8869698 0.0473167
219.9083628 0.0471674
219.9297657 0.0471353
219.9511587 0.0469124
219.9725617 0.0469010
219.9939547 0.0466195
220.0153676 0.0465225
220.0367506 0.0462222
220.0581436 0.0461261
220.0795466 0.0460999
220.1009395 0.0458992
220.1223325 0.0456746
220.1437355 0.0455320
220.1651285 0.0454638
220.1865215 0.0452256
220.2079244 0.0450160
220.2293174 0.0449445
220.2507104 0.0448756
220.2721134 0.0446531
220.2935064 0.0445939
220.3148993 0.0443181
220.3362923 0.0443318
220.3576953 0.0441248
220.3790883 0.0440954
220.4004813 0.0438587
220.4218743 0.0436731
220.4432573 0.0434767
220.4646702 0.0433113
220.4860532 0.0430833
220.5074462 0.0428311
220.5288392 0.0426535
220.5502322 0.0424877
220.5716252 0.0420285
220.5930182 0.0418748
220.6144012 0.0417800
220.6357942 0.0417665
220.6571872 0.0416900
220.6785902 0.0418704
220.6999832 0.0420027
220.7213762 0.0418181
220.7427692 0.0418873
220.7641522 0.0417769
220.7855452 0.0416972
220.8069382 0.0416284
220.8283312 0.0415613
220.8497042 0.0414392
220.8710972 0.0412822
220.8924902 0.0414486
220.9138832 0.0413154
220.9352662 0.0410900
220.9566592 0.0410957
220.9780522 0.0409763
220.9994452 0.0409590
221.0208382 0.0408417
221.0422212 0.0407602
221.0636042 0.0406472
221.0849973 0.0405529
221.1063803 0.0403901
221.1277733 0.0402948
221.1491663 0.0402093
221.1705393 0.0401173
221.1919323 0.0401467
221.2133253 0.0399362
221.2347183 0.0399364
221.2560914 0.0399862
221.2774844 0.0398146
221.2988774 0.0397273
221.3202504 0.0395043
221.3416434 0.0394151
221.3630265 0.0392611
221.3844095 0.0391902
221.4058025 0.0391491
221.4271855 0.0391496
221.4485685 0.0388971
221.4699516 0.0388954
221.4913446 0.0387208
221.5127276 0.0385817
221.5341106 0.0386132
221.5554937 0.0385399
221.5768767 0.0385826
221.5982597 0.0383603
221.6196527 0.0382556
221.6410258 0.0381678
221.6624188 0.0380483
221.6837918 0.0380572
221.7051849 0.0378945
221.7265579 0.0379223
221.7479509 0.0378162
221.7693240 0.0375895
221.7907170 0.0374992
221.8120900 0.0373473
221.8334831 0.0371896
221.8548561 0.0371346
221.8762392 0.0371006
221.8976222 0.0369850
221.9190052 0.0369755
221.9403783 0.0368180
221.9617713 0.0367978
221.9831444 0.0367705
222.0045174 0.0366152
222.0259104 0.0364441
222.0472835 0.0363425
222.0686665 0.0362926
222.0900396 0.0360913
222.1114326 0.0360830
222.1328057 0.0360227
222.1541787 0.0359769
222.1755618 0.0358822
222.1969448 0.0358227
222.2183279 0.0356972
222.2397009 0.0355699
222.2610740 0.0354442
222.2824570 0.0354075
222.3038301 0.0353512
222.3252231 0.0354110
222.3465962 0.0354089
222.3679692 0.0352146
222.3893523 0.0350579
222.4107253 0.0350056
222.4320984 0.0349195
222.4534715 0.0348773
222.4748545 0.0347151
222.4962276 0.0347364
222.5176006 0.0345566
222.5389737 0.0344895
222.5603568 0.0342552
222.5817298 0.0342720
222.6031029 0.0341861
222.6244859 0.0340735
222.6458590 0.0340608
222.6672321 0.0339723
222.6886051 0.0339579
222.7099882 0.0339421
222.7313613 0.0337683
222.7527343 0.0335421
222.7741174 0.0335194
222.7954905 0.0335512
222.8168535 0.0334407
222.8382266 0.0333601
222.8595997 0.0332727
222.8809728 0.0332614
222.9023558 0.0331721
222.9237189 0.0330902
222.9450920 0.0329485
222.9664651 0.0328028
222.9878381 0.0328116
223.0092212 0.0327377
223.0305743 0.0326584
223.0519574 0.0325188
223.0733304 0.0324243
223.0946935 0.0322262
223.1160666 0.0321930
223.1374397 0.0322231
223.1588028 0.0320423
223.1801758 0.0318173
223.2015589 0.0317912
223.2229120 0.0316321
223.2442951 0.0315523
223.2656682 0.0314890
223.2870313 0.0312161
223.3084044 0.0312788
223.3297674 0.0311715
223.3511405 0.0311705
223.3725036 0.0311239
223.3938767 0.0310832
223.4152398 0.0310555
223.4366129 0.0309511
223.4579760 0.0308462
223.4793491 0.0308284
223.5007122 0.0306801
223.5220853 0.0306206
223.5434484 0.0305858
223.5648215 0.0304988
223.5861846 0.0304071
223.6075577 0.0303727
223.6289208 0.0303813
223.6502839 0.0302478
223.6716569 0.0301050
223.6930201 0.0301900
223.7143832 0.0300838
223.7357563 0.0300429
223.7571194 0.0299623
223.7784725 0.0299774
223.7998556 0.0299747
223.8212087 0.0299458
223.8425718 0.0298166
223.8639449 0.0297404
223.8853080 0.0296874
223.9066711 0.0296552
223.9280342 0.0295102
223.9494073 0.0295329
223.9707704 0.0293691
223.9921235 0.0293086
224.0134866 0.0293285
224.0348498 0.0291551
224.0562129 0.0291525
224.0775860 0.0291257
224.0989491 0.0290137
224.1203122 0.0289868
224.1416653 0.0290122
224.1630284 0.0289794
224.1843916 0.0288400
224.2057547 0.0288058
224.2271078 0.0286927
224.2484709 0.0287893
224.2698340 0.0286063
224.2911972 0.0286597
224.3125503 0.0285681
224.3339134 0.0286586
224.3552765 0.0285599
224.3766397 0.0285062
224.3979928 0.0283514
224.4193559 0.0282742
224.4407190 0.0282001
224.4620822 0.0281546
224.4834353 0.0281509
224.5047984 0.0280160
224.5261615 0.0279992
224.5475247 0.0279310
224.5688678 0.0277622
224.5902309 0.0277920
224.6115841 0.0276966
224.6329472 0.0273813
224.6543103 0.0274575
224.6756735 0.0274351
224.6970166 0.0274332
224.7183797 0.0272752
224.7397329 0.0272023
224.7610960 0.0271781
224.7824392 0.0272091
224.8038023 0.0271547
224.8251654 0.0271345
224.8465086 0.0270450
224.8678717 0.0269743
224.8892348 0.0269865
224.9105880 0.0268469
224.9319411 0.0268350
224.9532943 0.0267077
224.9746474 0.0267164
224.9960006 0.0266631
225.0173637 0.0264480
225.0387069 0.0263402
225.0600700 0.0263571
225.0814132 0.0262581
225.1027763 0.0262640
225.1241195 0.0261857
225.1454826 0.0261596
225.1668458 0.0261040
225.1881889 0.0260047
225.2095321 0.0259337
225.2308952 0.0259119
225.2522384 0.0258219
225.2736015 0.0258749
225.2949447 0.0257632
225.3163078 0.0256956
225.3376510 0.0256865
225.3590142 0.0255545
225.3803573 0.0255123
225.4017105 0.0253710
225.4230636 0.0254008
225.4444068 0.0252964
225.4657600 0.0252270
225.4871131 0.0252260
225.5084663 0.0251157
225.5298095 0.0250071
225.5511726 0.0250289
225.5725158 0.0250229
225.5938590 0.0249929
225.6152021 0.0250052
225.6365653 0.0249192
225.6579085 0.0248223
225.6792616 0.0248042
225.7006048 0.0247439
225.7219680 0.0247485
225.7433111 0.0246546
225.7646543 0.0246279
225.7859975 0.0245797
225.8073507 0.0245500
225.8286938 0.0244880
225.8500370 0.0244215
225.8714002 0.0244067
225.8927433 0.0243705
225.9140865 0.0243480
225.9354297 0.0242432
225.9567829 0.0242444
225.9781261 0.0241555
225.9994692 0.0240671
226.0208124 0.0240453
226.0421656 0.0240135
226.0635088 0.0239756
226.0848520 0.0238518
226.1061952 0.0237511
226.1275383 0.0238695
226.1488915 0.0237896
226.1702347 0.0237052
226.1915779 0.0237574
226.2129111 0.0235840
226.2342543 0.0236406
226.2555975 0.0235802
226.2769507 0.0235247
226.2982938 0.0234406
226.3196370 0.0233898
226.3409802 0.0233882
226.3623134 0.0233754
226.3836566 0.0232727
226.4049998 0.0231889
226.4263530 0.0231765
226.4476962 0.0232241
226.4690294 0.0231745
226.4903726 0.0230358
226.5117158 0.0231191
226.5330590 0.0229865
226.5543922 0.0229495
226.5757354 0.0228954
226.5970786 0.0228105
226.6184118 0.0227406
226.6397550 0.0226573
226.6611082 0.0226737
226.6824314 0.0226586
226.7037846 0.0225258
226.7251078 0.0224932
226.7464610 0.0224531
226.7678042 0.0224277
226.7891274 0.0223479
226.8104806 0.0223975
226.8318039 0.0223524
226.8531571 0.0223036
226.8744803 0.0222722
226.8958335 0.0221959
226.9171567 0.0221458
226.9384999 0.0220776
226.9598331 0.0220680
226.9811763 0.0221047
227.0025096 0.0219654
227.0238428 0.0219311
227.0451860 0.0220127
227.0665192 0.0219405
227.0878624 0.0219017
227.1091956 0.0219040
227.1305189 0.0218577
227.1518721 0.0217669
227.1731953 0.0217202
227.1945285 0.0217112
227.2158718 0.0216272
227.2372050 0.0216408
227.2585382 0.0216126
227.2798814 0.0215225
227.3012146 0.0214709
227.3225379 0.0214089
227.3438711 0.0213567
227.3652143 0.0213431
227.3865476 0.0213697
227.4078808 0.0212565
227.4292040 0.0212071
227.4505373 0.0211583
227.4718705 0.0211053
227.4932137 0.0211954
227.5145469 0.0211032
227.5358702 0.0210457
227.5572034 0.0209602
227.5785367 0.0208726
227.5998699 0.0208579
227.6211931 0.0207912
227.6425264 0.0207270
227.6638596 0.0207557
227.6851828 0.0207257
227.7065161 0.0206329
227.7278493 0.0206755
227.7491726 0.0206857
227.7705058 0.0205323
227.7918391 0.0205404
227.8131723 0.0204516
227.8344955 0.0204478
227.8558288 0.0204273
227.8771620 0.0203729
227.8984853 0.0203034
227.9198185 0.0202762
227.9411518 0.0202055
227.9624850 0.0201943
227.9837983 0.0201816
228.0051215 0.0200995
228.0264548 0.0200693
228.0477880 0.0199777
228.0691113 0.0199720
228.0904445 0.0199784
228.1117578 0.0199049
228.1330910 0.0199560
228.1544243 0.0199690
228.1757475 0.0199569
228.1970708 0.0198491
228.2183941 0.0198468
228.2397273 0.0198176
228.2610406 0.0197377
228.2823738 0.0197096
228.3037071 0.0196933
228.3250204 0.0196678
228.3463536 0.0195791
228.3676769 0.0196289
228.3889902 0.0196046
228.4103234 0.0195220
228.4316367 0.0195059
228.4529699 0.0194643
228.4743032 0.0194857
228.4956165 0.0194761
228.5169497 0.0194216
228.5382630 0.0194268
228.5595863 0.0193830
228.5809096 0.0193559
228.6022328 0.0193517
228.6235561 0.0193231
228.6448794 0.0192353
228.6661926 0.0192671
228.6875159 0.0192898
228.7088392 0.0192112
228.7301625 0.0192018
228.7514857 0.0190966
228.7727990 0.0191226
228.7941223 0.0190933
228.8154456 0.0190109
228.8367589 0.0190724
228.8580821 0.0190021
228.8794054 0.0189375
228.9007287 0.0188653
228.9220420 0.0189070
228.9433653 0.0188405
228.9646885 0.0187701
228.9860018 0.0187465
229.0073151 0.0187059
229.0286484 0.0187086
229.0499617 0.0186886
229.0712750 0.0186586
229.0925883 0.0186400
229.1139016 0.0186694
229.1352248 0.0186430
229.1565481 0.0186023
229.1778614 0.0185932
229.1991847 0.0186052
229.2204980 0.0185771
229.2418113 0.0185654
229.2631246 0.0185001
229.2844379 0.0184276
229.3057512 0.0183999
229.3270745 0.0184714
229.3483878 0.0183467
229.3697011 0.0183496
229.3910144 0.0182698
229.4123277 0.0182699
229.4336510 0.0182237
229.4549643 0.0182132
229.4762776 0.0181526
229.4975909 0.0181364
229.5189042 0.0180452
229.5402175 0.0180243
229.5615408 0.0180678
229.5828541 0.0180098
229.6041674 0.0180257
229.6254707 0.0179761
229.6467840 0.0180006
229.6680973 0.0179166
229.6894106 0.0178737
229.7107239 0.0177758
229.7320472 0.0177262
229.7533406 0.0177128
229.7746539 0.0176405
229.7959772 0.0175882
229.8172905 0.0175732
229.8385838 0.0174714
229.8599071 0.0173927
229.8812204 0.0173313
229.9025138 0.0173318
229.9238371 0.0173257
229.9451504 0.0172582
229.9664437 0.0172200
229.9877670 0.0172179
230.0090804 0.0170552
230.0303737 0.0170176
230.0516970 0.0169708
230.0730103 0.0169797
230.0943036 0.0169698
230.1156270 0.0169509
230.1369203 0.0169054
230.1582336 0.0168380
230.1795369 0.0168246
230.2008503 0.0167179
230.2221536 0.0166972
230.2434669 0.0166421
230.2647703 0.0165831
230.2860836 0.0165352
230.3073869 0.0164865
230.3287002 0.0164566
230.3499936 0.0163364
230.3712969 0.0163499
230.3926102 0.0162949
230.4139136 0.0161732
230.4352169 0.0161545
230.4565302 0.0161693
230.4778236 0.0160827
230.4991269 0.0160144
230.5204403 0.0160130
230.5417436 0.0160134
230.5630469 0.0159438
230.5843603 0.0158653
230.6056536 0.0158639
230.6269570 0.0158413
230.6482603 0.0157681
230.6695736 0.0157663
230.6908670 0.0157262
230.7121703 0.0156879
230.7334737 0.0156165
230.7547670 0.0155769
230.7760704 0.0155033
230.7973837 0.0155322
230.8186871 0.0154104
230.8399904 0.0153644
230.8612838 0.0153714
230.8825871 0.0153134
230.9038905 0.0153045
230.9251838 0.0152078
230.9464872 0.0152918
230.9677805 0.0151658
230.9890839 0.0150893
231.0103872 0.0150406
231.0316806 0.0150339
231.0529840 0.0149756
231.0742873 0.0149898
231.0955807 0.0149998
231.1168840 0.0149633
231.1381874 0.0149048
231.1594808 0.0148314
231.1807841 0.0148001
231.2020875 0.0148558
231.2233808 0.0147818
231.2446642 0.0147260
231.2659676 0.0147219
231.2872709 0.0147090
231.3085643 0.0146529
231.3298677 0.0146608
231.3511710 0.0146164
231.3724544 0.0145706
231.3937478 0.0145334
231.4150511 0.0145374
231.4363545 0.0145408
231.4576379 0.0144576
231.4789412 0.0144503
231.5002346 0.0144400
231.5215180 0.0143839
231.5428214 0.0143734
231.5641247 0.0142991
231.5854081 0.0142695
231.6067015 0.0142397
231.6280049 0.0142170
231.6492883 0.0141794
231.6705916 0.0141849
231.6918750 0.0141742
231.7131784 0.0141194
231.7344718 0.0141161
231.7557552 0.0140572
231.7770585 0.0140029
231.7983419 0.0139912
231.8196453 0.0139628
231.8409287 0.0139307
231.8622321 0.0139273
231.8835155 0.0138400
231.9047988 0.0138008
231.9261022 0.0137883
231.9473856 0.0137890
231.9686790 0.0137372
231.9899624 0.0137163
232.0112658 0.0137138
232.0325492 0.0136449
232.0538326 0.0136090
232.0751360 0.0136207
232.0964194 0.0135832
232.1177028 0.0135919
232.1390061 0.0135283
232.1602895 0.0135151
232.1815729 0.0134389
232.2028563 0.0134276
232.2241597 0.0133263
232.2454431 0.0133217
232.2667265 0.0133231
232.2880099 0.0132591
232.3092933 0.0132478
232.3305967 0.0132413
232.3518801 0.0131957
232.3731635 0.0131360
232.3944569 0.0130563
232.4157403 0.0130271
232.4370237 0.0129934
232.4583072 0.0129482
232.4795906 0.0129775
232.5008940 0.0129185
232.5221774 0.0128619
232.5434608 0.0128026
232.5647442 0.0127564
232.5860276 0.0128196
232.6073110 0.0127209
232.6285944 0.0127310
232.6498878 0.0127027
232.6711712 0.0126601
232.6924547 0.0126439
232.7137381 0.0126146
232.7350115 0.0125883
232.7562949 0.0125670
232.7775783 0.0124744
232.7988618 0.0124894
232.8201452 0.0124720
232.8414286 0.0125145
232.8627120 0.0124311
232.8839954 0.0124082
232.9052689 0.0123759
232.9265523 0.0123609
232.9478357 0.0123425
232.9691191 0.0123080
232.9903926 0.0123214
233.0116760 0.0123242
233.0329594 0.0122583
233.0542428 0.0122330
233.0755163 0.0122109
233.0967997 0.0121861
233.1180831 0.0120837
233.1393565 0.0120715
233.1606400 0.0120909
233.1819234 0.0120299
233.2031968 0.0120255
233.2244803 0.0120058
233.2457637 0.0119843
233.2670371 0.0119467
233.2883206 0.0119645
233.3095840 0.0118978
233.3308674 0.0119086
233.3521409 0.0117957
233.3734243 0.0118042
233.3946978 0.0117291
233.4159812 0.0117566
233.4372446 0.0117222
233.4585381 0.0116957
233.4798015 0.0116902
233.5010850 0.0116573
233.5223584 0.0116392
233.5436418 0.0116252
233.5649153 0.0115826
233.5861787 0.0115700
233.6074622 0.0115177
233.6287356 0.0114505
233.6500091 0.0114706
233.6712925 0.0114472
233.6925560 0.0113554
233.7138294 0.0113360
233.7351129 0.0113498
233.7563863 0.0112919
233.7776498 0.0112711
233.7989232 0.0112693
233.8202067 0.0112191
233.8414801 0.0112171
233.8627436 0.0111705
233.8840171 0.0111790
233.9052805 0.0111565
233.9265740 0.0112049
233.9478374 0.0111781
233.9691109 0.0111527
233.9903744 0.0110839
234.0116478 0.0111012
234.0329213 0.0110452
234.0541847 0.0110294
234.0754582 0.0109781
234.0967217 0.0109601
234.1179951 0.0109424
234.1392686 0.0108918
234.1605321 0.0108770
234.1818055 0.0108188
234.2030690 0.0107523
234.2243425 0.0107708
234.2456159 0.0108185
234.2668794 0.0107924
234.2881529 0.0107222
234.3094163 0.0107107
234.3306898 0.0106751
234.3519633 0.0106382
234.3732268 0.0105670
234.3945002 0.0105916
234.4157637 0.0105873
234.4370172 0.0105733
234.4582907 0.0105924
234.4795641 0.0105592
234.5008276 0.0105421
234.5221011 0.0105133
234.5433546 0.0104971
234.5646181 0.0104830
234.5858915 0.0104653
234.6071650 0.0103974
234.6284185 0.0103777
234.6496820 0.0103752
234.6709555 0.0103422
234.6922090 0.0103255
234.7134824 0.0102411
234.7347459 0.0102091
234.7559994 0.0102131
234.7772729 0.0101926
234.7985464 0.0101598
234.8197999 0.0101699
234.8410634 0.0101779
234.8623169 0.0100609
234.8835903 0.0100830
234.9048438 0.0100792
234.9261173 0.0100857
234.9473708 0.0100573
234.9686343 0.0100143
234.9898878 0.0100082
235.0111613 0.0099748
235.0324148 0.0100007
235.0536883 0.0099383
235.0749418 0.0099195
235.0961953 0.0098771
235.1174588 0.0099014
235.1387123 0.0098147
235.1599858 0.0098116
235.1812393 0.0097910
235.2024928 0.0097828
235.2237663 0.0097431
235.2450198 0.0097759
235.2662733 0.0097250
235.2875468 0.0096893
235.3088003 0.0096801
235.3300538 0.0096605
235.3513074 0.0096516
235.3725709 0.0096570
235.3938244 0.0095648
235.4150779 0.0095818
235.4363414 0.0095616
235.4575949 0.0095539
235.4788484 0.0095041
235.5001119 0.0094793
235.5213654 0.0094341
235.5426190 0.0094286
235.5638825 0.0094268
235.5851360 0.0093882
235.6063895 0.0093767
235.6276430 0.0093292
235.6488965 0.0093128
235.6701501 0.0092716
235.6914036 0.0092712
235.7126571 0.0092737
235.7339106 0.0092149
235.7551641 0.0092390
235.7764177 0.0091694
235.7976712 0.0091318
235.8189247 0.0091215
235.8401882 0.0091258
235.8614418 0.0091335
235.8826953 0.0090763
235.9039488 0.0090825
235.9252023 0.0090794
235.9464359 0.0090458
235.9676894 0.0089892
235.9889529 0.0089762
236.0102065 0.0089711
236.0314600 0.0089605
236.0527135 0.0089903
236.0739471 0.0088855
236.0952006 0.0088695
236.1164541 0.0088804
236.1377177 0.0088112
236.1589512 0.0088164
236.1802047 0.0087610
236.2014583 0.0087400
236.2227018 0.0087309
236.2439554 0.0087138
236.2652089 0.0087514
236.2864424 0.0087107
236.3077060 0.0086690
236.3289395 0.0086406
236.3501931 0.0086474
236.3714466 0.0086215
236.3926902 0.0085727
236.4139437 0.0085752
236.4351773 0.0085468
236.4564308 0.0085371
236.4776743 0.0085011
236.4989279 0.0084786
236.5201714 0.0084985
236.5414250 0.0084365
236.5626585 0.0084278
236.5839121 0.0083753
236.6051556 0.0083800
236.6263892 0.0083482
236.6476527 0.0083243
236.6688863 0.0082774
236.6901399 0.0082716
236.7113834 0.0082490
236.7326170 0.0082356
236.7538705 0.0082038
236.7751141 0.0082010
236.7963477 0.0081567
236.8175912 0.0081298
236.8388448 0.0080732
236.8600883 0.0080695
236.8813219 0.0080815
236.9025655 0.0080598
236.9238190 0.0080732
236.9450526 0.0080780
236.9662961 0.0079844
236.9875297 0.0079694
237.0087733 0.0079302
237.0300168 0.0079207
237.0512704 0.0079465
237.0725040 0.0079279
237.0937475 0.0079061
237.1149811 0.0078645
237.1362247 0.0078580
237.1574583 0.0078345
237.1787018 0.0078434
237.1999354 0.0078077
237.2211790 0.0077712
237.2424226 0.0077813
237.2636561 0.0077053
237.2848997 0.0076842
237.3061333 0.0076920
237.3273769 0.0077049
237.3486104 0.0076723
237.3698540 0.0076590
237.3910876 0.0076267
237.4123312 0.0076188
237.4335548 0.0076026
237.4547984 0.0075967
237.4760319 0.0075782
237.4972755 0.0075363
237.5185091 0.0075269
237.5397527 0.0075186
237.5609763 0.0075128
237.5822099 0.0075228
237.6034534 0.0074829
237.6246870 0.0074502
237.6459106 0.0074299
237.6671542 0.0074128
237.6883878 0.0073658
237.7096214 0.0073630
237.7308550 0.0073510
237.7520986 0.0073391
237.7733222 0.0073431
237.7945558 0.0072828
237.8157994 0.0073012
237.8370230 0.0072505
237.8582566 0.0072563
237.8794802 0.0072222
237.9007238 0.0072094
237.9219474 0.0072120
237.9431810 0.0071686
237.9644245 0.0071540
237.9856482 0.0071381
238.0068718 0.0071186
238.0281154 0.0070903
238.0493390 0.0070572
238.0705726 0.0070634
238.0917962 0.0070680
238.1130398 0.0070426
238.1342634 0.0070387
238.1554870 0.0069822
238.1767206 0.0069964
238.1979442 0.0069549
238.2191878 0.0069161
238.2404114 0.0069081
238.2616350 0.0069447
238.2828786 0.0069123
238.3041023 0.0068657
238.3253259 0.0068402
238.3465495 0.0068399
238.3677831 0.0068444
238.3890067 0.0068268
238.4102303 0.0068032
238.4314540 0.0068050
238.4526776 0.0067667
238.4739212 0.0067701
238.4951448 0.0067163
238.5163684 0.0066927
238.5375920 0.0066920
238.5588157 0.0066443
238.5800393 0.0066017
238.6012629 0.0066655
238.6224865 0.0066495
238.6437102 0.0066388
238.6649338 0.0065932
238.6861774 0.0065760
238.7074010 0.0065748
238.7286247 0.0065665
238.7498483 0.0065307
238.7710519 0.0065320
238.7922756 0.0065386
238.8134992 0.0065171
238.8347228 0.0064297
238.8559465 0.0064852
238.8771701 0.0064459
238.8983937 0.0064245
238.9196173 0.0064315
238.9408410 0.0064309
238.9620646 0.0064071
238.9832783 0.0063958
239.0045019 0.0063688
239.0257255 0.0063274
239.0469492 0.0063271
239.0681728 0.0063238
239.0893765 0.0063065
239.1106001 0.0062447
239.1318237 0.0062426
239.1530374 0.0062184
239.1742610 0.0062040
239.1954847 0.0061863
239.2167083 0.0062052
239.2379220 0.0061847
239.2591456 0.0061718
239.2803493 0.0061695
239.3015729 0.0061309
239.3227965 0.0061166
239.3440102 0.0061245
239.3652338 0.0060884
239.3864375 0.0060870
239.4076611 0.0060551
239.4288748 0.0060512
239.4500984 0.0060162
239.4713021 0.0060100
239.4925258 0.0059795
239.5137394 0.0059643
239.5349631 0.0059475
239.5561667 0.0059376
239.5773904 0.0059243
239.5986040 0.0059127
239.6198277 0.0058836
239.6410314 0.0058791
239.6622450 0.0058915
239.6834687 0.0058830
239.7046723 0.0058483
239.7258860 0.0058503
239.7471097 0.0058444
239.7683133 0.0058542
239.7895270 0.0058139
239.8107307 0.0057929
239.8319543 0.0057898
239.8531680 0.0057393
239.8743717 0.0057317
239.8955853 0.0057349
239.9168090 0.0057092
239.9380127 0.0057242
239.9592263 0.0057013
239.9804300 0.0056750
240.0016437 0.0056571
240.0228474 0.0056645
240.0440610 0.0056647
240.0652647 0.0056245
240.0864884 0.0056139
240.1077021 0.0055881
240.1289057 0.0055913
240.1501194 0.0055756
240.1713231 0.0055578
240.1925368 0.0055505
240.2137405 0.0055714
240.2349541 0.0055406
240.2561578 0.0055330
240.2773715 0.0054996
240.2985652 0.0054878
240.3197689 0.0054992
240.3409826 0.0054489
240.3621863 0.0054575
240.3833999 0.0054347
240.4046036 0.0054127
240.4258173 0.0054127
240.4470210 0.0053955
240.4682147 0.0053890
240.4894284 0.0053561
240.5106321 0.0053443
240.5318458 0.0053074
240.5530494 0.0053274
240.5742431 0.0053138
240.5954568 0.0052971
240.6166605 0.0052890
240.6378542 0.0052622
240.6590679 0.0052608
240.6802716 0.0052428
240.7014653 0.0052249
240.7226790 0.0052085
240.7438827 0.0052381
240.7650764 0.0052062
240.7862901 0.0051969
240.8074838 0.0051593
240.8286875 0.0051517
240.8499012 0.0051292
240.8710949 0.0051256
240.8922986 0.0051174
240.9134923 0.0050955
240.9346960 0.0051019
240.9558898 0.0050745
240.9771035 0.0050731
240.9982972 0.0050514
241.0194909 0.0050447
241.0406946 0.0050330
241.0618883 0.0049922
241.0831020 0.0050119
241.1042957 0.0049959
241.1254894 0.0049680
241.1466931 0.0049540
241.1678869 0.0049510
241.1890806 0.0049506
241.2102943 0.0049508
241.2314880 0.0049013
241.2526817 0.0048844
241.2738754 0.0048905
241.2950792 0.0048911
241.3162729 0.0048834
241.3374666 0.0048613
241.3586603 0.0048419
241.3798540 0.0048433
241.4010678 0.0048122
241.4222615 0.0047952
241.4434452 0.0048068
241.4646389 0.0047868
241.4858327 0.0047805
241.5070264 0.0047468
241.5282201 0.0047581
241.5494139 0.0047468
241.5706076 0.0047378
241.5918213 0.0047152
241.6130150 0.0047205
241.6342088 0.0046922
241.6554025 0.0047051
241.6765962 0.0046888
241.6977700 0.0046599
241.7189637 0.0046501
241.7401574 0.0046518
241.7613512 0.0046234
241.7825449 0.0046269
241.8037386 0.0046100
241.8249324 0.0045919
241.8461261 0.0045896
241.8673198 0.0045802
241.8884936 0.0045607
241.9096873 0.0045789
241.9308811 0.0045415
241.9520748 0.0045047
241.9732686 0.0045203
241.9944523 0.0045231
242.0156460 0.0045125
242.0368398 0.0044928
242.0580335 0.0044778
242.0792073 0.0044829
242.1004010 0.0044692
242.1215948 0.0044548
242.1427685 0.0044296
242.1639623 0.0044416
242.1851460 0.0044205
242.2063398 0.0044000
242.2275335 0.0043786
242.2487073 0.0043838
242.2699010 0.0043755
242.2910848 0.0043699
242.3122785 0.0043225
242.3334523 0.0043386
242.3546461 0.0043305
242.3758298 0.0043129
242.3970136 0.0043018
242.4181973 0.0042966
242.4393911 0.0042808
242.4605649 0.0042725
242.4817586 0.0042688
242.5029424 0.0042325
242.5241162 0.0042008
242.5453099 0.0042206
242.5664937 0.0042020
242.5876674 0.0041739
242.6088612 0.0041867
242.6300350 0.0041640
242.6512187 0.0041859
242.6724125 0.0041664
242.6935863 0.0041645
242.7147700 0.0041358
242.7359438 0.0041274
242.7571376 0.0041015
242.7783213 0.0040878
242.7994951 0.0041154
242.8206789 0.0040987
242.8418527 0.0040723
242.8630265 0.0040486
242.8842202 0.0040737
242.9054040 0.0040702
242.9265778 0.0040363
242.9477616 0.0040326
242.9689353 0.0040333
242.9901191 0.0040370
243.0112929 0.0040001
243.0324767 0.0039894
243.0536505 0.0039851
243.0748242 0.0039653
243.0960080 0.0039667
243.1171818 0.0039322
243.1383656 0.0039449
243.1595394 0.0039431
243.1807232 0.0039237
243.2018969 0.0039300
243.2230807 0.0039018
243.2442345 0.0039116
243.2654183 0.0039110
243.2865921 0.0038773
243.3077759 0.0038679
243.3289497 0.0038643
243.3501335 0.0038741
243.3712973 0.0038647
243.3924711 0.0038294
243.4136549 0.0038279
243.4348286 0.0038069
243.4559925 0.0038193
243.4771663 0.0038023
243.4983500 0.0037774
243.5195138 0.0037782
243.5406876 0.0037785
243.5618714 0.0037638
243.5830253 0.0037534
243.6042090 0.0037257
243.6253828 0.0037224
243.6465467 0.0037433
243.6677304 0.0037157
243.6888943 0.0037011
243.7100681 0.0036897
243.7312319 0.0036855
243.7524057 0.0036803
243.7735695 0.0036634
243.7947533 0.0036601
243.8159171 0.0036485
243.8370909 0.0036678
243.8582547 0.0036247
243.8794385 0.0036146
243.9005923 0.0036191
243.9217562 0.0036040
243.9429400 0.0035845
243.9641038 0.0035783
243.9852776 0.0035681
244.0064414 0.0035564
244.0276052 0.0035481
244.0487890 0.0035245
244.0699429 0.0035327
244.0911067 0.0035367
244.1122705 0.0034991
244.1334543 0.0034979
244.1546181 0.0035021
244.1757820 0.0034900
244.1969358 0.0034693
244.2180996 0.0034810
244.2392834 0.0034596
244.2604473 0.0034427
244.2816111 0.0034600
244.3027749 0.0034379
244.3239387 0.0034216
244.3450926 0.0034281
244.3662564 0.0034371
244.3874202 0.0034238
244.4085841 0.0033979
244.4297479 0.0033789
244.4509117 0.0033808
244.4720756 0.0033752
244.4932394 0.0033139
244.5144032 0.0032874
244.5355670 0.0033424
244.5567309 0.0033490
244.5778947 0.0033324
244.5990486 0.0033290
244.6202124 0.0033284
244.6413762 0.0033243
244.6625401 0.0033081
244.6837039 0.0033037
244.7048578 0.0033012
244.7260116 0.0032837
244.7471754 0.0032992
244.7683393 0.0032681
244.7895031 0.0032542
244.8106570 0.0032617
244.8318208 0.0032469
244.8529747 0.0032484
244.8741285 0.0032192
244.8952924 0.0032035
244.9164562 0.0032131
244.9376001 0.0032118
244.9587639 0.0031877
244.9799277 0.0031844
245.0010716 0.0031798
245.0222355 0.0031980
245.0433993 0.0031706
245.0645532 0.0031486
245.0857070 0.0031522
245.1068609 0.0031480
245.1280247 0.0031393
245.1491686 0.0031287
245.1703324 0.0031191
245.1914863 0.0031084
245.2126402 0.0031089
245.2337940 0.0030934
245.2549579 0.0030786
245.2761017 0.0030700
245.2972556 0.0030809
245.3184095 0.0030331
245.3395633 0.0030537
245.3607272 0.0030488
245.3818711 0.0030394
245.4030249 0.0030390
245.4241788 0.0030340
245.4453327 0.0030170
245.4664765 0.0030222
245.4876304 0.0030064
245.5087943 0.0030000
245.5299381 0.0029917
245.5510820 0.0029993
245.5722359 0.0029948
245.5933798 0.0029795
245.6145436 0.0029706
245.6356875 0.0029609
245.6568414 0.0029699
245.6779852 0.0029585
245.6991391 0.0029422
245.7202830 0.0029282
245.7414269 0.0029228
245.7625808 0.0029352
245.7837246 0.0029160
245.8048785 0.0029176
245.8260424 0.0029051
245.8471863 0.0029026
245.8683202 0.0028958
245.8894640 0.0028863
245.9106179 0.0028795
245.9317618 0.0028820
245.9529057 0.0028631
245.9740596 0.0028643
245.9952035 0.0028624
246.0163574 0.0028555
246.0375012 0.0028531
246.0586451 0.0028491
246.0797990 0.0028441
246.1009329 0.0028290
246.1220768 0.0028246
246.1432207 0.0028160
246.1643746 0.0028130
246.1855085 0.0028023
246.2066524 0.0027970
246.2277963 0.0027870
246.2489502 0.0027743
246.2700841 0.0027738
246.2912280 0.0027601
246.3123719 0.0027612
246.3335058 0.0027707
246.3546597 0.0027705
246.3758036 0.0027345
246.3969375 0.0027236
246.4180814 0.0027370
246.4392153 0.0027323
246.4603692 0.0027283
246.4815031 0.0027122
246.5026470 0.0027101
246.5237909 0.0027162
246.5449248 0.0026975
246.5660587 0.0026866
246.5872026 0.0026887
246.6083365 0.0026788
246.6294904 0.0026812
246.6506243 0.0026718
246.6717682 0.0026536
246.6929022 0.0026589
246.7140361 0.0026464
246.7351800 0.0026446
246.7563139 0.0026306
246.7774478 0.0026398
246.7985917 0.0026424
246.8197257 0.0026228
246.8408596 0.0025994
246.8620035 0.0025997
246.8831374 0.0025989
246.9042713 0.0026035
246.9254053 0.0025807
246.9465392 0.0025821
246.9676831 0.0025779
246.9888170 0.0025723
247.0099509 0.0025873
247.0310849 0.0025579
247.0522188 0.0025642
247.0733527 0.0025442
247.0944766 0.0025437
247.1156106 0.0025492
247.1367645 0.0025324
247.1578984 0.0025343
247.1790224 0.0025254
247.2001563 0.0025186
247.2212902 0.0025195
247.2424241 0.0025012
247.2635581 0.0025093
247.2846920 0.0025022
247.3058060 0.0024994
247.3269399 0.0024802
247.3480738 0.0024876
247.3692078 0.0024868
247.3903417 0.0024776
247.4114656 0.0024745
247.4325996 0.0024585
247.4537335 0.0024512
247.4748574 0.0024670
247.4959814 0.0024545
247.5171153 0.0024477
247.5382493 0.0024520
247.5593732 0.0024376
247.5804972 0.0024277
247.6016311 0.0024311
247.6227650 0.0024233
247.6438790 0.0024160
247.6650129 0.0024154
247.6861469 0.0024063
247.7072708 0.0023866
247.7283948 0.0023789
247.7495287 0.0023383
247.7706527 0.0023594
247.7917766 0.0023731
247.8129006 0.0023688
247.8340345 0.0023688
247.8551485 0.0023644
247.8762824 0.0023504
247.8973964 0.0023462
247.9185304 0.0023372
247.9396443 0.0023476
247.9607783 0.0023406
247.9819022 0.0023277
248.0030362 0.0023271
248.0241502 0.0023100
248.0452641 0.0023221
248.0663981 0.0023074
248.0875120 0.0022918
248.1086360 0.0022949
248.1297700 0.0023012
248.1508839 0.0022865
248.1719979 0.0022816
248.1931319 0.0022647
248.2142558 0.0022699
248.2353698 0.0022663
248.2564838 0.0022706
248.2776177 0.0022459
248.2987317 0.0022378
248.3198557 0.0022268
248.3409696 0.0022463
248.3620836 0.0022276
248.3832076 0.0022205
248.4043416 0.0022280
248.4254555 0.0022247
248.4465695 0.0022196
248.4676935 0.0022002
248.4888075 0.0022003
248.5099214 0.0022011
248.5310454 0.0021874
248.5521594 0.0021831
248.5732734 0.0021899
248.5943974 0.0021781
248.6155113 0.0021834
248.6366253 0.0021815
248.6577493 0.0021662
248.6788633 0.0021451
248.6999773 0.0021515
248.7210813 0.0021561
248.7422052 0.0021441
248.7633192 0.0021418
248.7844332 0.0021373
248.8055572 0.0021363
248.8266712 0.0021252
248.8477752 0.0021229
248.8688892 0.0021079
248.8900032 0.0021194
248.9111272 0.0021240
248.9322312 0.0021058
248.9533451 0.0020940
248.9744591 0.0020897
248.9955631 0.0020931
249.0166771 0.0020916
249.0378011 0.0020847
249.0589051 0.0020767
249.0800191 0.0020781
249.1011331 0.0020760
249.1222371 0.0020715
249.1433511 0.0020678
249.1644551 0.0020558
249.1855791 0.0020516
249.2066731 0.0020545
249.2277971 0.0020430
249.2489011 0.0020350
249.2700151 0.0020216
249.2911191 0.0020316
249.3122332 0.0020189
249.3333372 0.0020182
249.3544512 0.0020244
249.3755552 0.0020363
249.3966592 0.0020116
249.4177732 0.0020150
249.4388772 0.0019920
249.4599812 0.0019892
249.4810952 0.0019978
249.5021992 0.0019896
249.5233033 0.0019830
249.5444173 0.0019754
249.5655213 0.0019756
249.5866253 0.0019749
249.6077293 0.0019813
249.6288233 0.0019628
249.6499474 0.0019601
249.6710514 0.0019629
249.6921454 0.0019490
249.7132494 0.0019532
249.7343534 0.0019440
249.7554575 0.0019387
249.7765615 0.0019416
249.7976655 0.0019458
249.8187795 0.0019302
249.8398836 0.0019214
249.8609876 0.0019216
249.8820816 0.0019221
249.9031856 0.0019133
249.9242897 0.0019058
249.9453937 0.0019042
249.9664777 0.0019104
249.9875818 0.0019036
250.0086858 0.0018939
250.0297898 0.0018948
250.0508839 0.0018897
250.0719879 0.0018904
250.0930919 0.0018771
250.1141960 0.0018659
250.1352800 0.0018688
250.1563840 0.0018752
250.1774881 0.0018682
250.1985921 0.0018575
250.2196861 0.0018496
250.2407802 0.0018541
250.2618742 0.0018556
250.2829783 0.0018451
250.3040723 0.0018422
250.3251664 0.0018485
250.3462704 0.0018325
250.3673545 0.0018394
250.3884585 0.0018350
250.4095625 0.0018239
250.4306466 0.0018235
250.4517506 0.0018212
250.4728347 0.0018208
250.4939387 0.0018108
250.5150328 0.0018056
250.5361268 0.0018053
250.5572209 0.0017995
250.5783249 0.0017941
250.5994090 0.0017961
250.6205130 0.0017883
250.6415971 0.0017853
250.6627011 0.0017886
250.6837852 0.0017728
250.7048693 0.0017761
250.7259733 0.0017736
250.7470574 0.0017769
250.7681614 0.0017732
250.7892555 0.0017629
250.8103396 0.0017482
250.8314236 0.0017613
250.8525277 0.0017550
250.8736117 0.0017561
250.8947058 0.0017426
250.9157899 0.0017369
250.9368939 0.0017404
250.9579780 0.0017408
250.9790621 0.0017314
251.0001461 0.0017259
251.0212402 0.0017241
251.0423243 0.0017124
251.0634283 0.0017161
251.0845124 0.0017133
251.1055965 0.0017078
251.1266905 0.0017087
251.1477746 0.0016978
251.1688587 0.0017027
251.1899528 0.0016871
251.2110368 0.0016915
251.2321209 0.0016903
251.2532150 0.0016950
251.2742991 0.0016825
251.2953832 0.0016779
251.3164672 0.0016760
251.3375413 0.0016726
251.3586254 0.0016799
251.3797195 0.0016770
251.4008036 0.0016591
251.4218876 0.0016573
251.4429817 0.0016654
251.4640658 0.0016464
251.4851399 0.0016506
251.5062240 0.0016467
251.5273081 0.0016410
251.5484021 0.0016390
251.5694662 0.0016476
251.5905603 0.0016368
251.6116444 0.0016331
251.6327185 0.0016242
251.6538026 0.0016363
251.6748867 0.0016162
251.6959608 0.0016218
251.7170449 0.0016248
251.7381190 0.0016307
251.7592031 0.0016176
251.7802972 0.0016298
251.8013613 0.0015993
251.8224554 0.0016099
251.8435195 0.0016041
251.8646135 0.0015940
251.8856777 0.0015958
251.9067717 0.0015946
251.9278459 0.0015888
251.9489100 0.0015821
251.9700041 0.0015868
251.9910682 0.0015776
252.0121623 0.0015774
252.0332264 0.0015680
252.0543005 0.0015813
252.0753846 0.0015652
252.0964587 0.0015679
252.1175328 0.0015664
252.1386169 0.0015660
252.1596910 0.0015634
252.1807651 0.0015582
252.2018392 0.0015549
252.2229233 0.0015528
252.2439975 0.0015512
252.2650616 0.0015452
252.2861357 0.0015435
252.3072098 0.0015431
252.3282839 0.0015329
252.3493680 0.0015394
252.3704421 0.0015352
252.3915163 0.0015306
252.4125804 0.0015251
252.4336545 0.0015305
252.4547286 0.0015305
252.4758027 0.0015214
252.4968669 0.0015177
252.5179410 0.0015078
252.5390151 0.0015139
252.5600892 0.0015110
252.5811534 0.0014993
252.6022275 0.0014971
252.6233016 0.0015003
252.6443558 0.0015182
252.6654299 0.0014975
252.6865040 0.0014961
252.7075681 0.0014888
252.7286423 0.0015008
252.7497164 0.0014855
252.7707705 0.0014873
252.7918447 0.0014775
252.8129188 0.0014816
252.8339929 0.0014741
252.8550471 0.0014790
252.8761212 0.0014695
252.8971853 0.0014758
252.9182595 0.0014681
252.9393136 0.0014708
252.9603877 0.0014559
252.9814419 0.0014594
253.0025160 0.0014495
253.0235902 0.0014556
253.0446443 0.0014507
253.0657184 0.0014424
253.0867726 0.0014385
253.1078467 0.0014343
253.1289009 0.0014500
253.1499750 0.0014457
253.1710292 0.0014420
253.1921033 0.0014320
253.2131575 0.0014426
253.2342316 0.0014335
253.2552858 0.0014303
253.2763599 0.0014297
253.2974141 0.0014227
253.3184682 0.0014169
253.3395424 0.0014166
253.3605965 0.0014230
253.3816607 0.0014180
253.4027248 0.0014202
253.4237890 0.0014154
253.4448431 0.0014185
253.4658973 0.0014043
253.4869714 0.0014001
253.5080256 0.0013948
253.5290798 0.0013983
253.5501439 0.0014006
253.5711981 0.0013979
253.5922722 0.0013893
253.6133264 0.0013980
253.6343806 0.0013949
253.6554347 0.0013907
253.6764889 0.0013735
253.6975531 0.0013794
253.7186072 0.0013897
253.7396614 0.0013721
253.7607156 0.0013733
253.7817797 0.0013665
253.8028339 0.0013721
253.8238881 0.0013703
253.8449422 0.0013673
253.8660064 0.0013772
253.8870606 0.0013632
253.9081148 0.0013598
253.9291689 0.0013548
253.9502331 0.0013509
253.9712673 0.0013536
253.9923315 0.0013437
254.0133856 0.0013431
254.0344398 0.0013338
254.0554940 0.0013370
254.0765382 0.0013378
254.0975924 0.0013253
254.1186465 0.0013419
254.1397107 0.0013391
254.1607449 0.0013399
254.1818091 0.0013372
254.2028633 0.0013282
254.2239074 0.0013215
254.2449616 0.0013393
254.2660158 0.0013196
254.2870600 0.0013223
254.3081142 0.0013205
254.3291584 0.0013195
254.3502126 0.0013166
254.3712568 0.0013108
254.3923109 0.0013074
254.4133551 0.0013132
254.4344093 0.0013074
254.4554535 0.0013120
254.4765077 0.0013024
254.4975519 0.0012964
254.5186061 0.0013062
254.5396403 0.0012991
254.5606845 0.0012929
254.5817387 0.0012922
254.6027829 0.0012928
254.6238371 0.0012928
254.6448813 0.0012986
254.6659255 0.0012855
254.6869697 0.0012809
254.7080239 0.0012826
254.7290581 0.0012847
254.7501023 0.0012825
254.7711465 0.0012778
254.7922007 0.0012716
254.8132449 0.0012762
254.8342891 0.0012756
254.8553233 0.0012713
254.8763675 0.0012663
254.8974118 0.0012722
254.9184660 0.0012694
254.9395102 0.0012580
254.9605444 0.0012580
254.9815886 0.0012579
255.0026328 0.0012497
255.0236770 0.0012559
255.0447112 0.0012583
255.0657554 0.0012513
255.0867997 0.0012590
255.1078339 0.0012481
255.1288781 0.0012373
255.1499223 0.0012535
255.1709465 0.0012481
255.1919908 0.0012329
255.2130250 0.0012346
255.2340692 0.0012327
255.2551134 0.0012366
255.2761576 0.0012438
255.2971819 0.0012342
255.3182161 0.0012428
255.3392603 0.0012229
255.3603045 0.0012198
255.3813488 0.0012358
255.4023730 0.0012179
255.4234072 0.0012234
255.4444514 0.0012171
255.4654757 0.0012216
255.4865199 0.0012227
255.5075641 0.0012082
255.5285884 0.0012109
255.5496326 0.0012211
255.5706568 0.0012156
255.5917011 0.0012082
255.6127253 0.0012027
255.6337695 0.0012103
255.6548038 0.0012055
255.6758280 0.0012045
255.6968723 0.0012001
255.7178965 0.0011931
255.7389307 0.0011996
255.7599650 0.0011979
255.7809892 0.0011900
255.8020335 0.0011901
255.8230577 0.0011938
255.8440820 0.0011947
255.8651262 0.0011871
255.8861504 0.0012009
255.9071847 0.0011812
255.9282189 0.0011830
255.9492432 0.0011768
255.9702774 0.0011842
255.9913117 0.0011764
256.0123459 0.0011815
256.0333702 0.0011684
256.0543944 0.0011714
256.0754187 0.0011747
256.0964429 0.0011748
256.1174872 0.0011724
256.1385114 0.0011600
256.1595357 0.0011832
256.1805500 0.0011645
256.2015942 0.0011624
256.2226284 0.0011602
256.2436427 0.0011573
256.2646870 0.0011559
256.2857012 0.0011637
256.3067355 0.0011601
256.3277498 0.0011507
256.3487940 0.0011490
256.3697983 0.0011514
256.3908125 0.0011506
256.4118568 0.0011514
256.4328611 0.0011365
256.4539053 0.0011430
256.4749196 0.0011439
256.4959539 0.0011507
256.5169681 0.0011415
256.5379824 0.0011292
256.5590167 0.0011436
256.5800309 0.0011308
256.6010752 0.0011416
256.6220795 0.0011270
256.6430938 0.0011298
256.6641380 0.0011275
256.6851423 0.0011306
256.7061566 0.0011245
256.7272008 0.0011320
256.7482151 0.0011292
256.7692194 0.0011280
256.7902637 0.0011507
256.8112780 0.0012007
