# wl 	 %tx
 192.03805  0.06849
 192.05961  0.06649
 192.08116  0.06770
 192.10272  0.06929
 192.12429  0.06767
 192.14585  0.06590
 192.16743  0.06642
 192.18899  0.06795
 192.21054  0.06865
 192.23210  0.06790
 192.25367  0.06466
 192.27523  0.06363
 192.29679  0.06943
 192.31835  0.06763
 192.33991  0.06523
 192.36148  0.06629
 192.38303  0.07584
 192.40460  0.06371
 192.42616  0.06673
 192.44773  0.06750
 192.46927  0.06837
 192.49084  0.07533
 192.51241  0.06563
 192.53396  0.06662
 192.55552  0.06350
 192.57708  0.06687
 192.59864  0.07238
 192.62021  0.07217
 192.64175  0.07224
 192.66331  0.06628
 192.68488  0.06863
 192.70643  0.06930
 192.72800  0.06803
 192.74955  0.07458
 192.77112  0.07120
 192.79266  0.07536
 192.81423  0.07036
 192.83578  0.06871
 192.85735  0.06816
 192.87889  0.06767
 192.90047  0.07489
 192.92201  0.06843
 192.94358  0.07246
 192.96513  0.06861
 192.98670  0.07351
 193.00824  0.07274
 193.02979  0.06726
 193.05136  0.06925
 193.07290  0.07215
 193.09447  0.07533
 193.11602  0.08666
 193.13758  0.08423
 193.15914  0.07229
 193.18069  0.07560
 193.20224  0.07466
 193.22381  0.07445
 193.24535  0.07157
 193.26691  0.06847
 193.28847  0.07822
 193.31002  0.07475
 193.33157  0.07250
 193.35312  0.07329
 193.37469  0.07363
 193.39623  0.07353
 193.41779  0.07573
 193.43933  0.07535
 193.46090  0.07172
 193.48245  0.07456
 193.50400  0.07384
 193.52555  0.07614
 193.54710  0.07591
 193.56865  0.07478
 193.59022  0.07802
 193.61177  0.08106
 193.63332  0.07552
 193.65487  0.08095
 193.67642  0.07770
 193.69797  0.07788
 193.71951  0.07893
 193.74107  0.08165
 193.76261  0.07766
 193.78417  0.07973
 193.80572  0.07622
 193.82729  0.07965
 193.84883  0.07789
 193.87039  0.08010
 193.89193  0.07991
 193.91349  0.07920
 193.93503  0.07593
 193.95657  0.08280
 193.97812  0.07821
 193.99967  0.08341
 194.02122  0.08117
 194.04277  0.08311
 194.06432  0.08043
 194.08587  0.07994
 194.10742  0.08740
 194.12897  0.08304
 194.15052  0.08416
 194.17207  0.08288
 194.19361  0.08207
 194.21515  0.08802
 194.23671  0.07979
 194.25825  0.08607
 194.27981  0.08640
 194.30135  0.08033
 194.32289  0.07893
 194.34444  0.08290
 194.36600  0.08481
 194.38754  0.08766
 194.40908  0.08268
 194.43063  0.08323
 194.45218  0.08533
 194.47373  0.08649
 194.49526  0.08105
 194.51681  0.08571
 194.53836  0.08356
 194.55990  0.07859
 194.58144  0.08263
 194.60300  0.08204
 194.62453  0.08447
 194.64608  0.08771
 194.66763  0.08071
 194.68917  0.08238
 194.71072  0.09087
 194.73226  0.08638
 194.75380  0.08642
 194.77536  0.08421
 194.79689  0.08860
 194.81844  0.08934
 194.83997  0.10095
 194.86153  0.09024
 194.88306  0.08807
 194.90460  0.08735
 194.92614  0.09146
 194.94769  0.09048
 194.96923  0.09153
 194.99077  0.09077
 195.01231  0.09115
 195.03386  0.08709
 195.05540  0.09097
 195.07693  0.09518
 195.09849  0.08980
 195.12002  0.09447
 195.14157  0.08997
 195.16310  0.09220
 195.18464  0.09111
 195.20619  0.09297
 195.22773  0.09223
 195.24926  0.09479
 195.27081  0.09444
 195.29234  0.09633
 195.31387  0.09610
 195.33543  0.09519
 195.35696  0.09513
 195.37850  0.09230
 195.40004  0.09439
 195.42158  0.10131
 195.44311  0.09835
 195.46465  0.09835
 195.48618  0.09792
 195.50774  0.10076
 195.52927  0.09734
 195.55081  0.10159
 195.57234  0.09824
 195.59388  0.10058
 195.61543  0.09880
 195.63697  0.10019
 195.65850  0.09968
 195.68004  0.10294
 195.70157  0.10537
 195.72311  0.10649
 195.74464  0.10135
 195.76618  0.10747
 195.78771  0.10028
 195.80925  0.10188
 195.83079  0.10331
 195.85232  0.10477
 195.87386  0.11142
 195.89539  0.10684
 195.91693  0.10463
 195.93846  0.10323
 195.96000  0.10686
 195.98153  0.10827
 196.00307  0.10564
 196.02460  0.10910
 196.04613  0.11275
 196.06766  0.10959
 196.08920  0.11340
 196.11073  0.10844
 196.13227  0.10984
 196.15380  0.11239
 196.17534  0.11177
 196.19687  0.11257
 196.21841  0.11047
 196.23993  0.11430
 196.26147  0.11594
 196.28300  0.11067
 196.30453  0.11628
 196.32607  0.11215
 196.34760  0.11442
 196.36912  0.11062
 196.39065  0.11437
 196.41219  0.11675
 196.43372  0.11630
 196.45525  0.11833
 196.47678  0.11905
 196.49832  0.11601
 196.51983  0.11779
 196.54137  0.11886
 196.56290  0.11902
 196.58444  0.12053
 196.60596  0.11816
 196.62750  0.12111
 196.64901  0.12171
 196.67055  0.12256
 196.69208  0.12528
 196.71361  0.12281
 196.73514  0.12620
 196.75668  0.12620
 196.77819  0.12445
 196.79973  0.12505
 196.82125  0.12533
 196.84278  0.12933
 196.86430  0.12707
 196.88583  0.12895
 196.90736  0.12780
 196.92889  0.13122
 196.95041  0.13070
 196.97194  0.12550
 196.99347  0.12735
 197.01500  0.12920
 197.03652  0.13126
 197.05805  0.12942
 197.07958  0.12657
 197.10109  0.13421
 197.12263  0.13217
 197.14415  0.13247
 197.16569  0.13046
 197.18720  0.13553
 197.20873  0.13370
 197.23026  0.13334
 197.25178  0.14224
 197.27330  0.13752
 197.29484  0.13664
 197.31635  0.14018
 197.33788  0.13771
 197.35941  0.13676
 197.38093  0.14138
 197.40245  0.13928
 197.42397  0.14581
 197.44550  0.14426
 197.46702  0.14548
 197.48854  0.14274
 197.51006  0.14044
 197.53158  0.14590
 197.55311  0.14482
 197.57464  0.14538
 197.59615  0.14523
 197.61768  0.15031
 197.63919  0.14357
 197.66072  0.15007
 197.68223  0.14729
 197.70377  0.14876
 197.72529  0.15282
 197.74681  0.15417
 197.76833  0.15335
 197.78985  0.15487
 197.81137  0.15291
 197.83289  0.15404
 197.85441  0.15479
 197.87593  0.15700
 197.89745  0.15681
 197.91897  0.15788
 197.94049  0.16003
 197.96201  0.15667
 197.98352  0.15747
 198.00505  0.16129
 198.02656  0.16153
 198.04809  0.15981
 198.06960  0.16360
 198.09113  0.16120
 198.11263  0.16376
 198.13414  0.16336
 198.15567  0.16489
 198.17718  0.16725
 198.19871  0.16775
 198.22022  0.16842
 198.24175  0.16428
 198.26325  0.16290
 198.28477  0.16530
 198.30629  0.16491
 198.32781  0.16413
 198.34933  0.16201
 198.37084  0.16107
 198.39235  0.16594
 198.41388  0.16701
 198.43539  0.16675
 198.45690  0.17041
 198.47842  0.17082
 198.49994  0.17143
 198.52144  0.17940
 198.54297  0.17641
 198.56448  0.17390
 198.58599  0.17929
 198.60751  0.18295
 198.62903  0.17823
 198.65053  0.18464
 198.67205  0.18524
 198.69357  0.18678
 198.71508  0.18210
 198.73659  0.18602
 198.75810  0.18835
 198.77962  0.18842
 198.80113  0.18809
 198.82264  0.19070
 198.84415  0.19367
 198.86567  0.19235
 198.88718  0.19344
 198.90869  0.19483
 198.93020  0.19422
 198.95172  0.19367
 198.97322  0.19616
 198.99474  0.19989
 199.01624  0.19726
 199.03777  0.19982
 199.05927  0.19924
 199.08078  0.20471
 199.10229  0.20414
 199.12380  0.20791
 199.14531  0.20491
 199.16682  0.20886
 199.18832  0.21038
 199.20985  0.20884
 199.23135  0.21023
 199.25286  0.21147
 199.27436  0.21318
 199.29588  0.21112
 199.31738  0.21805
 199.33889  0.21793
 199.36041  0.21546
 199.38192  0.21612
 199.40342  0.22457
 199.42493  0.22084
 199.44643  0.22402
 199.46795  0.22497
 199.48945  0.22337
 199.51096  0.22735
 199.53246  0.22618
 199.55397  0.22842
 199.57547  0.22999
 199.59699  0.23134
 199.61849  0.23317
 199.64000  0.23185
 199.66150  0.23630
 199.68301  0.23594
 199.70451  0.23524
 199.72602  0.24246
 199.74752  0.24078
 199.76903  0.24463
 199.79053  0.24287
 199.81204  0.24761
 199.83354  0.24942
 199.85505  0.24687
 199.87655  0.25180
 199.89806  0.25285
 199.91956  0.25631
 199.94107  0.25797
 199.96257  0.25826
 199.98408  0.26023
 200.00558  0.26226
 200.02709  0.26546
 200.04859  0.26272
 200.07009  0.26977
 200.09158  0.26830
 200.11308  0.27027
 200.13459  0.27261
 200.15609  0.27162
 200.17760  0.27839
 200.19910  0.27678
 200.22059  0.28256
 200.24209  0.27980
 200.26360  0.28043
 200.28510  0.27936
 200.30660  0.28131
 200.32809  0.28173
 200.34960  0.28200
 200.37110  0.28696
 200.39260  0.29071
 200.41410  0.29118
 200.43561  0.29205
 200.45709  0.29727
 200.47860  0.29439
 200.50010  0.30160
 200.52160  0.30284
 200.54310  0.30418
 200.56461  0.30333
 200.58609  0.30454
 200.60760  0.30921
 200.62908  0.30772
 200.65059  0.31020
 200.67209  0.31312
 200.69359  0.31327
 200.71509  0.31623
 200.73658  0.32049
 200.75808  0.32215
 200.77958  0.31921
 200.80107  0.32198
 200.82257  0.32510
 200.84407  0.32441
 200.86556  0.32672
 200.88706  0.33063
 200.90856  0.33270
 200.93004  0.33513
 200.95155  0.33965
 200.97304  0.33684
 200.99455  0.33506
 201.01603  0.34123
 201.03752  0.34043
 201.05902  0.34454
 201.08052  0.34593
 201.10200  0.34376
 201.12351  0.34851
 201.14500  0.35017
 201.16649  0.35446
 201.18799  0.35478
 201.20948  0.35614
 201.23097  0.35560
 201.25246  0.36347
 201.27396  0.35934
 201.29546  0.35787
 201.31694  0.36784
 201.33844  0.36889
 201.35992  0.36561
 201.38143  0.37539
 201.40291  0.37619
 201.42441  0.37901
 201.44589  0.38101
 201.46739  0.38203
 201.48887  0.38946
 201.51038  0.38966
 201.53187  0.39129
 201.55336  0.39382
 201.57484  0.40265
 201.59634  0.40030
 201.61782  0.40329
 201.63932  0.40637
 201.66080  0.41088
 201.68230  0.41080
 201.70378  0.41484
 201.72528  0.41613
 201.74676  0.41755
 201.76825  0.42040
 201.78974  0.42659
 201.81123  0.43235
 201.83272  0.42795
 201.85421  0.43087
 201.87570  0.43414
 201.89719  0.44183
 201.91866  0.44112
 201.94015  0.44494
 201.96164  0.45051
 201.98313  0.45101
 202.00462  0.45052
 202.02611  0.45694
 202.04760  0.45575
 202.06907  0.45741
 202.09056  0.46485
 202.11205  0.46172
 202.13354  0.46645
 202.15503  0.47559
 202.17650  0.47599
 202.19800  0.47790
 202.21948  0.48277
 202.24097  0.47921
 202.26244  0.48444
 202.28394  0.48924
 202.30542  0.49312
 202.32690  0.49275
 202.34839  0.50128
 202.36988  0.50442
 202.39135  0.50276
 202.41284  0.50795
 202.43431  0.51557
 202.45581  0.51798
 202.47729  0.51799
 202.49877  0.52547
 202.52026  0.54490
 202.54173  0.53075
 202.56322  0.53755
 202.58470  0.54439
 202.60618  0.54997
 202.62766  0.55380
 202.64915  0.55824
 202.67062  0.56260
 202.69211  0.56488
 202.71359  0.57106
 202.73507  0.57262
 202.75655  0.57453
 202.77804  0.57805
 202.79952  0.58143
 202.82100  0.58161
 202.84248  0.58802
 202.86395  0.59072
 202.88544  0.59483
 202.90691  0.60343
 202.92839  0.60876
 202.94987  0.60792
 202.97135  0.61887
 202.99282  0.62629
 203.01432  0.62497
 203.03579  0.63287
 203.05727  0.64007
 203.07873  0.64286
 203.10023  0.64915
 203.12170  0.65195
 203.14318  0.65655
 203.16465  0.66170
 203.18614  0.66628
 203.20761  0.67053
 203.22909  0.67497
 203.25056  0.67743
 203.27204  0.68531
 203.29351  0.68376
 203.31500  0.69235
 203.33647  0.69410
 203.35795  0.70028
 203.37942  0.69403
 203.40090  0.69531
 203.42237  0.69967
 203.44385  0.69110
 203.46531  0.69651
 203.48679  0.69988
 203.50826  0.71129
 203.52974  0.71961
 203.55121  0.72378
 203.57269  0.73782
 203.59416  0.74685
 203.61564  0.75408
 203.63711  0.76027
 203.65859  0.76229
 203.68006  0.77339
 203.70154  0.77910
 203.72300  0.78329
 203.74448  0.78807
 203.76595  0.79537
 203.78743  0.79706
 203.80889  0.80833
 203.83036  0.81277
 203.85183  0.81880
 203.87331  0.82640
 203.89478  0.83843
 203.91626  0.83843
 203.93771  0.84722
 203.95919  0.84929
 203.98066  0.86135
 204.00214  0.87286
 204.02360  0.87294
 204.04508  0.88568
 204.06654  0.89255
 204.08802  0.89342
 204.10948  0.90102
 204.13096  0.90866
 204.15243  0.91907
 204.17389  0.92820
 204.19536  0.92399
 204.21684  0.93426
 204.23829  0.93666
 204.25977  0.94500
 204.28122  0.94998
 204.30270  0.95592
 204.32417  0.96217
 204.34564  0.97404
 204.36711  0.98588
 204.38857  0.99448
 204.41004  1.00018
 204.43150  1.00925
 204.45297  1.01533
 204.47444  1.01959
 204.49590  1.03085
 204.51737  1.04257
 204.53884  1.04882
 204.56030  1.06313
 204.58177  1.07007
 204.60323  1.07434
 204.62469  1.08336
 204.64617  1.09773
 204.66762  1.10033
 204.68910  1.11302
 204.71055  1.11791
 204.73202  1.11827
 204.75349  1.12868
 204.77495  1.13629
 204.79640  1.13755
 204.81788  1.15262
 204.83935  1.15090
 204.86080  1.16147
 204.88227  1.17137
 204.90373  1.17949
 204.92520  1.19496
 204.94665  1.19554
 204.96812  1.20702
 204.98959  1.21281
 205.01105  1.22631
 205.03250  1.23853
 205.05397  1.24212
 205.07542  1.25208
 205.09688  1.25942
 205.11835  1.27215
 205.13982  1.27497
 205.16127  1.28463
 205.18274  1.29259
 205.20419  1.30443
 205.22565  1.31140
 205.24711  1.31659
 205.26857  1.32888
 205.29002  1.33521
 205.31149  1.34843
 205.33294  1.35484
 205.35441  1.36946
 205.37586  1.37588
 205.39732  1.38605
 205.41878  1.39090
 205.44024  1.40373
 205.46170  1.41437
 205.48316  1.42168
 205.50461  1.42967
 205.52608  1.43724
 205.54753  1.44171
 205.56899  1.45945
 205.59043  1.46957
 205.61190  1.47355
 205.63335  1.48878
 205.65481  1.49060
 205.67627  1.50915
 205.69773  1.50801
 205.71917  1.52145
 205.74064  1.52981
 205.76209  1.54139
 205.78355  1.54930
 205.80499  1.55105
 205.82646  1.56307
 205.84791  1.56435
 205.86937  1.56961
 205.89081  1.58066
 205.91228  1.58078
 205.93374  1.58499
 205.95518  1.58251
 205.97664  1.57535
 205.99810  1.58426
 206.01954  1.58784
 206.04100  1.59072
 206.06245  1.59744
 206.08390  1.61830
 206.10536  1.63389
 206.12680  1.64756
 206.14827  1.66918
 206.16971  1.69674
 206.19117  1.72195
 206.21261  1.75332
 206.23407  1.77949
 206.25551  1.80004
 206.27697  1.82461
 206.29841  1.84275
 206.31988  1.86847
 206.34132  1.88437
 206.36278  1.90046
 206.38422  1.90583
 206.40567  1.92623
 206.42712  1.93667
 206.44857  1.95575
 206.47002  1.97021
 206.49147  1.99153
 206.51291  2.00530
 206.53437  2.03089
 206.55581  2.04802
 206.57726  2.06336
 206.59870  2.08982
 206.62016  2.10738
 206.64160  2.12474
 206.66305  2.17837
 206.68450  2.15037
 206.70595  2.17725
 206.72739  2.19143
 206.74884  2.20964
 206.77029  2.23434
 206.79174  2.24077
 206.81319  2.26248
 206.83463  2.27740
 206.85608  2.28817
 206.87752  2.30568
 206.89897  2.32772
 206.92040  2.34868
 206.94187  2.36784
 206.96331  2.39206
 206.98476  2.40725
 207.00619  2.41850
 207.02764  2.43189
 207.04908  2.45941
 207.07053  2.48215
 207.09197  2.49514
 207.11342  2.50869
 207.13486  2.53159
 207.15630  2.53859
 207.17774  2.55980
 207.19919  2.57720
 207.22063  2.60736
 207.24208  2.62089
 207.26352  2.64182
 207.28495  2.66691
 207.30639  2.68816
 207.32784  2.71363
 207.34928  2.71709
 207.37072  2.73410
 207.39216  2.75962
 207.41361  2.77980
 207.43504  2.79712
 207.45648  2.81601
 207.47793  2.83756
 207.49937  2.85787
 207.52082  2.86678
 207.54224  2.88761
 207.56369  2.90844
 207.58513  2.92622
 207.60656  2.95220
 207.62800  2.97283
 207.64945  2.98817
 207.67089  3.00777
 207.69232  3.02408
 207.71376  3.04008
 207.73519  3.06547
 207.75663  3.09073
 207.77808  3.10933
 207.79951  3.12039
 207.82095  3.14269
 207.84238  3.16536
 207.86383  3.18037
 207.88526  3.20618
 207.90670  3.22312
 207.92814  3.25150
 207.94957  3.27588
 207.97101  3.29716
 207.99244  3.32292
 208.01388  3.35692
 208.03531  3.37751
 208.05676  3.38463
 208.07819  3.40890
 208.09962  3.42049
 208.12106  3.44514
 208.14249  3.47078
 208.16393  3.48092
 208.18536  3.48357
 208.20679  3.51415
 208.22823  3.53817
 208.24966  3.55323
 208.27109  3.58614
 208.29253  3.61065
 208.31396  3.62793
 208.33539  3.65878
 208.35684  3.69418
 208.37826  3.70951
 208.39969  3.75892
 208.42112  3.80619
 208.44256  3.81910
 208.46399  3.83759
 208.48542  3.84567
 208.50684  3.88451
 208.52828  3.90430
 208.54972  3.92483
 208.57115  3.94886
 208.59257  3.97963
 208.61401  4.01315
 208.63544  4.02730
 208.65686  4.04814
 208.67830  4.08179
 208.69972  4.09337
 208.72115  4.14177
 208.74258  4.16311
 208.76402  4.19537
 208.78545  4.22091
 208.80688  4.24048
 208.82830  4.26161
 208.84974  4.29736
 208.87116  4.32237
 208.89258  4.36213
 208.91400  4.41147
 208.93544  4.44917
 208.95686  4.47145
 208.97829  4.50204
 208.99972  4.53825
 209.02115  4.56084
 209.04257  4.57866
 209.06401  4.61572
 209.08543  4.63788
 209.10685  4.66739
 209.12828  4.68801
 209.14970  4.71262
 209.17114  4.74437
 209.19256  4.76986
 209.21398  4.79889
 209.23540  4.81669
 209.25684  4.84872
 209.27826  4.87574
 209.29968  4.90056
 209.32110  4.93439
 209.34253  4.97477
 209.36396  5.00674
 209.38537  5.03824
 209.40680  5.07082
 209.42823  5.11129
 209.44964  5.14487
 209.47107  5.15873
 209.49248  5.18403
 209.51391  5.22197
 209.53534  5.25858
 209.55676  5.26990
 209.57819  5.31248
 209.59960  5.33453
 209.62103  5.36374
 209.64244  5.37701
 209.66387  5.39677
 209.68528  5.44883
 209.70671  5.47010
 209.72812  5.51987
 209.74955  5.54370
 209.77096  5.57372
 209.79240  5.58875
 209.81380  5.61869
 209.83522  5.66207
 209.85665  5.69421
 209.87806  5.72032
 209.89949  5.76184
 209.92091  5.80743
 209.94231  5.84138
 209.96375  5.87522
 209.98515  5.89007
 210.00657  5.91743
 210.02801  5.96298
 210.04941  5.98813
 210.07083  6.01589
 210.09224  6.04151
 210.11367  6.07558
 210.13508  6.08645
 210.15650  6.11686
 210.17791  6.16784
 210.19933  6.20560
 210.22075  6.24298
 210.24217  6.26832
 210.26358  6.29232
 210.28499  6.31400
 210.30640  6.35154
 210.32782  6.37653
 210.34923  6.41545
 210.37065  6.44791
 210.39207  6.46068
 210.41349  6.48912
 210.43491  6.50281
 210.45631  6.53258
 210.47773  6.56767
 210.49914  6.60675
 210.52056  6.63529
 210.54197  6.65538
 210.56338  6.68738
 210.58479  6.69645
 210.60621  6.69534
 210.62762  6.75165
 210.64902  6.76548
 210.67043  6.77935
 210.69185  6.80495
 210.71326  6.81305
 210.73467  6.85795
 210.75608  6.90285
 210.77750  6.92706
 210.79891  6.97412
 210.82031  6.99504
 210.84173  7.02144
 210.86314  7.05393
 210.88455  7.08736
 210.90595  7.09729
 210.92737  7.12796
 210.94877  7.15572
 210.97019  7.18847
 210.99158  7.21568
 211.01300  7.25165
 211.03441  7.26652
 211.05581  7.29925
 211.07722  7.32606
 211.09864  7.33339
 211.12003  7.37247
 211.14145  7.41611
 211.16286  7.42829
 211.18426  7.43946
 211.20568  7.43746
 211.22707  7.43527
 211.24849  7.47012
 211.26990  7.49658
 211.29130  7.52425
 211.31271  7.55296
 211.33411  7.60683
 211.35552  7.62373
 211.37692  7.65777
 211.39833  7.70577
 211.41973  7.76461
 211.44113  7.79425
 211.46255  7.83086
 211.48394  7.86725
 211.50536  7.90813
 211.52675  7.93034
 211.54815  7.95677
 211.56957  7.99339
 211.59096  8.04121
 211.61238  8.05520
 211.63377  8.07265
 211.65518  8.11390
 211.67657  8.15538
 211.69799  8.20808
 211.71938  8.21968
 211.74078  8.23295
 211.76219  8.25159
 211.78359  8.28320
 211.80499  8.29257
 211.82639  8.32776
 211.84778  8.35385
 211.86920  8.37218
 211.89059  8.38302
 211.91200  8.39453
 211.93340  8.42283
 211.95479  8.43843
 211.97619  8.46564
 211.99759  8.53791
 212.01901  8.54593
 212.04040  8.54245
 212.06180  8.56413
 212.08319  8.59642
 212.10460  8.61677
 212.12599  8.64050
 212.14739  8.66754
 212.16878  8.68229
 212.19019  8.70281
 212.21158  8.67548
 212.23298  8.71637
 212.25439  8.70920
 212.27578  8.72091
 212.29718  8.75821
 212.31856  8.76833
 212.33996  8.78556
 212.36136  8.79713
 212.38276  8.80685
 212.40415  8.82780
 212.42555  8.82703
 212.44695  8.83781
 212.46833  8.83548
 212.48973  8.83334
 212.51113  8.86017
 212.53252  8.88774
 212.55393  8.89196
 212.57531  8.89859
 212.59671  8.92383
 212.61811  8.91381
 212.63950  8.96257
 212.66089  8.95270
 212.68228  8.97005
 212.70368  8.97272
 212.72506  8.97518
 212.74646  9.00386
 212.76786  9.06782
 212.78925  9.05575
 212.81064  9.06260
 212.83203  9.05754
 212.85342  9.05863
 212.87481  9.03457
 212.89621  9.07045
 212.91760  9.08891
 212.93899  9.08317
 212.96038  9.09552
 212.98177  9.09822
 213.00316  9.06006
 213.02455  9.03345
 213.04594  9.04396
 213.06733  9.02603
 213.08871  9.06060
 213.11011  9.09377
 213.13149  9.10787
 213.15289  9.07798
 213.17427  9.10776
 213.19566  9.08561
 213.21706  9.08434
 213.23844  9.10041
 213.25982  9.14648
 213.28122  9.14516
 213.30260  9.21557
 213.32398  9.22478
 213.34539  9.22310
 213.36676  9.22379
 213.38815  9.24568
 213.40953  9.24013
 213.43093  9.23922
 213.45231  9.26355
 213.47370  9.25984
 213.49508  9.23090
 213.51646  9.21187
 213.53786  9.21002
 213.55924  9.17080
 213.58063  9.19857
 213.60201  9.20540
 213.62339  9.18232
 213.64477  9.17647
 213.66616  9.19118
 213.68754  9.17224
 213.70892  9.19421
 213.73030  9.15895
 213.75169  9.17309
 213.77307  9.21457
 213.79445  9.20187
 213.81584  9.22259
 213.83722  9.19488
 213.85861  9.20693
 213.87998  9.21507
 213.90137  9.20198
 213.92275  9.17517
 213.94414  9.16395
 213.96551  9.17345
 213.98690  9.17241
 214.00828  9.08002
 214.02967  9.11914
 214.05103  9.23898
 214.07242  9.15284
 214.09380  9.18116
 214.11518  9.14892
 214.13657  9.14823
 214.15793  9.16083
 214.17932  9.13371
 214.20070  9.16702
 214.22209  9.18606
 214.24345  9.16665
 214.26483  9.19753
 214.28621  9.15377
 214.30758  9.16404
 214.32896  9.13026
 214.35035  9.12517
 214.37172  9.12918
 214.39310  9.08724
 214.41449  9.07172
 214.43585  9.07902
 214.45724  9.06263
 214.47860  9.05176
 214.49999  9.02590
 214.52135  9.02138
 214.54274  9.01190
 214.56410  9.02080
 214.58549  9.00056
 214.60686  8.99813
 214.62824  8.98455
 214.64961  8.96781
 214.67099  8.96292
 214.69236  8.91685
 214.71374  8.92939
 214.73511  8.96662
 214.75649  8.95112
 214.77786  8.89251
 214.79922  8.90754
 214.82061  8.86272
 214.84197  8.86416
 214.86334  8.84852
 214.88473  8.79902
 214.90609  8.82412
 214.92747  8.79920
 214.94883  8.75124
 214.97022  8.76735
 214.99158  8.73742
 215.01295  8.74249
 215.03431  8.73093
 215.05570  8.67696
 215.07706  8.65107
 215.09843  8.65835
 215.11980  8.64790
 215.14117  8.63356
 215.16254  8.60239
 215.18392  8.58714
 215.20529  8.57813
 215.22665  8.57143
 215.24803  8.54942
 215.26939  8.54096
 215.29076  8.50170
 215.31212  8.45874
 215.33349  8.45530
 215.35486  8.43892
 215.37623  8.40945
 215.39760  8.37344
 215.41896  8.34916
 215.44034  8.30287
 215.46170  8.25227
 215.48307  8.23253
 215.50443  8.20469
 215.52581  8.18476
 215.54717  8.14936
 215.56854  8.12586
 215.58989  8.13988
 215.61126  8.10274
 215.63263  8.06637
 215.65399  8.04447
 215.67537  8.03120
 215.69673  8.02112
 215.71809  8.00465
 215.73945  7.99485
 215.76082  7.99099
 215.78218  7.97393
 215.80354  7.94455
 215.82490  7.93016
 215.84627  7.90712
 215.86764  7.89831
 215.88899  7.87634
 215.91037  7.85970
 215.93173  7.84972
 215.95309  7.80101
 215.97445  7.79870
 215.99580  7.79262
 216.01717  7.80436
 216.03854  7.78462
 216.05989  7.74436
 216.08126  7.72990
 216.10261  7.69813
 216.12398  7.67561
 216.14534  7.63889
 216.16670  7.63086
 216.18805  7.64099
 216.20942  7.64430
 216.23077  7.59106
 216.25214  7.59048
 216.27349  7.55161
 216.29486  7.55207
 216.31621  7.53843
 216.33756  7.50967
 216.35893  7.48342
 216.38029  7.47427
 216.40164  7.43457
 216.42301  7.42577
 216.44436  7.41441
 216.46571  7.38827
 216.48707  7.36680
 216.50843  7.31224
 216.52978  7.29005
 216.55115  7.25108
 216.57250  7.23749
 216.59386  7.25102
 216.61521  7.23732
 216.63656  7.19275
 216.65793  7.18043
 216.67928  7.16316
 216.70064  7.14956
 216.72198  7.11912
 216.74334  7.09115
 216.76469  7.09444
 216.78604  7.08336
 216.80742  7.05285
 216.82876  7.02178
 216.85012  6.98806
 216.87147  6.97215
 216.89282  6.95080
 216.91417  6.91549
 216.93553  6.92425
 216.95688  6.91722
 216.97823  6.89269
 216.99958  6.85803
 217.02094  6.80837
 217.04229  6.78783
 217.06364  6.75044
 217.08498  6.74918
 217.10633  6.73257
 217.12769  6.69459
 217.14903  6.68727
 217.17039  6.66218
 217.19174  6.64688
 217.21309  6.62311
 217.23443  6.60102
 217.25578  6.59959
 217.27714  6.58089
 217.29849  6.54826
 217.31984  6.52634
 217.34118  6.50122
 217.36253  6.46633
 217.38388  6.44363
 217.40524  6.43463
 217.42657  6.40792
 217.44793  6.38838
 217.46928  6.38356
 217.49062  6.37884
 217.51197  6.34205
 217.53330  6.30715
 217.55466  6.27642
 217.57601  6.25979
 217.59735  6.24222
 217.61870  6.23158
 217.64004  6.21911
 217.66139  6.20191
 217.68273  6.18833
 217.70408  6.16355
 217.72542  6.13168
 217.74677  6.09738
 217.76811  6.08112
 217.78946  6.08564
 217.81079  6.04809
 217.83215  5.99853
 217.85348  5.93001
 217.87484  5.94563
 217.89618  5.94752
 217.91751  5.96264
 217.93887  5.93994
 217.96020  5.91602
 217.98154  5.85515
 218.00289  5.84024
 218.02423  5.83624
 218.04556  5.81719
 218.06691  5.72169
 218.08825  5.67526
 218.10960  5.68492
 218.13094  5.64585
 218.15227  5.69119
 218.17363  5.67144
 218.19496  5.67328
 218.21630  5.65239
 218.23763  5.66030
 218.25897  5.63855
 218.28031  5.62081
 218.30166  5.58359
 218.32300  5.57220
 218.34434  5.55406
 218.36568  5.51760
 218.38701  5.49038
 218.40835  5.47763
 218.42968  5.43922
 218.45102  5.41595
 218.47236  5.39270
 218.49370  5.40080
 218.51504  5.37652
 218.53637  5.37331
 218.55771  5.36586
 218.57905  5.32380
 218.60039  5.23657
 218.62172  5.24058
 218.64306  5.26456
 218.66439  5.25961
 218.68572  5.25316
 218.70706  5.23367
 218.72839  5.18881
 218.74973  5.14754
 218.77107  5.14629
 218.79241  5.11601
 218.81372  5.06152
 218.83507  5.08307
 218.85640  5.11426
 218.87774  5.13798
 218.89906  5.12977
 218.92040  5.12557
 218.94174  5.08418
 218.96306  5.04750
 218.98440  5.02529
 219.00573  5.03787
 219.02706  5.04397
 219.04839  5.04461
 219.06973  5.03934
 219.09105  5.03380
 219.11239  5.03184
 219.13371  5.01549
 219.15505  4.98538
 219.17639  4.97196
 219.19771  4.96111
 219.21905  4.93155
 219.24036  4.93017
 219.26171  4.91854
 219.28302  4.88672
 219.30436  4.85664
 219.32569  4.84110
 219.34701  4.82513
 219.36835  4.80403
 219.38966  4.77776
 219.41101  4.75880
 219.43232  4.75596
 219.45365  4.74476
 219.47498  4.73361
 219.49631  4.72347
 219.51763  4.69621
 219.53897  4.69045
 219.56029  4.69196
 219.58161  4.68130
 219.60295  4.68082
 219.62427  4.66979
 219.64559  4.65848
 219.66691  4.63874
 219.68824  4.62159
 219.70958  4.60332
 219.73090  4.58667
 219.75222  4.57782
 219.77354  4.55312
 219.79487  4.54811
 219.81618  4.51734
 219.83751  4.52165
 219.85884  4.50346
 219.88017  4.49688
 219.90149  4.48509
 219.92281  4.47278
 219.94414  4.46724
 219.96545  4.43875
 219.98678  4.43152
 220.00810  4.41916
 220.02942  4.42318
 220.05075  4.40561
 220.07207  4.39294
 220.09339  4.36315
 220.11471  4.35817
 220.13603  4.34262
 220.15734  4.32526
 220.17866  4.30127
 220.19998  4.29006
 220.22131  4.26066
 220.24263  4.24079
 220.26395  4.22912
 220.28526  4.20720
 220.30658  4.17132
 220.32790  4.14600
 220.34922  4.14171
 220.37055  4.09761
 220.39185  4.05981
 220.41317  4.01827
 220.43450  3.98601
 220.45580  3.95518
 220.47713  3.93717
 220.49844  3.94156
 220.51976  3.92696
 220.54107  3.95491
 220.56240  3.96759
 220.58370  3.94285
 220.60503  3.94145
 220.62635  3.94681
 220.64765  3.93397
 220.66898  3.92863
 220.69028  3.92532
 220.71161  3.92567
 220.73291  3.92244
 220.75424  3.90177
 220.77555  3.89530
 220.79686  3.90691
 220.81818  3.87978
 220.83949  3.87951
 220.86080  3.87092
 220.88211  3.85839
 220.90343  3.86590
 220.92473  3.86210
 220.94606  3.85783
 220.96737  3.84709
 220.98867  3.81511
 221.01000  3.83134
 221.03130  3.84031
 221.05261  3.81607
 221.07391  3.82798
 221.09524  3.80625
 221.11654  3.79234
 221.13785  3.79238
 221.15916  3.77887
 221.18048  3.77818
 221.20179  3.76563
 221.22309  3.75909
 221.24440  3.73787
 221.26570  3.71088
 221.28702  3.73034
 221.30834  3.71193
 221.32964  3.68836
 221.35095  3.68341
 221.37226  3.69051
 221.39357  3.67359
 221.41487  3.64652
 221.43618  3.62084
 221.45748  3.61441
 221.47879  3.60582
 221.50010  3.60581
 221.52140  3.59539
 221.54272  3.58734
 221.56402  3.57714
 221.58533  3.56678
 221.60663  3.54166
 221.62794  3.53216
 221.64925  3.52660
 221.67054  3.51681
 221.69185  3.51175
 221.71315  3.50205
 221.73446  3.49553
 221.75576  3.46519
 221.77707  3.46152
 221.79836  3.46802
 221.81967  3.47630
 221.84098  3.44297
 221.86228  3.45006
 221.88358  3.42789
 221.90488  3.42444
 221.92619  3.40293
 221.94749  3.39970
 221.96879  3.37933
 221.99010  3.38580
 222.01140  3.37269
 222.03270  3.35830
 222.05400  3.34790
 222.07530  3.34911
 222.09660  3.34261
 222.11791  3.32643
 222.13920  3.32596
 222.16051  3.31194
 222.18180  3.31147
 222.20310  3.29588
 222.22440  3.29137
 222.24570  3.28743
 222.26700  3.26316
 222.28830  3.25197
 222.30959  3.25150
 222.33089  3.23022
 222.35219  3.21445
 222.37349  3.22096
 222.39479  3.21574
 222.41608  3.21365
 222.43737  3.19812
 222.45868  3.17632
 222.47998  3.16585
 222.50126  3.16711
 222.52257  3.16485
 222.54386  3.14491
 222.56516  3.13993
 222.58644  3.13219
 222.60775  3.11347
 222.62905  3.10995
 222.65034  3.09907
 222.67163  3.09224
 222.69292  3.07418
 222.71423  3.06663
 222.73552  3.06052
 222.75681  3.04893
 222.77810  3.04263
 222.79939  3.02158
 222.82069  3.00663
 222.84198  2.99452
 222.86327  2.99088
 222.88456  2.97398
 222.90585  2.95946
 222.92715  2.95532
 222.94845  2.94426
 222.96975  2.92779
 222.99102  2.91950
 223.01231  2.91458
 223.03360  2.90585
 223.05490  2.89142
 223.07618  2.88163
 223.09748  2.86943
 223.11877  2.86247
 223.14006  2.84317
 223.16136  2.84588
 223.18264  2.84332
 223.20392  2.82812
 223.22521  2.82274
 223.24650  2.82715
 223.26780  2.83713
 223.28909  2.83463
 223.31037  2.83023
 223.33165  2.81598
 223.35295  2.81524
 223.37424  2.80690
 223.39552  2.80311
 223.41681  2.80635
 223.43810  2.81346
 223.45938  2.80259
 223.48066  2.80954
 223.50195  2.80392
 223.52323  2.78498
 223.54453  2.78511
 223.56580  2.77535
 223.58709  2.78624
 223.60838  2.78417
 223.62966  2.77468
 223.65094  2.77250
 223.67223  2.76571
 223.69351  2.75429
 223.71479  2.74497
 223.73608  2.74571
 223.75737  2.74074
 223.77864  2.73284
 223.79994  2.71494
 223.82121  2.71713
 223.84249  2.70014
 223.86378  2.69638
 223.88506  2.70292
 223.90635  2.70102
 223.92762  2.69911
 223.94890  2.69061
 223.97017  2.68776
 223.99147  2.67834
 224.01274  2.67618
 224.03402  2.66829
 224.05532  2.65964
 224.07659  2.64145
 224.09787  2.65098
 224.11914  2.63882
 224.14042  2.62592
 224.16169  2.62134
 224.18299  2.61384
 224.20427  2.61736
 224.22554  2.60426
 224.24682  2.59259
 224.26809  2.58274
 224.28937  2.58479
 224.31064  2.57737
 224.33192  2.57412
 224.35320  2.57664
 224.37447  2.57872
 224.39576  2.57583
 224.41703  2.57051
 224.43831  2.55315
 224.45958  2.54818
 224.48086  2.53970
 224.50214  2.53885
 224.52341  2.53277
 224.54469  2.52950
 224.56596  2.52811
 224.58724  2.51545
 224.60851  2.50540
 224.62978  2.49760
 224.65106  2.48770
 224.67233  2.49090
 224.69361  2.48827
 224.71488  2.48265
 224.73615  2.48168
 224.75742  2.47046
 224.77870  2.46333
 224.79998  2.45964
 224.82123  2.45940
 224.84252  2.45413
 224.86379  2.45560
 224.88505  2.45783
 224.90632  2.45125
 224.92760  2.44217
 224.94887  2.43852
 224.97014  2.43318
 224.99141  2.42407
 225.01268  2.42532
 225.03394  2.43513
 225.05522  2.40966
 225.07649  2.40810
 225.09776  2.39413
 225.11903  2.39106
 225.14029  2.38578
 225.16155  2.37848
 225.18283  2.37833
 225.20410  2.35952
 225.22537  2.37105
 225.24663  2.35321
 225.26790  2.36372
 225.28917  2.35492
 225.31042  2.35542
 225.33171  2.34797
 225.35297  2.35311
 225.37423  2.34036
 225.39551  2.34661
 225.41676  2.32661
 225.43803  2.33007
 225.45928  2.32099
 225.48056  2.31487
 225.50183  2.31024
 225.52309  2.31448
 225.54435  2.30944
 225.56561  2.29429
 225.58689  2.28811
 225.60814  2.28112
 225.62941  2.28741
 225.65067  2.27525
 225.67193  2.27382
 225.69319  2.26868
 225.71445  2.26448
 225.73572  2.25574
 225.75697  2.24652
 225.77824  2.24921
 225.79950  2.24209
 225.82076  2.24397
 225.84202  2.24226
 225.86328  2.23183
 225.88454  2.22895
 225.90581  2.21065
 225.92706  2.21984
 225.94833  2.19456
 225.96959  2.20219
 225.99085  2.20327
 226.01211  2.19075
 226.03337  2.19535
 226.05462  2.19363
 226.07588  2.17880
 226.09714  2.16912
 226.11840  2.17664
 226.13966  2.16528
 226.16090  2.17072
 226.18217  2.16373
 226.20344  2.16026
 226.22469  2.14645
 226.24594  2.14745
 226.26720  2.14031
 226.28846  2.13992
 226.30970  2.13910
 226.33097  2.13828
 226.35223  2.13834
 226.37347  2.13387
 226.39474  2.12251
 226.41598  2.12486
 226.43724  2.11941
 226.45850  2.11401
 226.47975  2.10800
 226.50102  2.10743
 226.52226  2.09584
 226.54352  2.10266
 226.56476  2.09357
 226.58601  2.07891
 226.60728  2.08675
 226.62852  2.06841
 226.64978  2.05965
 226.67102  2.06377
 226.69227  2.05629
 226.71353  2.06647
 226.73478  2.06025
 226.75605  2.05911
 226.77729  2.03493
 226.79854  2.05061
 226.81978  2.04021
 226.84104  2.03006
 226.86229  2.03133
 226.88353  2.03328
 226.90478  2.02194
 226.92604  2.01691
 226.94729  2.01838
 226.96853  2.00690
 226.98978  2.00421
 227.01103  1.99841
 227.03228  1.99656
 227.05353  1.98606
 227.07477  1.98523
 227.09602  1.98931
 227.11727  1.98461
 227.13852  1.98787
 227.15977  1.98029
 227.18101  1.96948
 227.20226  1.95977
 227.22350  1.95900
 227.24475  1.95271
 227.26600  1.95033
 227.28724  1.94253
 227.30849  1.94230
 227.32973  1.94520
 227.35098  1.93632
 227.37222  1.93640
 227.39347  1.93501
 227.41470  1.92328
 227.43594  1.93663
 227.45719  1.91613
 227.47843  1.92496
 227.49968  1.91711
 227.52092  1.91858
 227.54216  1.91324
 227.56341  1.91325
 227.58465  1.90626
 227.60588  1.90814
 227.62712  1.90521
 227.64838  1.89916
 227.66963  1.90288
 227.69085  1.89496
 227.71210  1.89695
 227.73333  1.88292
 227.75458  1.87036
 227.77583  1.88678
 227.79705  1.86681
 227.81830  1.87486
 227.83953  1.86805
 227.86078  1.86495
 227.88200  1.87406
 227.90325  1.86283
 227.92449  1.86631
 227.94573  1.86040
 227.96696  1.86389
 227.98820  1.85545
 228.00944  1.85085
 228.03069  1.84496
 228.05191  1.85957
 228.07316  1.85118
 228.09439  1.83923
 228.11562  1.83279
 228.13686  1.83056
 228.15810  1.82825
 228.17933  1.83222
 228.20057  1.82174
 228.22181  1.82856
 228.24303  1.81306
 228.26427  1.82640
 228.28552  1.81126
 228.30674  1.82181
 228.32798  1.81128
 228.34920  1.82134
 228.37044  1.80929
 228.39166  1.80725
 228.41291  1.80985
 228.43415  1.80308
 228.45537  1.79971
 228.47661  1.80312
 228.49783  1.79946
 228.51907  1.79572
 228.54030  1.80114
 228.56153  1.79764
 228.58276  1.78854
 228.60399  1.77322
 228.62522  1.78460
 228.64645  1.78049
 228.66768  1.77822
 228.68892  1.78467
 228.71014  1.77213
 228.73138  1.77190
 228.75260  1.76657
 228.77384  1.77527
 228.79506  1.76462
 228.81628  1.77785
 228.83752  1.76360
 228.85874  1.76225
 228.87998  1.76020
 228.90120  1.76449
 228.92242  1.75598
 228.94366  1.75206
 228.96488  1.75402
 228.98612  1.73253
 229.00733  1.73615
 229.02856  1.75302
 229.04980  1.75104
 229.07101  1.74231
 229.09224  1.74380
 229.11347  1.73139
 229.13469  1.72858
 229.15592  1.73592
 229.17713  1.73369
 229.19837  1.75386
 229.21958  1.72521
 229.24081  1.72705
 229.26204  1.72505
 229.28326  1.72054
 229.30449  1.72247
 229.32570  1.71443
 229.34692  1.71538
 229.36814  1.71419
 229.38936  1.71762
 229.41060  1.70505
 229.43181  1.70336
 229.45304  1.70595
 229.47425  1.69368
 229.49547  1.67759
 229.51671  1.69513
 229.53792  1.68199
 229.55914  1.67687
 229.58035  1.67118
 229.60158  1.67278
 229.62279  1.66934
 229.64401  1.65452
 229.66523  1.66152
 229.68646  1.65506
 229.70768  1.65416
 229.72889  1.63756
 229.75011  1.64085
 229.77133  1.62944
 229.79254  1.63760
 229.81377  1.62213
 229.83498  1.61658
 229.85620  1.61453
 229.87742  1.60825
 229.89863  1.59616
 229.91985  1.59920
 229.94106  1.58647
 229.96228  1.58992
 229.98349  1.57822
 230.00471  1.57826
 230.02593  1.56731
 230.04714  1.55761
 230.06836  1.56059
 230.08957  1.55287
 230.11079  1.55147
 230.13199  1.54310
 230.15320  1.54478
 230.17442  1.54950
 230.19563  1.53808
 230.21685  1.53208
 230.23807  1.52828
 230.25926  1.51850
 230.28048  1.50862
 230.30169  1.50737
 230.32291  1.51317
 230.34412  1.50166
 230.36533  1.49761
 230.38655  1.49515
 230.40774  1.48202
 230.42896  1.47974
 230.45017  1.47938
 230.47137  1.48087
 230.49259  1.47480
 230.51380  1.47084
 230.53501  1.47347
 230.55622  1.46979
 230.57742  1.45862
 230.59864  1.45410
 230.61984  1.46565
 230.64106  1.45727
 230.66225  1.46144
 230.68347  1.45555
 230.70468  1.43985
 230.72589  1.45104
 230.74709  1.44457
 230.76830  1.44055
 230.78950  1.43514
 230.81071  1.44232
 230.83192  1.43280
 230.85312  1.42455
 230.87432  1.41728
 230.89554  1.41702
 230.91673  1.40985
 230.93794  1.40228
 230.95916  1.40161
 230.98035  1.39266
 231.00155  1.39876
 231.02275  1.38746
 231.04395  1.40386
 231.06517  1.39141
 231.08637  1.38158
 231.10757  1.38463
 231.12877  1.38787
 231.14997  1.38521
 231.17118  1.37745
 231.19237  1.37631
 231.21357  1.37055
 231.23478  1.37017
 231.25599  1.36952
 231.27719  1.36089
 231.29839  1.36224
 231.31959  1.36440
 231.34079  1.35492
 231.36199  1.34691
 231.38318  1.34788
 231.40437  1.34909
 231.42558  1.34589
 231.44677  1.34697
 231.46798  1.33852
 231.48918  1.34414
 231.51038  1.33782
 231.53158  1.32983
 231.55278  1.32818
 231.57396  1.32382
 231.59516  1.31812
 231.61636  1.31943
 231.63757  1.32167
 231.65875  1.32154
 231.67995  1.31540
 231.70115  1.30045
 231.72235  1.30490
 231.74354  1.30419
 231.76473  1.29430
 231.78594  1.29809
 231.80712  1.29731
 231.82832  1.28784
 231.84951  1.29169
 231.87071  1.28066
 231.89191  1.28222
 231.91309  1.27923
 231.93429  1.27909
 231.95548  1.27749
 231.97668  1.27338
 231.99787  1.26296
 232.01906  1.26329
 232.04025  1.25560
 232.06144  1.25500
 232.08263  1.25829
 232.10382  1.24988
 232.12502  1.25471
 232.14621  1.25012
 232.16740  1.24882
 232.18859  1.24588
 232.20978  1.24374
 232.23096  1.24024
 232.25216  1.24022
 232.27335  1.23389
 232.29453  1.18276
 232.31574  1.21469
 232.33692  1.23075
 232.35810  1.22705
 232.37929  1.21915
 232.40047  1.21879
 232.42168  1.21235
 232.44286  1.21268
 232.46405  1.19987
 232.48524  1.20748
 232.50641  1.21370
 232.52760  1.20011
 232.54878  1.20017
 232.56997  1.19642
 232.59116  1.19854
 232.61234  1.19158
 232.63353  1.18683
 232.65471  1.19183
 232.67590  1.19403
 232.69709  1.18058
 232.71827  1.17303
 232.73946  1.17038
 232.76063  1.16872
 232.78182  1.17109
 232.80300  1.15929
 232.82419  1.16430
 232.84537  1.16598
 232.86655  1.16725
 232.88773  1.15807
 232.90891  1.15564
 232.93010  1.15408
 232.95128  1.15113
 232.97246  1.13929
 232.99365  1.14123
 233.01482  1.14095
 233.03600  1.13482
 233.05719  1.12599
 233.07837  1.13694
 233.09954  1.12730
 233.12072  1.12957
 233.14191  1.12491
 233.16308  1.11877
 233.18426  1.10818
 233.20544  1.12176
 233.22662  1.11140
 233.24781  1.11719
 233.26898  1.11579
 233.29016  1.11645
 233.31133  1.11107
 233.33251  1.10853
 233.35369  1.10957
 233.37486  1.10943
 233.39604  1.09974
 233.41721  1.10709
 233.43839  1.09744
 233.45957  1.09493
 233.48074  1.09578
 233.50192  1.09455
 233.52309  1.08383
 233.54426  1.09015
 233.56545  1.08445
 233.58662  1.08826
 233.60778  1.08714
 233.62896  1.08194
 233.65014  1.07907
 233.67131  1.07805
 233.69248  1.07729
 233.71365  1.07570
 233.73484  1.06759
 233.75601  1.07225
 233.77718  1.07222
 233.79835  1.06739
 233.81951  1.06016
 233.84069  1.06134
 233.86186  1.06557
 233.88303  1.05724
 233.90420  1.04881
 233.92536  1.04979
 233.94654  1.05305
 233.96771  1.04074
 233.98887  1.05009
 234.01005  1.04837
 234.03121  1.03956
 234.05239  1.04280
 234.07356  1.04141
 234.09472  1.03184
 234.11590  1.03753
 234.13706  1.02402
 234.15822  1.02573
 234.17940  1.03026
 234.20056  1.02304
 234.22173  1.02211
 234.24290  1.02992
 234.26406  1.02224
 234.28523  1.02938
 234.30639  1.01329
 234.32757  1.00949
 234.34872  1.01490
 234.36989  1.00509
 234.39106  1.00537
 234.41221  1.00014
 234.43339  1.00293
 234.45455  0.99657
 234.47571  0.99254
 234.49688  0.99648
 234.51803  0.99888
 234.53921  0.99247
 234.56035  0.98603
 234.58153  0.98810
 234.60269  0.99100
 234.62385  0.98233
 234.64501  0.98055
 234.66617  0.97759
 234.68733  0.97631
 234.70851  0.97457
 234.72966  0.97370
 234.75081  0.96865
 234.77198  0.96906
 234.79314  0.97075
 234.81431  0.96018
 234.83546  0.95965
 234.85662  0.96786
 234.87777  0.95492
 234.89894  0.95931
 234.92010  0.96043
 234.94125  0.96000
 234.96241  0.95095
 234.98358  0.95351
 235.00473  0.94782
 235.02589  0.94576
 235.04704  0.94543
 235.06819  0.93806
 235.08935  0.94496
 235.11052  0.93215
 235.13168  0.93967
 235.15282  0.93177
 235.17398  0.93429
 235.19514  0.93292
 235.21629  0.93166
 235.23745  0.92488
 235.25860  0.93154
 235.27976  0.92255
 235.30092  0.92157
 235.32206  0.91256
 235.34322  0.91835
 235.36437  0.91237
 235.38552  0.90585
 235.40667  0.90340
 235.42782  0.91196
 235.44898  0.90514
 235.47013  0.90554
 235.49129  0.89968
 235.51243  0.89764
 235.53358  0.90001
 235.55474  0.89081
 235.57589  0.90186
 235.59703  0.89060
 235.61819  0.89484
 235.63934  0.88991
 235.66050  0.88243
 235.68164  0.88281
 235.70279  0.88398
 235.72395  0.87834
 235.74508  0.87607
 235.76624  0.89137
 235.78738  0.91266
