# wl 	 %tx
 258.51854  0.07390
 258.53979  0.07414
 258.56105  0.07565
 258.58227  0.07615
 258.60353  0.07707
 258.62475  0.07905
 258.64600  0.07888
 258.66723  0.08002
 258.68848  0.08126
 258.70974  0.08262
 258.73096  0.08237
 258.75223  0.08322
 258.77345  0.08530
 258.79470  0.08554
 258.81593  0.08589
 258.83718  0.08869
 258.85841  0.08961
 258.87966  0.09127
 258.90088  0.09050
 258.92214  0.09187
 258.94336  0.09158
 258.96462  0.09268
 258.98584  0.09287
 259.00710  0.09265
 259.02832  0.09318
 259.04957  0.09329
 259.07080  0.09266
 259.09205  0.09189
 259.11328  0.09257
 259.13453  0.09105
 259.15575  0.08983
 259.17698  0.08888
 259.19824  0.08762
 259.21947  0.08690
 259.24072  0.08539
 259.26195  0.08449
 259.28320  0.08102
 259.30442  0.08082
 259.32565  0.07859
 259.34690  0.07756
 259.36813  0.07592
 259.38935  0.07334
 259.41060  0.07228
 259.43183  0.07019
 259.45308  0.06906
 259.47431  0.06631
 259.49553  0.06600
 259.51679  0.06399
 259.53801  0.06217
 259.55923  0.06203
 259.58049  0.05982
 259.60171  0.05939
 259.62294  0.05724
 259.64419  0.05658
 259.66541  0.05532
 259.68664  0.05531
 259.70787  0.05408
 259.72913  0.05245
 259.75035  0.05328
 259.77158  0.05244
 259.79280  0.05093
 259.81405  0.05084
 259.83528  0.05068
 259.85650  0.05079
 259.87773  0.04998
 259.89898  0.05036
 259.92021  0.04949
 259.94143  0.05053
 259.96265  0.04960
 259.98391  0.04981
 260.00513  0.04988
 260.02636  0.05000
 260.04758  0.05046
 260.06880  0.05110
 260.09003  0.05140
 260.11128  0.05117
 260.13251  0.05209
 260.15373  0.05317
 260.17496  0.05351
 260.19618  0.05420
 260.21740  0.05513
 260.23866  0.05602
 260.25988  0.05706
 260.28111  0.05838
 260.30233  0.05880
 260.32357  0.06034
 260.34479  0.06144
 260.36601  0.06312
 260.38724  0.06459
 260.40846  0.06637
 260.42969  0.06712
 260.45094  0.06853
 260.47216  0.06963
 260.49339  0.07178
 260.51461  0.07338
 260.53584  0.07459
 260.55706  0.07475
 260.57829  0.07815
 260.59951  0.07985
 260.62073  0.08041
 260.64196  0.08126
 260.66318  0.08271
 260.68441  0.08355
 260.70563  0.08503
 260.72686  0.08502
 260.74808  0.08626
 260.76930  0.08626
 260.79053  0.08589
 260.81175  0.08679
 260.83298  0.08660
 260.85420  0.08624
 260.87543  0.08607
 260.89665  0.08633
 260.91787  0.08609
 260.93910  0.08502
 260.96032  0.08465
 260.98152  0.08367
 261.00274  0.08409
 261.02397  0.08398
 261.04519  0.08290
 261.06641  0.08222
 261.08764  0.08118
 261.10886  0.08177
 261.13009  0.08174
 261.15131  0.08096
 261.17250  0.08096
 261.19373  0.08032
 261.21495  0.08048
 261.23618  0.08049
 261.25740  0.07988
 261.27864  0.08123
 261.29986  0.08043
 261.32105  0.08138
 261.34228  0.08120
 261.36350  0.08169
 261.38473  0.08196
 261.40595  0.08272
 261.42715  0.08401
 261.44837  0.08352
 261.46959  0.08472
 261.49082  0.08606
 261.51204  0.08638
 261.53324  0.08721
 261.55446  0.08881
 261.57569  0.08956
 261.59691  0.09062
 261.61810  0.09165
 261.63933  0.09263
 261.66055  0.09302
 261.68175  0.09333
 261.70297  0.09508
 261.72420  0.09568
 261.74542  0.09643
 261.76661  0.09690
 261.78784  0.09730
 261.80906  0.09792
 261.83026  0.09840
 261.85148  0.09949
 261.87271  0.09902
 261.89390  0.09883
 261.91512  0.09792
 261.93635  0.09874
 261.95754  0.09743
 261.97877  0.09720
 261.99999  0.09719
 262.02119  0.09600
 262.04241  0.09485
 262.06360  0.09359
 262.08483  0.09240
 262.10605  0.09167
 262.12725  0.09025
 262.14847  0.08960
 262.16967  0.08797
 262.19089  0.08691
 262.21211  0.08637
 262.23331  0.08490
 262.25453  0.08322
 262.27573  0.08256
 262.29695  0.08121
 262.31815  0.08013
 262.33937  0.07997
 262.36056  0.07812
 262.38179  0.07832
 262.40298  0.07674
 262.42421  0.07698
 262.44540  0.07501
 262.46663  0.07475
 262.48782  0.07465
 262.50904  0.07402
 262.53024  0.07345
 262.55146  0.07412
 262.57266  0.07308
 262.59388  0.07348
 262.61508  0.07387
 262.63630  0.07310
 262.65749  0.07283
 262.67872  0.07313
 262.69991  0.07327
 262.72111  0.07306
 262.74233  0.07402
 262.76353  0.07449
 262.78475  0.07505
 262.80594  0.07517
 262.82714  0.07599
 262.84836  0.07591
 262.86956  0.07711
 262.89078  0.07761
 262.91198  0.07797
 262.93317  0.07891
 262.95439  0.07916
 262.97559  0.08017
 262.99678  0.08152
 263.01801  0.08165
 263.03920  0.08241
 263.06040  0.08335
 263.08162  0.08322
 263.10281  0.08401
 263.12401  0.08468
 263.14523  0.08518
 263.16643  0.08642
 263.18762  0.08727
 263.20882  0.08744
 263.23004  0.08780
 263.25123  0.08854
 263.27242  0.08830
 263.29361  0.08851
 263.31484  0.08915
 263.33603  0.08817
 263.35723  0.08914
 263.37842  0.08855
 263.39964  0.08907
 263.42084  0.08902
 263.44203  0.08849
 263.46323  0.08871
 263.48442  0.08851
 263.50565  0.08830
 263.52684  0.08708
 263.54804  0.08785
 263.56923  0.08723
 263.59042  0.08758
 263.61162  0.08728
 263.63284  0.08691
 263.65404  0.08561
 263.67523  0.08639
 263.69643  0.08604
 263.71762  0.08589
 263.73881  0.08215
 263.76001  0.08385
 263.78123  0.08578
 263.80243  0.08629
 263.82362  0.08365
 263.84482  0.08600
 263.86601  0.08580
 263.88720  0.08558
 263.90840  0.08732
 263.92959  0.08732
 263.95079  0.08669
 263.97198  0.08845
 263.99318  0.08812
 264.01437  0.08853
 264.03556  0.08956
 264.05676  0.09005
 264.07795  0.09140
 264.09915  0.09149
 264.12034  0.09215
 264.14154  0.09113
 264.16273  0.09408
 264.18393  0.09577
 264.20511  0.09633
 264.22630  0.09728
 264.24750  0.09919
 264.26869  0.10045
 264.28989  0.10104
 264.31108  0.10275
 264.33228  0.10366
 264.35347  0.10463
 264.37466  0.10491
 264.39586  0.10744
 264.41705  0.10800
 264.43825  0.10858
 264.45944  0.10985
 264.48064  0.11040
 264.50183  0.11146
 264.52300  0.11286
 264.54419  0.11237
 264.56538  0.11214
 264.58658  0.11278
 264.60777  0.11315
 264.62897  0.11236
 264.65016  0.11245
 264.67136  0.11263
 264.69252  0.11306
 264.71371  0.11228
 264.73491  0.11164
 264.75610  0.11103
 264.77730  0.11008
 264.79846  0.11006
 264.81966  0.10846
 264.84084  0.10737
 264.86203  0.10732
 264.88323  0.10630
 264.90439  0.10528
 264.92559  0.10474
 264.94678  0.10403
 264.96798  0.10326
 264.98914  0.10275
 265.01034  0.10169
 265.03153  0.10124
 265.05272  0.10096
 265.07389  0.09926
 265.09508  0.09925
 265.11628  0.09830
 265.13747  0.09784
 265.15864  0.09759
 265.17983  0.09807
 265.20103  0.09779
 265.22219  0.10054
 265.24338  0.10141
 265.26458  0.09770
 265.28574  0.09761
 265.30694  0.09732
 265.32813  0.09693
 265.34929  0.09760
 265.37048  0.09803
 265.39167  0.09796
 265.41284  0.09862
 265.43403  0.09883
 265.45520  0.09906
 265.47639  0.09979
 265.49759  0.10001
 265.51875  0.10112
 265.53995  0.10139
 265.56111  0.10221
 265.58230  0.10188
 265.60347  0.10275
 265.62466  0.10315
 265.64586  0.10389
 265.66702  0.10439
 265.68822  0.10462
 265.70938  0.10489
 265.73057  0.10500
 265.75173  0.10588
 265.77292  0.10556
 265.79409  0.10565
 265.81528  0.10546
 265.83645  0.10600
 265.85764  0.10489
 265.87881  0.10471
 265.90000  0.10440
 265.92116  0.10341
 265.94236  0.10175
 265.96352  0.10148
 265.98472  0.10079
 266.00588  0.09961
 266.02705  0.09828
 266.04824  0.09813
 266.06941  0.09646
 266.09060  0.09480
 266.11176  0.09361
 266.13296  0.09299
 266.15411  0.09126
 266.17528  0.09027
 266.19647  0.08897
 266.21764  0.08798
 266.23880  0.08625
 266.26000  0.08507
 266.28116  0.08317
 266.30235  0.08255
 266.32352  0.08085
 266.34468  0.07980
 266.36588  0.07880
 266.38704  0.07753
 266.40821  0.07671
 266.42940  0.07613
 266.45057  0.07549
 266.47173  0.07515
 266.49288  0.07378
 266.51408  0.07382
 266.53524  0.07338
 266.55641  0.07236
 266.57760  0.07226
 266.59877  0.07151
 266.61993  0.07159
 266.64109  0.07188
 266.66229  0.07130
 266.68345  0.07182
 266.70462  0.07158
 266.72578  0.07226
 266.74698  0.07204
 266.76814  0.07271
 266.78931  0.07396
 266.81046  0.07415
 266.83162  0.07372
 266.85282  0.07476
 266.87398  0.07511
 266.89515  0.07665
 266.91631  0.07729
 266.93748  0.07899
 266.95864  0.07938
 266.97984  0.08099
 267.00100  0.08269
 267.02216  0.08507
 267.04333  0.08666
 267.06449  0.08770
 267.08565  0.08931
 267.10681  0.09221
 267.12798  0.09409
 267.14914  0.09674
 267.17034  0.09897
 267.19150  0.10153
 267.21267  0.10470
 267.23383  0.10761
 267.25499  0.11079
 267.27616  0.11398
 267.29732  0.11684
 267.31849  0.12000
 267.33965  0.12347
 267.36082  0.12715
 267.38197  0.13014
 267.40314  0.13325
 267.42430  0.13659
 267.44546  0.13979
 267.46663  0.14181
 267.48779  0.14456
 267.50896  0.14733
 267.53012  0.14794
 267.55129  0.15011
 267.57245  0.15087
 267.59362  0.15176
 267.61478  0.15179
 267.63593  0.15156
 267.65710  0.15090
 267.67826  0.14955
 267.69943  0.14810
 267.72059  0.14634
 267.74176  0.14626
 267.76289  0.14246
 267.78406  0.13994
 267.80522  0.13720
 267.82638  0.13402
 267.84755  0.13144
 267.86871  0.12917
 267.88987  0.12637
 267.91103  0.12454
 267.93217  0.12132
 267.95333  0.11867
 267.97450  0.11611
 267.99566  0.11256
 268.01682  0.11119
 268.03799  0.10916
 268.05912  0.10652
 268.08029  0.10532
 268.10145  0.10320
 268.12261  0.10149
 268.14377  0.09956
 268.16491  0.09842
 268.18607  0.09724
 268.20724  0.09623
 268.22840  0.09547
 268.24953  0.09406
 268.27070  0.09354
 268.29186  0.09265
 268.31303  0.09235
 268.33416  0.09155
 268.35532  0.09185
 268.37648  0.09171
 268.39765  0.09118
 268.41878  0.09109
 268.43994  0.09137
 268.46111  0.09119
 268.48224  0.09152
 268.50341  0.09193
 268.52457  0.09265
 268.54571  0.09380
 268.56686  0.09418
 268.58803  0.09544
 268.60916  0.09573
 268.63033  0.09655
 268.65149  0.09809
 268.67262  0.09906
 268.69379  0.10035
 268.71492  0.10192
 268.73609  0.10380
 268.75725  0.10455
 268.77838  0.10586
 268.79954  0.10863
 268.82068  0.10914
 268.84184  0.11124
 268.86300  0.11267
 268.88414  0.11467
 268.90530  0.11544
 268.92644  0.11784
 268.94760  0.11940
 268.96874  0.11987
 268.98989  0.12232
 269.01103  0.12321
 269.03219  0.12510
 269.05333  0.12656
 269.07449  0.12666
 269.09562  0.12732
 269.11679  0.12823
 269.13792  0.12829
 269.15909  0.12862
 269.18021  0.12884
 269.20138  0.12877
 269.22251  0.12819
 269.24368  0.12770
 269.26481  0.12626
 269.28595  0.12646
 269.30711  0.12464
 269.32824  0.12367
 269.34941  0.12246
 269.37053  0.12100
 269.39170  0.11982
 269.41283  0.11852
 269.43397  0.11706
 269.45513  0.11534
 269.47627  0.11331
 269.49740  0.11203
 269.51856  0.11001
 269.53970  0.10895
 269.56082  0.10732
 269.58199  0.10525
 269.60312  0.10459
 269.62426  0.10283
 269.64542  0.10214
 269.66656  0.10043
 269.68769  0.09964
 269.70886  0.09865
 269.72999  0.09658
 269.75111  0.09660
 269.77228  0.09567
 269.79341  0.09502
 269.81455  0.09387
 269.83568  0.09300
 269.85685  0.09374
 269.87798  0.09311
 269.89912  0.09290
 269.92024  0.09281
 269.94141  0.09272
 269.96254  0.09328
 269.98367  0.09274
 270.00481  0.09282
 270.02594  0.09351
 270.04711  0.09389
 270.06824  0.09457
 270.08938  0.09556
 270.11050  0.09626
 270.13164  0.09694
 270.15277  0.09764
 270.17394  0.09898
 270.19507  0.09956
 270.21620  0.10057
 270.23734  0.10243
 270.25847  0.10332
 270.27960  0.10524
 270.30073  0.10672
 270.32187  0.10901
 270.34303  0.10986
 270.36417  0.11137
 270.38530  0.11342
 270.40644  0.11497
 270.42757  0.11721
 270.44870  0.12006
 270.46983  0.12166
 270.49096  0.12373
 270.51210  0.12590
 270.53323  0.12682
 270.55437  0.12872
 270.57550  0.13098
 270.59663  0.13236
 270.61776  0.13404
 270.63890  0.13561
 270.66003  0.13693
 270.68117  0.13891
 270.70230  0.13898
 270.72343  0.14047
 270.74457  0.14116
 270.76569  0.14066
 270.78683  0.14235
 270.80796  0.14192
 270.82910  0.14149
 270.85023  0.14148
 270.87137  0.14154
 270.89250  0.14053
 270.91363  0.14047
 270.93476  0.13984
 270.95586  0.13876
 270.97700  0.13766
 270.99813  0.13662
 271.01927  0.13504
 271.04040  0.13471
 271.06154  0.13258
 271.08266  0.13190
 271.10380  0.13102
 271.12490  0.12888
 271.14604  0.12830
 271.16717  0.12768
 271.18831  0.12559
 271.20944  0.12451
 271.23056  0.12350
 271.25167  0.12226
 271.27280  0.12155
 271.29394  0.12105
 271.31507  0.12018
 271.33618  0.11973
 271.35731  0.11952
 271.37844  0.11896
 271.39957  0.11821
 271.42071  0.11788
 271.44181  0.11695
 271.46295  0.11679
 271.48408  0.11750
 271.50517  0.11744
 271.52631  0.11774
 271.54744  0.11733
 271.56858  0.11781
 271.58968  0.11883
 271.61082  0.11878
 271.63195  0.11919
 271.65305  0.11985
 271.67418  0.12106
 271.69532  0.12095
 271.71642  0.12226
 271.73756  0.12365
 271.75869  0.12440
 271.77979  0.12589
 271.80092  0.12656
 271.82205  0.12757
 271.84316  0.12849
 271.86429  0.12993
 271.88540  0.13201
 271.90653  0.13193
 271.92767  0.13347
 271.94876  0.13452
 271.96990  0.13681
 271.99100  0.13788
 272.01214  0.13944
 272.03324  0.14118
 272.05437  0.14134
 272.07547  0.14265
 272.09660  0.14477
 272.11774  0.14502
 272.13884  0.14631
 272.15998  0.14773
 272.18108  0.14819
 272.20222  0.14898
 272.22331  0.15023
 272.24445  0.15030
 272.26555  0.15147
 272.28666  0.15124
 272.30779  0.15141
 272.32889  0.15248
 272.35002  0.15250
 272.37112  0.15240
 272.39226  0.15288
 272.41336  0.15241
 272.43450  0.15244
 272.45560  0.15209
 272.47670  0.15190
 272.49783  0.15147
 272.51894  0.15063
 272.54007  0.15097
 272.56118  0.15062
 272.58228  0.14998
 272.60340  0.14936
 272.62451  0.14840
 272.64561  0.14737
 272.66675  0.14720
 272.68785  0.14679
 272.70896  0.14716
 272.73008  0.14583
 272.75119  0.14540
 272.77229  0.14397
 272.79343  0.14405
 272.81453  0.14324
 272.83564  0.14233
 272.85676  0.14232
 272.87787  0.14149
 272.89897  0.14098
 272.92007  0.14032
 272.94121  0.14025
 272.96231  0.14005
 272.98341  0.14043
 273.00451  0.13983
 273.02565  0.13995
 273.04675  0.13952
 273.06786  0.13929
 273.08896  0.13966
 273.11006  0.13921
 273.13119  0.13876
 273.15230  0.13841
 273.17340  0.13871
 273.19450  0.13880
 273.21560  0.13825
 273.23673  0.13911
 273.25784  0.13840
 273.27894  0.13951
 273.30005  0.13892
 273.32115  0.13920
 273.34225  0.13925
 273.36335  0.13973
 273.38446  0.14014
 273.40559  0.14002
 273.42670  0.14022
 273.44780  0.14029
 273.46890  0.14069
 273.49000  0.14130
 273.51110  0.14097
 273.53221  0.14129
 273.55331  0.14157
 273.57441  0.14171
 273.59551  0.14205
 273.61662  0.14175
 273.63772  0.14273
 273.65883  0.14225
 273.67993  0.14279
 273.70103  0.14214
 273.72213  0.14194
 273.74324  0.14257
 273.76434  0.14282
 273.78545  0.14233
 273.80654  0.14226
 273.82765  0.14226
 273.84875  0.14266
 273.86985  0.14196
 273.89096  0.14165
 273.91206  0.14160
 273.93316  0.14081
 273.95426  0.14100
 273.97537  0.14118
 273.99647  0.14054
 274.01758  0.14056
 274.03867  0.14025
 274.05975  0.13969
 274.08085  0.13919
 274.10196  0.13946
 274.12306  0.13950
 274.14416  0.13814
 274.16526  0.13773
 274.18636  0.13771
 274.20744  0.13672
 274.22854  0.13580
 274.24964  0.13496
 274.27074  0.13592
 274.29185  0.13576
 274.31295  0.13532
 274.33403  0.13534
 274.35513  0.13444
 274.37623  0.13452
 274.39733  0.13485
 274.41841  0.13412
 274.43951  0.13443
 274.46062  0.13315
 274.48171  0.13401
 274.50279  0.13352
 274.52389  0.13344
 274.54499  0.13292
 274.56610  0.13343
 274.58716  0.13314
 274.60827  0.13332
 274.62937  0.13318
 274.65045  0.13316
 274.67155  0.13372
 274.69265  0.13310
 274.71372  0.13386
 274.73483  0.13337
 274.75593  0.13447
 274.77701  0.13435
 274.79810  0.13450
 274.81921  0.13463
 274.84028  0.13509
 274.86139  0.13513
 274.88249  0.13536
 274.90355  0.13573
 274.92466  0.13612
 274.94573  0.13651
 274.96684  0.13630
 274.98794  0.13645
 275.00901  0.13748
 275.03011  0.13812
 275.05119  0.13803
 275.07229  0.13867
 275.09336  0.13850
 275.11446  0.13909
 275.13554  0.13969
 275.15664  0.13998
 275.17772  0.14008
 275.19881  0.13996
 275.21989  0.14086
 275.24099  0.14073
 275.26207  0.14096
 275.28317  0.14226
 275.30423  0.14154
 275.32534  0.14219
 275.34641  0.14249
 275.36752  0.14174
 275.38859  0.14295
 275.40969  0.14268
 275.43076  0.14239
 275.45187  0.14325
 275.47294  0.14295
 275.49401  0.14330
 275.51511  0.14332
 275.53619  0.14260
 275.55729  0.14330
 275.57837  0.14383
 275.59943  0.14395
 275.62054  0.14369
 275.64161  0.14442
 275.66269  0.14376
 275.68379  0.14424
 275.70485  0.14454
 275.72593  0.14459
 275.74703  0.14481
 275.76811  0.14499
 275.78917  0.14465
 275.81028  0.14522
 275.83135  0.14492
 275.85243  0.14602
 275.87353  0.14560
 275.89460  0.14633
 275.91567  0.14615
 275.93675  0.14636
 275.95785  0.14707
 275.97892  0.14701
 275.99999  0.14737
 276.02107  0.14795
 276.04214  0.14862
 276.06325  0.14866
 276.08431  0.14911
 276.10539  0.14979
 276.12646  0.15031
 276.14756  0.15028
 276.16863  0.15108
 276.18970  0.15074
 276.21078  0.15241
 276.23185  0.15275
 276.25293  0.15246
 276.27399  0.15296
 276.29510  0.15341
 276.31617  0.15438
 276.33725  0.15426
 276.35831  0.15466
 276.37939  0.15514
 276.40046  0.15545
 276.42154  0.15612
 276.44260  0.15628
 276.46368  0.15682
 276.48478  0.15708
 276.50586  0.15740
 276.52693  0.15724
 276.54800  0.15802
 276.56907  0.15858
 276.59014  0.15851
 276.61122  0.15864
 276.63228  0.15876
 276.65336  0.15840
 276.67443  0.15872
 276.69551  0.15897
 276.71657  0.15817
 276.73765  0.15863
 276.75872  0.15853
 276.77980  0.15862
 276.80086  0.15852
 276.82194  0.15768
 276.84301  0.15786
 276.86409  0.15843
 276.88516  0.15741
 276.90623  0.15746
 276.92727  0.15696
 276.94835  0.15682
 276.96942  0.15653
 276.99049  0.15660
 277.01156  0.15644
 277.03264  0.15585
 277.05371  0.15607
 277.07478  0.15589
 277.09585  0.15588
 277.11689  0.15548
 277.13797  0.15535
 277.15903  0.15487
 277.18011  0.15486
 277.20118  0.15417
 277.22226  0.15482
 277.24329  0.15413
 277.26437  0.15407
 277.28544  0.15340
 277.30652  0.15368
 277.32758  0.15339
 277.34863  0.15319
 277.36970  0.15292
 277.39078  0.15264
 277.41184  0.15287
 277.43289  0.15248
 277.45396  0.15239
 277.47504  0.15199
 277.49610  0.15068
 277.51715  0.15170
 277.53822  0.15164
 277.55930  0.15189
 277.58033  0.15136
 277.60141  0.15089
 277.62248  0.15085
 277.64355  0.15074
 277.66459  0.14993
 277.68566  0.14995
 277.70674  0.14945
 277.72778  0.14943
 277.74885  0.14879
 277.76989  0.14833
 277.79097  0.14790
 277.81204  0.14720
 277.83308  0.14712
 277.85415  0.14595
 277.87520  0.14539
 277.89627  0.14522
 277.91734  0.14446
 277.93838  0.14411
 277.95946  0.14280
 277.98050  0.14229
 278.00157  0.14126
 278.02261  0.14037
 278.04369  0.13969
 278.06476  0.13921
 278.08580  0.13784
 278.10687  0.13741
 278.12792  0.13611
 278.14899  0.13615
 278.17003  0.13490
 278.19110  0.13373
 278.21215  0.13326
 278.23322  0.13174
 278.25425  0.13149
 278.27530  0.13045
 278.29637  0.12945
 278.31741  0.12875
 278.33848  0.12753
 278.35953  0.12683
 278.38060  0.12617
 278.40164  0.12483
 278.42268  0.12439
 278.44376  0.12383
 278.46480  0.12321
 278.48587  0.12270
 278.50691  0.12136
 278.52796  0.12112
 278.54903  0.12010
 278.57007  0.11974
 278.59111  0.11877
 278.61219  0.11825
 278.63322  0.11801
 278.65427  0.11810
 278.67534  0.11732
 278.69639  0.11719
 278.71742  0.11666
 278.73850  0.11646
 278.75954  0.11638
 278.78059  0.11602
 278.80165  0.11641
 278.82270  0.11614
 278.84374  0.11608
 278.86478  0.11584
 278.88585  0.11599
 278.90690  0.11604
 278.92794  0.11605
 278.94897  0.11631
 278.97002  0.11658
 278.99109  0.11643
 279.01214  0.11709
 279.03317  0.11686
 279.05422  0.11773
 279.07526  0.11819
 279.09633  0.11870
 279.11737  0.11913
 279.13842  0.11951
 279.15946  0.12046
 279.18050  0.12040
 279.20154  0.12158
 279.22259  0.12198
 279.24365  0.12321
 279.26470  0.12399
 279.28574  0.12476
 279.30679  0.12565
 279.32782  0.12611
 279.34887  0.12713
 279.36991  0.12821
 279.39095  0.12935
 279.41199  0.12945
 279.43304  0.13134
 279.45408  0.13181
 279.47512  0.13326
 279.49616  0.13384
 279.51724  0.13489
 279.53827  0.13624
 279.55932  0.13685
 279.58036  0.13767
 279.60141  0.13873
 279.62244  0.14002
 279.64349  0.14075
 279.66450  0.14134
 279.68554  0.14259
 279.70658  0.14324
 279.72763  0.14428
 279.74867  0.14482
 279.76971  0.14588
 279.79075  0.14666
 279.81179  0.14700
 279.83283  0.14802
 279.85387  0.14824
 279.87492  0.14806
 279.89596  0.14961
 279.91700  0.14919
 279.93801  0.14980
 279.95906  0.15005
 279.98009  0.15029
 280.00114  0.15048
 280.02218  0.15043
 280.04322  0.15130
 280.06426  0.15111
 280.08528  0.15105
 280.10632  0.15144
 280.12736  0.15118
 280.14840  0.15071
 280.16945  0.15090
 280.19045  0.15091
 280.21150  0.15042
 280.23254  0.15023
 280.25359  0.15006
 280.27459  0.14982
 280.29564  0.14992
 280.31668  0.14945
 280.33772  0.14922
 280.35873  0.14948
 280.37978  0.14865
 280.40081  0.14882
 280.42186  0.14836
 280.44287  0.14842
 280.46391  0.14723
 280.48495  0.14805
 280.50597  0.14754
 280.52701  0.14721
 280.54805  0.14714
 280.56906  0.14707
 280.59011  0.14689
 280.61114  0.14699
 280.63216  0.14672
 280.65320  0.14678
 280.67421  0.14638
 280.69525  0.14688
 280.71630  0.14594
 280.73730  0.14598
 280.75835  0.14648
 280.77936  0.14586
 280.80041  0.14661
 280.82144  0.14567
 280.84246  0.14604
 280.86350  0.14615
 280.88451  0.14598
 280.90555  0.14605
 280.92657  0.14600
 280.94760  0.14584
 280.96862  0.14572
 280.98966  0.14623
 281.01066  0.14571
 281.03171  0.14593
 281.05272  0.14573
 281.07377  0.14517
 281.09477  0.14527
 281.11582  0.14591
 281.13683  0.14485
 281.15787  0.14488
 281.17888  0.14488
 281.19990  0.14472
 281.22093  0.14480
 281.24195  0.14443
 281.26299  0.14401
 281.28400  0.14366
 281.30501  0.14369
 281.32606  0.14282
 281.34706  0.14283
 281.36811  0.14240
 281.38912  0.14203
 281.41013  0.14187
 281.43117  0.14172
 281.45219  0.14076
 281.47319  0.14052
 281.49424  0.14000
 281.51525  0.13991
 281.53626  0.13944
 281.55730  0.13865
 281.57832  0.13832
 281.59933  0.13818
 281.62034  0.13828
 281.64138  0.13788
 281.66240  0.13733
 281.68340  0.13681
 281.70442  0.13655
 281.72546  0.13627
 281.74647  0.13592
 281.76748  0.13549
 281.78850  0.13504
 281.80953  0.13511
 281.83055  0.13440
 281.85156  0.13453
 281.87257  0.13444
 281.89358  0.13455
 281.91460  0.13428
 281.93563  0.13437
 281.95665  0.13405
 281.97766  0.13495
 281.99867  0.13436
 282.01968  0.13429
 282.04070  0.13399
 282.06170  0.13462
 282.08275  0.13442
 282.10376  0.13427
 282.12477  0.13483
 282.14578  0.13513
 282.16680  0.13540
 282.18780  0.13593
 282.20882  0.13618
 282.22983  0.13649
 282.25084  0.13668
 282.27185  0.13693
 282.29287  0.13801
 282.31387  0.13808
 282.33489  0.13791
 282.35590  0.13928
 282.37691  0.13973
 282.39792  0.13991
 282.41894  0.14098
 282.43994  0.14124
 282.46096  0.14206
 282.48197  0.14268
 282.50298  0.14353
 282.52399  0.14334
 282.54501  0.14358
 282.56601  0.14419
 282.58703  0.14419
 282.60804  0.14607
 282.62905  0.14623
 282.65006  0.14679
 282.67108  0.14801
 282.69205  0.14810
 282.71307  0.14921
 282.73407  0.14952
 282.75509  0.15036
 282.77610  0.15128
 282.79711  0.15205
 282.81812  0.15241
 282.83914  0.15314
 282.86011  0.15386
 282.88113  0.15459
 282.90214  0.15494
 282.92315  0.15563
 282.94416  0.15569
 282.96515  0.15632
 282.98615  0.15698
 283.00717  0.15735
 283.02818  0.15817
 283.04916  0.15855
 283.07017  0.15944
 283.09119  0.15994
 283.11219  0.16045
 283.13318  0.16054
 283.15418  0.16165
 283.17520  0.16168
 283.19621  0.16236
 283.21719  0.16332
 283.23820  0.16359
 283.25922  0.16434
 283.28019  0.16513
 283.30121  0.16556
 283.32222  0.16592
 283.34320  0.16636
 283.36421  0.16692
 283.38523  0.16687
 283.40620  0.16780
 283.42722  0.16842
 283.44819  0.16923
 283.46921  0.16956
 283.49022  0.16998
 283.51120  0.17048
 283.53221  0.17135
 283.55320  0.17175
 283.57420  0.17260
 283.59522  0.17369
 283.61620  0.17306
 283.63721  0.17415
 283.65819  0.17472
 283.67921  0.17469
 283.70018  0.17549
 283.72120  0.17648
 283.74217  0.17623
 283.76319  0.17708
 283.78417  0.17793
 283.80518  0.17880
 283.82616  0.17890
 283.84718  0.17901
 283.86815  0.17995
 283.88917  0.18037
 283.91014  0.18095
 283.93113  0.18149
 283.95214  0.18253
 283.97312  0.18243
 283.99413  0.18320
 284.01512  0.18346
 284.03612  0.18348
 284.05711  0.18410
 284.07809  0.18420
 284.09910  0.18474
 284.12008  0.18462
 284.14106  0.18540
 284.16207  0.18532
 284.18306  0.18563
 284.20403  0.18617
 284.22505  0.18572
 284.24603  0.18585
 284.26701  0.18552
 284.28802  0.18558
 284.30900  0.18562
 284.32998  0.18527
 284.35100  0.18527
 284.37197  0.18511
 284.39296  0.18504
 284.41394  0.18508
 284.43495  0.18466
 284.45593  0.18496
 284.47691  0.18415
 284.49789  0.18370
 284.51891  0.18331
 284.53988  0.18227
 284.56087  0.18211
 284.58184  0.18202
 284.60283  0.18119
 284.62384  0.18107
 284.64482  0.17989
 284.66580  0.17920
 284.68679  0.17867
 284.70776  0.17910
 284.72875  0.17726
 284.74975  0.17714
 284.77074  0.17605
 284.79172  0.17578
 284.81270  0.17505
 284.83369  0.17430
 284.85467  0.17358
 284.87565  0.17363
 284.89663  0.17299
 284.91761  0.17232
 284.93859  0.17178
 284.95958  0.17081
 284.98058  0.17054
 285.00157  0.17012
 285.02254  0.16912
 285.04353  0.16891
 285.06451  0.16820
 285.08549  0.16774
 285.10647  0.16720
 285.12745  0.16713
 285.14843  0.16619
 285.16942  0.16627
 285.19039  0.16593
 285.21138  0.16561
 285.23236  0.16567
 285.25331  0.16493
 285.27429  0.16510
 285.29527  0.16483
 285.31625  0.16413
 285.33724  0.16452
 285.35821  0.16446
 285.37920  0.16426
 285.40017  0.16401
 285.42116  0.16398
 285.44214  0.16413
 285.46312  0.16409
 285.48407  0.16433
 285.50505  0.16450
 285.52603  0.16406
 285.54702  0.16402
 285.56799  0.16439
 285.58898  0.16418
 285.60992  0.16430
 285.63091  0.16440
 285.65189  0.16486
 285.67287  0.16482
 285.69385  0.16424
 285.71480  0.16474
 285.73578  0.16434
 285.75677  0.16451
 285.77774  0.16453
 285.79870  0.16477
 285.81967  0.16429
 285.84066  0.16444
 285.86164  0.16442
 285.88259  0.16416
 285.90357  0.16369
 285.92455  0.16344
 285.94550  0.16328
 285.96649  0.16305
 285.98747  0.16290
 286.00842  0.16196
 286.02940  0.16145
 286.05038  0.16097
 286.07133  0.16027
 286.09231  0.15985
 286.11330  0.15915
 286.13424  0.15784
 286.15523  0.15740
 286.17617  0.15667
 286.19716  0.15553
 286.21814  0.15474
 286.23909  0.15365
 286.26007  0.15301
 286.28102  0.15143
 286.30200  0.15056
 286.32296  0.14956
 286.34393  0.14841
 286.36492  0.14739
 286.38586  0.14627
 286.40685  0.14525
 286.42779  0.14391
 286.44878  0.14257
 286.46973  0.14221
 286.49071  0.14081
 286.51166  0.13958
 286.53264  0.13883
 286.55359  0.13727
 286.57455  0.13650
 286.59552  0.13590
 286.61648  0.13499
 286.63745  0.13346
 286.65841  0.13276
 286.67938  0.13185
 286.70034  0.13085
 286.72129  0.13038
 286.74227  0.12924
 286.76322  0.12902
 286.78420  0.12838
 286.80515  0.12773
 286.82610  0.12701
 286.84709  0.12652
 286.86804  0.12606
 286.88899  0.12583
 286.90997  0.12560
 286.93092  0.12526
 286.95187  0.12515
 286.97286  0.12497
 286.99380  0.12474
 287.01476  0.12480
 287.03570  0.12521
 287.05669  0.12505
 287.07763  0.12547
 287.09859  0.12531
 287.11953  0.12559
 287.14052  0.12598
 287.16147  0.12692
 287.18242  0.12719
 287.20337  0.12787
 287.22435  0.12903
 287.24530  0.12931
 287.26625  0.13004
 287.28720  0.13102
 287.30816  0.13209
 287.32910  0.13324
 287.35009  0.13409
 287.37103  0.13503
 287.39199  0.13662
 287.41293  0.13784
 287.43389  0.13926
 287.45484  0.14070
 287.47579  0.14194
 287.49677  0.14410
 287.51772  0.14570
 287.53868  0.14748
 287.55962  0.14924
 287.58058  0.15126
 287.60153  0.15261
 287.62248  0.15468
 287.64343  0.15644
 287.66438  0.15857
 287.68533  0.16078
 287.70628  0.16284
 287.72723  0.16505
 287.74818  0.16668
 287.76913  0.16907
 287.79009  0.17079
 287.81103  0.17305
 287.83199  0.17527
 287.85293  0.17704
 287.87389  0.17944
 287.89483  0.18114
 287.91579  0.18349
 287.93673  0.18498
 287.95769  0.18680
 287.97864  0.18837
 287.99959  0.19038
 288.02054  0.19188
 288.04146  0.19294
 288.06241  0.19471
 288.08336  0.19550
 288.10431  0.19667
 288.12526  0.19721
 288.14622  0.19781
 288.16717  0.19857
 288.18812  0.19918
 288.20904  0.19917
 288.22999  0.19937
 288.25094  0.19895
 288.27189  0.19913
 288.29284  0.19924
 288.31376  0.19899
 288.33471  0.19838
 288.35566  0.19764
 288.37661  0.19796
 288.39753  0.19590
 288.41848  0.19515
 288.43944  0.19455
 288.46038  0.19324
 288.48131  0.19253
 288.50225  0.19147
 288.52321  0.19070
 288.54415  0.18906
 288.56508  0.18813
 288.58602  0.18722
 288.60698  0.18598
 288.62789  0.18441
 288.64885  0.18366
 288.66981  0.18215
 288.69072  0.18093
 288.71168  0.18014
 288.73262  0.17905
 288.75355  0.17786
 288.77449  0.17736
 288.79542  0.17652
 288.81636  0.17574
 288.83732  0.17478
 288.85823  0.17417
 288.87919  0.17360
 288.90010  0.17253
 288.92106  0.17180
 288.94198  0.17157
 288.96293  0.17155
 288.98385  0.17060
 289.00480  0.16982
 289.02575  0.17011
 289.04667  0.17012
 289.06762  0.16955
 289.08854  0.16957
 289.10949  0.16960
 289.13041  0.16972
 289.15134  0.16993
 289.17228  0.17025
 289.19321  0.17034
 289.21415  0.17043
 289.23508  0.17039
 289.25603  0.17165
 289.27695  0.17189
 289.29790  0.17219
 289.31882  0.17272
 289.33974  0.17323
 289.36069  0.17413
 289.38161  0.17483
 289.40253  0.17533
 289.42348  0.17605
 289.44440  0.17635
 289.46535  0.17685
 289.48627  0.17824
 289.50719  0.17791
 289.52814  0.17917
 289.54906  0.17974
 289.56998  0.18094
 289.59090  0.18074
 289.61185  0.18160
 289.63278  0.18187
 289.65369  0.18299
 289.67465  0.18269
 289.69557  0.18327
 289.71649  0.18368
 289.73741  0.18389
 289.75836  0.18406
 289.77928  0.18370
 289.80020  0.18439
 289.82112  0.18419
 289.84204  0.18388
 289.86299  0.18348
 289.88391  0.18286
 289.90483  0.18278
 289.92575  0.18165
 289.94667  0.18141
 289.96759  0.18077
 289.98854  0.17965
 290.00946  0.17896
 290.03038  0.17801
 290.05130  0.17708
 290.07223  0.17626
 290.09314  0.17437
 290.11407  0.17342
 290.13498  0.17223
 290.15591  0.17054
 290.17685  0.16942
 290.19778  0.16761
 290.21869  0.16635
 290.23962  0.16482
 290.26053  0.16348
 290.28146  0.16194
 290.30237  0.16038
 290.32330  0.15873
 290.34421  0.15739
 290.36514  0.15549
 290.38605  0.15418
 290.40698  0.15238
 290.42789  0.15125
 290.44882  0.14938
 290.46974  0.14848
 290.49066  0.14702
 290.51158  0.14570
 290.53247  0.14427
 290.55339  0.14355
 290.57431  0.14361
 290.59523  0.14078
 290.61615  0.13965
 290.63707  0.13852
 290.65799  0.13757
 290.67891  0.13650
 290.69983  0.13569
 290.72072  0.13434
 290.74164  0.13373
 290.76256  0.13298
 290.78348  0.13282
 290.80440  0.13192
 290.82533  0.13139
 290.84621  0.13062
 290.86714  0.13097
 290.88805  0.13007
 290.90898  0.12993
 290.92989  0.12963
 290.95079  0.12921
 290.97170  0.12957
 290.99263  0.12935
 291.01354  0.12937
 291.03444  0.12965
 291.05535  0.12913
 291.07628  0.12935
 291.09719  0.12962
 291.11809  0.13069
 291.13900  0.13110
 291.15993  0.13131
 291.18081  0.13171
 291.20174  0.13285
 291.22266  0.13280
 291.24355  0.13393
 291.26447  0.13475
 291.28539  0.13509
 291.30628  0.13642
 291.32720  0.13729
 291.34809  0.13836
 291.36901  0.13968
 291.38993  0.14061
 291.41082  0.14196
 291.43174  0.14328
 291.45263  0.14465
 291.47355  0.14569
 291.49444  0.14731
 291.51536  0.14897
 291.53629  0.15021
 291.55717  0.15172
 291.57810  0.15312
 291.59898  0.15498
 291.61990  0.15672
 291.64079  0.15831
 291.66171  0.16015
 291.68260  0.16190
 291.70352  0.16369
 291.72441  0.16549
 291.74530  0.16707
 291.76622  0.16892
 291.78711  0.17094
 291.80803  0.17204
 291.82892  0.17365
 291.84984  0.17518
 291.87073  0.17670
 291.89163  0.17869
 291.91254  0.17937
 291.93344  0.18117
 291.95435  0.18238
 291.97525  0.18347
 291.99613  0.18484
 292.01706  0.18571
 292.03794  0.18719
 292.05883  0.18783
 292.07975  0.18802
 292.10064  0.18897
 292.12153  0.18914
 292.14242  0.18932
 292.16334  0.18963
 292.18423  0.19003
 292.20513  0.18989
 292.22604  0.18993
 292.24694  0.18962
 292.26782  0.18898
 292.28872  0.18901
 292.30963  0.18866
 292.33053  0.18795
 292.35141  0.18697
 292.37230  0.18629
 292.39319  0.18543
 292.41411  0.18444
 292.43500  0.18325
 292.45589  0.18247
 292.47678  0.18135
 292.49767  0.17999
 292.51857  0.17896
 292.53948  0.17760
 292.56038  0.17672
 292.58126  0.17553
 292.60216  0.17431
 292.62304  0.17312
 292.64393  0.17176
 292.66482  0.17068
 292.68571  0.16943
 292.70660  0.16834
 292.72749  0.16759
 292.74838  0.16637
 292.76927  0.16540
 292.79019  0.16470
 292.81108  0.16350
 292.83198  0.16241
 292.85286  0.16188
 292.87376  0.16084
 292.89464  0.15955
 292.91553  0.15969
 292.93642  0.15877
 292.95731  0.15859
 292.97817  0.15781
 292.99906  0.15739
 293.01995  0.15696
 293.04084  0.15688
 293.06173  0.15660
 293.08262  0.15652
 293.10351  0.15637
 293.12440  0.15603
 293.14529  0.15617
 293.16618  0.15616
 293.18707  0.15644
 293.20796  0.15654
 293.22882  0.15695
 293.24971  0.15710
 293.27060  0.15755
 293.29148  0.15764
 293.31238  0.15813
 293.33326  0.15850
 293.35413  0.15928
 293.37501  0.16020
 293.39591  0.16065
 293.41680  0.16091
 293.43769  0.16187
 293.45855  0.16277
 293.47943  0.16356
 293.50033  0.16409
 293.52121  0.16544
 293.54208  0.16594
 293.56296  0.16683
 293.58386  0.16738
 293.60471  0.16834
 293.62561  0.16961
 293.64649  0.17001
 293.66738  0.17144
 293.68825  0.17232
 293.70913  0.17347
 293.73003  0.17430
 293.75088  0.17517
 293.77178  0.17582
 293.79263  0.17663
 293.81352  0.17728
 293.83441  0.17812
 293.85527  0.17869
 293.87616  0.17906
 293.89702  0.17954
 293.91791  0.17984
 293.93880  0.18075
 293.95966  0.18068
 293.98055  0.18121
 294.00141  0.18115
 294.02230  0.18171
 294.04316  0.18168
 294.06405  0.18145
 294.08491  0.18139
 294.10580  0.18120
 294.12666  0.18102
 294.14754  0.18058
 294.16841  0.18063
 294.18929  0.17978
 294.21016  0.17938
 294.23105  0.17886
 294.25190  0.17831
 294.27280  0.17739
 294.29365  0.17674
 294.31455  0.17590
 294.33540  0.17490
 294.35627  0.17411
 294.37715  0.17329
 294.39801  0.17225
 294.41890  0.17121
 294.43976  0.17027
 294.46063  0.16936
 294.48151  0.16821
 294.50238  0.16745
 294.52323  0.16632
 294.54412  0.16496
 294.56498  0.16410
 294.58584  0.16315
 294.60673  0.16211
 294.62759  0.16094
 294.64844  0.16019
 294.66931  0.15871
 294.69019  0.15802
 294.71106  0.15769
 294.73192  0.15656
 294.75278  0.15559
 294.77367  0.15483
 294.79452  0.15419
 294.81539  0.15317
 294.83624  0.15275
 294.85714  0.15199
 294.87799  0.15118
 294.89885  0.15045
 294.91971  0.15022
 294.94057  0.14942
 294.96144  0.14921
 294.98232  0.14898
 295.00319  0.14788
 295.02404  0.14779
 295.04490  0.14776
 295.06576  0.14717
 295.08662  0.14765
 295.10748  0.14701
 295.12834  0.14666
 295.14922  0.14672
 295.17009  0.14669
 295.19095  0.14660
 295.21181  0.14657
 295.23267  0.14660
 295.25352  0.14660
 295.27439  0.14692
 295.29524  0.14704
 295.31611  0.14721
 295.33696  0.14748
 295.35782  0.14760
 295.37868  0.14786
 295.39954  0.14842
 295.42040  0.14853
 295.44126  0.14890
 295.46212  0.14915
 295.48298  0.15004
 295.50384  0.15001
 295.52470  0.15028
 295.54553  0.15145
 295.56638  0.15169
 295.58725  0.15197
 295.60810  0.15243
 295.62897  0.15288
 295.64982  0.15357
 295.67068  0.15424
 295.69155  0.15481
 295.71240  0.15506
 295.73324  0.15609
 295.75409  0.15646
 295.77495  0.15673
 295.79581  0.15738
 295.81667  0.15859
 295.83750  0.15880
 295.85836  0.15916
 295.87921  0.16000
 295.90008  0.16041
 295.92094  0.16096
 295.94176  0.16189
 295.96263  0.16175
 295.98348  0.16295
 296.00435  0.16368
 296.02517  0.16379
 296.04603  0.16425
 296.06689  0.16499
 296.08772  0.16560
 296.10859  0.16647
 296.12944  0.16649
 296.15027  0.16701
 296.17113  0.16761
 296.19199  0.16848
 296.21282  0.16824
 296.23368  0.16902
 296.25453  0.17011
 296.27537  0.17022
 296.29622  0.17034
 296.31705  0.17147
 296.33792  0.17144
 296.35877  0.17201
 296.37961  0.17214
 296.40046  0.17325
 296.42129  0.17358
 296.44215  0.17399
 296.46298  0.17459
 296.48383  0.17495
 296.50470  0.17550
 296.52552  0.17612
 296.54639  0.17670
 296.56722  0.17690
 296.58807  0.17816
 296.60891  0.17830
 296.62973  0.17875
 296.65059  0.17907
 296.67142  0.17999
 296.69228  0.18037
 296.71311  0.18148
 296.73397  0.18163
 296.75479  0.18237
 296.77566  0.18315
 296.79649  0.18342
 296.81731  0.18414
 296.83818  0.18480
 296.85900  0.18511
 296.87984  0.18586
 296.90069  0.18675
 296.92152  0.18699
 296.94238  0.18708
 296.96321  0.18831
 296.98404  0.18858
 297.00490  0.18899
 297.02573  0.18953
 297.04656  0.18987
 297.06739  0.19012
 297.08824  0.19059
 297.10908  0.19147
 297.12990  0.19154
 297.15073  0.19214
 297.17159  0.19217
 297.19242  0.19218
 297.21325  0.19266
 297.23408  0.19218
 297.25494  0.19254
 297.27577  0.19291
 297.29660  0.19307
 297.31742  0.19239
 297.33826  0.19259
 297.35911  0.19270
 297.37994  0.19188
 297.40078  0.19144
 297.42160  0.19132
 297.44243  0.19083
 297.46326  0.19042
 297.48409  0.18965
 297.50494  0.18941
 297.52578  0.18844
 297.54660  0.18771
 297.56744  0.18725
 297.58827  0.18631
 297.60909  0.18541
 297.62993  0.18424
 297.65075  0.18342
 297.67158  0.18226
 297.69241  0.18188
 297.71324  0.18004
 297.73406  0.17949
 297.75490  0.17833
 297.77573  0.17754
 297.79655  0.17610
 297.81739  0.17523
 297.83821  0.17411
 297.85904  0.17297
 297.87987  0.17157
 297.90070  0.17056
 297.92153  0.16972
 297.94236  0.16791
 297.96318  0.16741
 297.98402  0.16633
 298.00485  0.16559
 298.02564  0.16401
 298.04648  0.16281
 298.06730  0.16190
 298.08813  0.16104
 298.10896  0.16011
 298.12979  0.15868
 298.15061  0.15855
 298.17142  0.15817
 298.19225  0.15701
 298.21307  0.15584
 298.23391  0.15549
 298.25473  0.15511
 298.27553  0.15478
 298.29636  0.15299
 298.31719  0.15325
 298.33801  0.15285
 298.35882  0.15177
 298.37965  0.15189
 298.40047  0.15135
 298.42131  0.15154
 298.44210  0.15093
 298.46293  0.15035
 298.48376  0.15079
 298.50456  0.15112
 298.52538  0.14989
 298.54622  0.15019
 298.56702  0.15022
 298.58784  0.15125
 298.60868  0.15093
 298.62947  0.15024
 298.65030  0.15176
 298.67113  0.15203
 298.69193  0.15223
 298.71275  0.15204
 298.73356  0.15295
 298.75439  0.15368
 298.77521  0.15373
 298.79602  0.15393
 298.81684  0.15531
 298.83764  0.15595
 298.85847  0.15635
 298.87927  0.15686
 298.90009  0.15884
 298.92090  0.15948
 298.94173  0.16024
 298.96252  0.16087
 298.98336  0.16249
 299.00415  0.16182
 299.02498  0.16459
 299.04578  0.16457
 299.06661  0.16647
 299.08740  0.16677
 299.10824  0.16797
 299.12904  0.16987
 299.14983  0.17115
 299.17067  0.17160
 299.19146  0.17375
 299.21229  0.17411
 299.23308  0.17564
 299.25389  0.17655
 299.27472  0.17778
 299.29551  0.17953
 299.31632  0.18077
 299.33714  0.18223
 299.35794  0.18302
 299.37874  0.18394
 299.39957  0.18551
 299.42036  0.18655
 299.44117  0.18767
 299.46200  0.18892
 299.48279  0.19019
 299.50360  0.19116
 299.52439  0.19188
 299.54522  0.19280
 299.56601  0.19361
 299.58682  0.19459
 299.60761  0.19569
 299.62844  0.19637
 299.64925  0.19708
 299.67004  0.19771
 299.69084  0.19781
 299.71164  0.19863
 299.73247  0.19911
 299.75326  0.19959
 299.77407  0.19995
 299.79486  0.20034
 299.81566  0.20073
 299.83646  0.20086
 299.85726  0.20119
 299.87806  0.20113
 299.89888  0.20134
 299.91969  0.20126
 299.94048  0.20125
 299.96128  0.20117
 299.98209  0.20097
 300.00288  0.20071
 300.02368  0.20036
 300.04448  0.20039
 300.06528  0.19980
 300.08607  0.19960
 300.10687  0.19924
 300.12767  0.19869
 300.14847  0.19822
 300.16927  0.19772
 300.19007  0.19738
 300.21087  0.19696
 300.23166  0.19619
 300.25247  0.19560
 300.27326  0.19507
 300.29406  0.19462
 300.31486  0.19411
 300.33566  0.19349
 300.35643  0.19301
 300.37722  0.19251
 300.39803  0.19181
 300.41882  0.19117
 300.43962  0.19056
 300.46041  0.18994
 300.48122  0.18946
 300.50199  0.18896
 300.52278  0.18883
 300.54359  0.18801
 300.56438  0.18734
 300.58518  0.18677
 300.60597  0.18599
 300.62675  0.18538
 300.64755  0.18516
 300.66834  0.18460
 300.68915  0.18419
 300.70991  0.18369
 300.73071  0.18300
 300.75150  0.18223
 300.77231  0.18133
 300.79307  0.18056
 300.81387  0.18071
 300.83468  0.18090
 300.85544  0.18039
 300.87624  0.17954
 300.89703  0.17865
 300.91781  0.17789
 300.93860  0.17707
 300.95940  0.17702
 300.98018  0.17684
 301.00097  0.17598
 301.02177  0.17568
 301.04253  0.17514
 301.06334  0.17488
 301.08410  0.17393
 301.10490  0.17295
 301.12570  0.17238
 301.14647  0.17258
 301.16727  0.17140
 301.18803  0.17060
 301.20884  0.17048
 301.22960  0.16930
 301.25040  0.16882
 301.27116  0.16817
 301.29197  0.16662
 301.31274  0.16639
 301.33353  0.16515
 301.35431  0.16555
 301.37510  0.16407
 301.39587  0.16222
 301.41666  0.16270
 301.43744  0.16197
 301.45821  0.16074
 301.47900  0.16067
 301.49977  0.16081
 301.52057  0.16022
 301.54134  0.16127
 301.56210  0.16673
