# wl 	 %tx
 298.60350  0.16073
 298.62457  0.16008
 298.64563  0.16142
 298.66669  0.16135
 298.68776  0.16236
 298.70883  0.16197
 298.72990  0.16256
 298.75096  0.16431
 298.77202  0.16441
 298.79309  0.16487
 298.81415  0.16526
 298.83522  0.16613
 298.85629  0.16659
 298.87736  0.16728
 298.89841  0.16813
 298.91948  0.16902
 298.94055  0.16969
 298.96161  0.17134
 298.98265  0.17178
 299.00371  0.17320
 299.02478  0.17355
 299.04584  0.17471
 299.06691  0.17530
 299.08798  0.17654
 299.10904  0.17783
 299.13010  0.17823
 299.15117  0.18002
 299.17223  0.18058
 299.19327  0.18168
 299.21434  0.18266
 299.23541  0.18399
 299.25646  0.18542
 299.27753  0.18578
 299.29860  0.18663
 299.31966  0.18826
 299.34070  0.18840
 299.36177  0.18943
 299.38283  0.19021
 299.40389  0.19182
 299.42496  0.19283
 299.44600  0.19376
 299.46706  0.19418
 299.48812  0.19420
 299.50919  0.19594
 299.53025  0.19647
 299.55129  0.19712
 299.57236  0.19732
 299.59343  0.19797
 299.61448  0.19849
 299.63552  0.19905
 299.65659  0.19955
 299.67765  0.19968
 299.69872  0.20011
 299.71976  0.20025
 299.74081  0.20022
 299.76188  0.20061
 299.78292  0.20086
 299.80399  0.20043
 299.82505  0.20058
 299.84608  0.20108
 299.86715  0.20087
 299.88821  0.20071
 299.90925  0.20048
 299.93032  0.20065
 299.95138  0.20014
 299.97241  0.19976
 299.99348  0.19963
 300.01454  0.19946
 300.03558  0.19895
 300.05665  0.19809
 300.07769  0.19828
 300.09874  0.19782
 300.11981  0.19786
 300.14085  0.19770
 300.16191  0.19613
 300.18295  0.19649
 300.20402  0.19574
 300.22504  0.19505
 300.24611  0.19528
 300.26718  0.19436
 300.28821  0.19365
 300.30928  0.19287
 300.33032  0.19239
 300.35138  0.19193
 300.37241  0.19136
 300.39348  0.19173
 300.41452  0.19064
 300.43558  0.19025
 300.45661  0.18962
 300.47768  0.18940
 300.49871  0.18841
 300.51978  0.18849
 300.54082  0.18830
 300.56188  0.18807
 300.58291  0.18762
 300.60395  0.18699
 300.62501  0.18612
 300.64605  0.18574
 300.66712  0.18537
 300.68815  0.18498
 300.70921  0.18443
 300.73025  0.18386
 300.75129  0.18352
 300.77235  0.18372
 300.79339  0.18287
 300.81443  0.18247
 300.83548  0.18248
 300.85652  0.18235
 300.87759  0.18200
 300.89862  0.18059
 300.91966  0.18078
 300.94073  0.18025
 300.96175  0.17941
 300.98279  0.17901
 301.00386  0.17870
 301.02489  0.17844
 301.04593  0.17789
 301.06697  0.17703
 301.08802  0.17704
 301.10906  0.17644
 301.13010  0.17618
 301.15116  0.17450
 301.17220  0.17460
 301.19324  0.17361
 301.21426  0.17276
 301.23533  0.17238
 301.25637  0.17197
 301.27740  0.17183
 301.29844  0.17096
 301.31951  0.16993
 301.34053  0.16902
 301.36157  0.16862
 301.38261  0.16727
 301.40364  0.16736
 301.42471  0.16654
 301.44574  0.16543
 301.46678  0.16469
 301.48781  0.16403
 301.50885  0.16280
 301.52988  0.16217
 301.55095  0.16176
 301.57198  0.16077
 301.59302  0.15939
 301.61405  0.15865
 301.63509  0.15844
 301.65613  0.15679
 301.67716  0.15569
 301.69819  0.15558
 301.71926  0.15449
 301.74029  0.15353
 301.76133  0.15308
 301.78237  0.15234
 301.80340  0.15047
 301.82443  0.15006
 301.84547  0.14909
 301.86650  0.14762
 301.88754  0.14736
 301.90857  0.14674
 301.92961  0.14617
 301.95064  0.14504
 301.97167  0.14394
 301.99271  0.14347
 302.01375  0.14235
 302.03478  0.14194
 302.05582  0.14152
 302.07685  0.14102
 302.09788  0.13982
 302.11892  0.13996
 302.13996  0.13909
 302.16099  0.13794
 302.18203  0.13736
 302.20306  0.13676
 302.22409  0.13627
 302.24513  0.13610
 302.26617  0.13619
 302.28720  0.13496
 302.30821  0.13497
 302.32924  0.13451
 302.35027  0.13419
 302.37131  0.13434
 302.39235  0.13406
 302.41338  0.13365
 302.43442  0.13342
 302.45545  0.13332
 302.47648  0.13329
 302.49749  0.13304
 302.51853  0.13289
 302.53956  0.13288
 302.56060  0.13294
 302.58163  0.13281
 302.60266  0.13329
 302.62367  0.13288
 302.64470  0.13398
 302.66574  0.13405
 302.68678  0.13405
 302.70780  0.13423
 302.72881  0.13452
 302.74985  0.13515
 302.77088  0.13567
 302.79192  0.13585
 302.81293  0.13614
 302.83396  0.13702
 302.85499  0.13763
 302.87603  0.13780
 302.89703  0.13933
 302.91807  0.13926
 302.93911  0.14009
 302.96011  0.14124
 302.98114  0.14234
 303.00218  0.14276
 303.02318  0.14371
 303.04422  0.14466
 303.06525  0.14639
 303.08629  0.14740
 303.10729  0.14785
 303.12832  0.14843
 303.14933  0.14991
 303.17037  0.15142
 303.19140  0.15268
 303.21241  0.15354
 303.23344  0.15512
 303.25447  0.15672
 303.27548  0.15747
 303.29652  0.15887
 303.31752  0.16008
 303.33856  0.16157
 303.35958  0.16332
 303.38059  0.16449
 303.40163  0.16540
 303.42263  0.16737
 303.44367  0.16862
 303.46468  0.16999
 303.48570  0.17173
 303.50671  0.17297
 303.52775  0.17453
 303.54875  0.17575
 303.56979  0.17744
 303.59079  0.17876
 303.61182  0.17969
 303.63283  0.18101
 303.65386  0.18217
 303.67487  0.18375
 303.69591  0.18532
 303.71691  0.18612
 303.73795  0.18696
 303.75894  0.18820
 303.77998  0.18963
 303.80099  0.19039
 303.82202  0.19106
 303.84303  0.19160
 303.86404  0.19246
 303.88506  0.19313
 303.90607  0.19319
 303.92711  0.19419
 303.94811  0.19448
 303.96912  0.19536
 303.99015  0.19490
 304.01115  0.19541
 304.03216  0.19599
 304.05319  0.19564
 304.07420  0.19562
 304.09521  0.19556
 304.11624  0.19504
 304.13724  0.19507
 304.15824  0.19430
 304.17928  0.19422
 304.20029  0.19476
 304.22129  0.19319
 304.24233  0.19302
 304.26333  0.19284
 304.28433  0.19091
 304.30537  0.19104
 304.32637  0.19038
 304.34738  0.18970
 304.36839  0.18914
 304.38942  0.18831
 304.41042  0.18685
 304.43143  0.18659
 304.45243  0.18579
 304.47344  0.18465
 304.49447  0.18315
 304.51548  0.18292
 304.53648  0.18176
 304.55748  0.18107
 304.57849  0.18017
 304.59953  0.17918
 304.62053  0.17864
 304.64154  0.17800
 304.66253  0.17673
 304.68354  0.17546
 304.70455  0.17483
 304.72558  0.17468
 304.74659  0.17278
 304.76759  0.17310
 304.78860  0.17186
 304.80960  0.17137
 304.83060  0.17002
 304.85161  0.16958
 304.87262  0.16962
 304.89362  0.16933
 304.91466  0.16775
 304.93565  0.16803
 304.95666  0.16671
 304.97767  0.16686
 304.99867  0.16570
 305.01968  0.16529
 305.04068  0.16460
 305.06168  0.16492
 305.08269  0.16377
 305.10369  0.16435
 305.12470  0.16366
 305.14570  0.16338
 305.16671  0.16262
 305.18772  0.16352
 305.20871  0.16292
 305.22972  0.16250
 305.25073  0.16201
 305.27173  0.16268
 305.29274  0.16225
 305.31374  0.16170
 305.33474  0.16242
 305.35575  0.16208
 305.37675  0.16256
 305.39773  0.16205
 305.41873  0.16244
 305.43974  0.16262
 305.46074  0.16334
 305.48174  0.16296
 305.50275  0.16305
 305.52375  0.16375
 305.54476  0.16364
 305.56577  0.16456
 305.58674  0.16419
 305.60774  0.16473
 305.62874  0.16552
 305.64975  0.16609
 305.67076  0.16629
 305.69176  0.16642
 305.71274  0.16718
 305.73373  0.16715
 305.75474  0.16803
 305.77575  0.16856
 305.79675  0.16872
 305.81773  0.16938
 305.83873  0.17027
 305.85974  0.17041
 305.88074  0.17145
 305.90171  0.17181
 305.92272  0.17232
 305.94372  0.17315
 305.96473  0.17415
 305.98571  0.17481
 306.00670  0.17521
 306.02771  0.17618
 306.04871  0.17688
 306.06969  0.17747
 306.09070  0.17790
 306.11170  0.17855
 306.13268  0.17955
 306.15367  0.18077
 306.17468  0.18146
 306.19565  0.18191
 306.21666  0.18254
 306.23767  0.18419
 306.25864  0.18427
 306.27964  0.18470
 306.30061  0.18540
 306.32162  0.18622
 306.34263  0.18697
 306.36360  0.18752
 306.38461  0.18874
 306.40561  0.18951
 306.42658  0.19050
 306.44759  0.19140
 306.46856  0.19167
 306.48957  0.19349
 306.51054  0.19413
 306.53155  0.19508
 306.55251  0.19557
 306.57352  0.19655
 306.59453  0.19742
 306.61550  0.19800
 306.63651  0.19920
 306.65748  0.19917
 306.67849  0.20104
 306.69946  0.20120
 306.72046  0.20204
 306.74144  0.20306
 306.76241  0.20334
 306.78342  0.20492
 306.80439  0.20511
 306.82539  0.20601
 306.84637  0.20660
 306.86737  0.20701
 306.88835  0.20822
 306.90935  0.20831
 306.93033  0.20902
 306.95131  0.20920
 306.97230  0.21001
 306.99328  0.21118
 307.01428  0.21104
 307.03526  0.21090
 307.05623  0.21108
 307.07724  0.21115
 307.09821  0.21135
 307.11918  0.21169
 307.14019  0.21203
 307.16116  0.21148
 307.18214  0.21148
 307.20314  0.21106
 307.22412  0.21122
 307.24509  0.21135
 307.26609  0.21088
 307.28707  0.21033
 307.30804  0.20991
 307.32905  0.20963
 307.35002  0.20973
 307.37100  0.20829
 307.39197  0.20729
 307.41297  0.20659
 307.43395  0.20617
 307.45492  0.20542
 307.47590  0.20437
 307.49691  0.20276
 307.51787  0.20252
 307.53885  0.20162
 307.55982  0.20097
 307.58080  0.19997
 307.60180  0.19810
 307.62278  0.19730
 307.64375  0.19652
 307.66472  0.19468
 307.68570  0.19399
 307.70667  0.19244
 307.72768  0.19164
 307.74865  0.19009
 307.76963  0.18934
 307.79060  0.18834
 307.81157  0.18665
 307.83255  0.18581
 307.85352  0.18432
 307.87450  0.18339
 307.89550  0.18160
 307.91648  0.18069
 307.93744  0.17928
 307.95842  0.17821
 307.97939  0.17799
 308.00037  0.17663
 308.02135  0.17564
 308.04232  0.17427
 308.06330  0.17290
 308.08426  0.17221
 308.10524  0.17108
 308.12621  0.17077
 308.14719  0.16930
 308.16817  0.16827
 308.18914  0.16758
 308.21012  0.16718
 308.23108  0.16615
 308.25206  0.16491
 308.27303  0.16400
 308.29401  0.16354
 308.31498  0.16253
 308.33596  0.16210
 308.35694  0.16149
 308.37790  0.16069
 308.39888  0.16011
 308.41985  0.15981
 308.44083  0.15883
 308.46177  0.15846
 308.48275  0.15795
 308.50371  0.15725
 308.52469  0.15713
 308.54566  0.15660
 308.56664  0.15646
 308.58762  0.15585
 308.60859  0.15582
 308.62954  0.15543
 308.65050  0.15479
 308.67148  0.15479
 308.69245  0.15435
 308.71343  0.15399
 308.73440  0.15409
 308.75535  0.15414
 308.77633  0.15394
 308.79729  0.15357
 308.81827  0.15363
 308.83924  0.15369
 308.86019  0.15275
 308.88116  0.15388
 308.90214  0.15348
 308.92311  0.15374
 308.94405  0.15374
 308.96502  0.15371
 308.98600  0.15400
 309.00698  0.15433
 309.02792  0.15402
 309.04890  0.15387
 309.06987  0.15446
 309.09081  0.15460
 309.11178  0.15468
 309.13276  0.15487
 309.15370  0.15487
 309.17468  0.15578
 309.19565  0.15543
 309.21660  0.15578
 309.23756  0.15637
 309.25854  0.15632
 309.27949  0.15720
 309.30046  0.15733
 309.32141  0.15782
 309.34238  0.15831
 309.36336  0.15909
 309.38429  0.15900
 309.40527  0.15945
 309.42621  0.15965
 309.44719  0.16072
 309.46816  0.16131
 309.48911  0.16170
 309.51007  0.16223
 309.53102  0.16247
 309.55200  0.16328
 309.57294  0.16362
 309.59392  0.16413
 309.61486  0.16491
 309.63584  0.16519
 309.65677  0.16628
 309.67775  0.16652
 309.69869  0.16728
 309.71967  0.16790
 309.74061  0.16838
 309.76159  0.16870
 309.78253  0.16976
 309.80350  0.17009
 309.82444  0.17060
 309.84539  0.17175
 309.86636  0.17212
 309.88731  0.17278
 309.90829  0.17358
 309.92923  0.17446
 309.95020  0.17524
 309.97114  0.17556
 309.99209  0.17623
 310.01306  0.17725
 310.03401  0.17717
 310.05495  0.17851
 310.07593  0.17877
 310.09686  0.17983
 310.11781  0.18003
 310.13878  0.18063
 310.15973  0.18183
 310.18067  0.18208
 310.20165  0.18314
 310.22259  0.18357
 310.24353  0.18397
 310.26450  0.18489
 310.28545  0.18549
 310.30639  0.18626
 310.32734  0.18672
 310.34832  0.18695
 310.36926  0.18785
 310.39021  0.18878
 310.41114  0.18910
 310.43212  0.18966
 310.45306  0.19044
 310.47401  0.19105
 310.49495  0.19184
 310.51593  0.19232
 310.53687  0.19273
 310.55781  0.19331
 310.57875  0.19379
 310.59970  0.19425
 310.62064  0.19538
 310.64162  0.19534
 310.66256  0.19587
 310.68351  0.19642
 310.70444  0.19723
 310.72539  0.19747
 310.74633  0.19814
 310.76728  0.19860
 310.78825  0.19917
 310.80920  0.19963
 310.83014  0.20012
 310.85108  0.20044
 310.87202  0.20081
 310.89297  0.20133
 310.91391  0.20144
 310.93486  0.20259
 310.95580  0.20253
 310.97675  0.20291
 310.99768  0.20311
 311.01863  0.20298
 311.03957  0.20466
 311.06052  0.20464
 311.08146  0.20530
 311.10241  0.20469
 311.12335  0.20556
 311.14429  0.20591
 311.16523  0.20554
 311.18618  0.20649
 311.20712  0.20599
 311.22807  0.20656
 311.24901  0.20668
 311.26996  0.20754
 311.29089  0.20715
 311.31184  0.20737
 311.33279  0.20738
 311.35373  0.20751
 311.37468  0.20783
 311.39562  0.20786
 311.41653  0.20814
 311.43748  0.20811
 311.45841  0.20725
 311.47936  0.20788
 311.50031  0.20773
 311.52125  0.20781
 311.54220  0.20743
 311.56314  0.20728
 311.58405  0.20695
 311.60499  0.20702
 311.62593  0.20754
 311.64688  0.20730
 311.66783  0.20706
 311.68874  0.20651
 311.70968  0.20626
 311.73063  0.20629
 311.75156  0.20604
 311.77251  0.20533
 311.79342  0.20540
 311.81437  0.20542
 311.83531  0.20465
 311.85626  0.20422
 311.87717  0.20382
 311.89811  0.20378
 311.91905  0.20355
 311.93997  0.20322
 311.96091  0.20241
 311.98186  0.20251
 312.00280  0.20253
 312.02372  0.20204
 312.04466  0.20142
 312.06560  0.20117
 312.08651  0.20089
 312.10746  0.20038
 312.12840  0.20017
 312.14932  0.19955
 312.17026  0.19978
 312.19118  0.19871
 312.21211  0.19854
 312.23306  0.19837
 312.25397  0.19834
 312.27492  0.19784
 312.29583  0.19706
 312.31678  0.19751
 312.33772  0.19761
 312.35863  0.19734
 312.37957  0.19665
 312.40049  0.19625
 312.42143  0.19661
 312.44235  0.19650
 312.46329  0.19617
 312.48421  0.19621
 312.50515  0.19628
 312.52605  0.19621
 312.54700  0.19625
 312.56791  0.19583
 312.58886  0.19659
 312.60977  0.19651
 312.63072  0.19628
 312.65163  0.19590
 312.67257  0.19595
 312.69348  0.19614
 312.71443  0.19620
 312.73534  0.19648
 312.75626  0.19634
 312.77720  0.19657
 312.79812  0.19680
 312.81906  0.19711
 312.83997  0.19749
 312.86088  0.19722
 312.88183  0.19825
 312.90274  0.19876
 312.92369  0.19886
 312.94460  0.19938
 312.96551  0.19944
 312.98645  0.19959
 313.00736  0.19949
 313.02828  0.20080
 313.04922  0.20085
 313.07014  0.20098
 313.09105  0.20121
 313.11197  0.20225
 313.13291  0.20223
 313.15382  0.20246
 313.17473  0.20305
 313.19568  0.20350
 313.21659  0.20293
 313.23751  0.20361
 313.25842  0.20379
 313.27937  0.20421
 313.30027  0.20456
 313.32118  0.20512
 313.34210  0.20506
 313.36301  0.20525
 313.38396  0.20549
 313.40487  0.20603
 313.42579  0.20548
 313.44670  0.20613
 313.46761  0.20622
 313.48855  0.20649
 313.50947  0.20677
 313.53038  0.20646
 313.55130  0.20631
 313.57221  0.20625
 313.59312  0.20594
 313.61403  0.20586
 313.63497  0.20559
 313.65589  0.20512
 313.67680  0.20505
 313.69772  0.20512
 313.71863  0.20494
 313.73955  0.20381
 313.76046  0.20333
 313.78137  0.20308
 313.80228  0.20319
 313.82319  0.20195
 313.84411  0.20138
 313.86502  0.20070
 313.88594  0.20050
 313.90685  0.19968
 313.92777  0.19896
 313.94867  0.19872
 313.96959  0.19717
 313.99050  0.19595
 314.01142  0.19513
 314.03233  0.19470
 314.05324  0.19358
 314.07416  0.19318
 314.09506  0.19173
 314.11598  0.19069
 314.13689  0.18906
 314.15781  0.18847
 314.17872  0.18720
 314.19964  0.18667
 314.22055  0.18594
 314.24147  0.18444
 314.26234  0.18348
 314.28325  0.18232
 314.30417  0.18133
 314.32508  0.18011
 314.34600  0.17926
 314.36691  0.17804
 314.38783  0.17761
 314.40871  0.17628
 314.42962  0.17532
 314.45053  0.17412
 314.47144  0.17300
 314.49236  0.17221
 314.51324  0.17139
 314.53416  0.17070
 314.55507  0.16957
 314.57598  0.16861
 314.59689  0.16805
 314.61778  0.16698
 314.63869  0.16611
 314.65960  0.16566
 314.68052  0.16489
 314.70140  0.16406
 314.72232  0.16313
 314.74322  0.16287
 314.76411  0.16249
 314.78502  0.16102
 314.80594  0.16078
 314.82685  0.16035
 314.84773  0.16010
 314.86865  0.15935
 314.88956  0.15876
 314.91044  0.15869
 314.93135  0.15873
 314.95227  0.15734
 314.97315  0.15755
 314.99406  0.15690
 315.01495  0.15647
 315.03586  0.15624
 315.05678  0.15564
 315.07765  0.15621
 315.09857  0.15587
 315.11945  0.15574
 315.14036  0.15598
 315.16125  0.15595
 315.18216  0.15607
 315.20308  0.15589
 315.22396  0.15653
 315.24487  0.15657
 315.26575  0.15626
 315.28667  0.15651
 315.30755  0.15633
 315.32846  0.15680
 315.34935  0.15735
 315.37026  0.15669
 315.39115  0.15719
 315.41205  0.15749
 315.43293  0.15792
 315.45385  0.15788
 315.47473  0.15841
 315.49565  0.15870
 315.51653  0.15892
 315.53742  0.15973
 315.55832  0.15980
 315.57920  0.16022
 315.60012  0.16110
 315.62100  0.16098
 315.64189  0.16195
 315.66280  0.16172
 315.68369  0.16246
 315.70460  0.16328
 315.72547  0.16379
 315.74636  0.16387
 315.76727  0.16441
 315.78816  0.16494
 315.80904  0.16527
 315.82996  0.16607
 315.85084  0.16682
 315.87172  0.16708
 315.89263  0.16784
 315.91351  0.16829
 315.93440  0.16874
 315.95528  0.16905
 315.97619  0.16915
 315.99708  0.17019
 316.01796  0.17107
 316.03885  0.17138
 316.05975  0.17185
 316.08064  0.17190
 316.10152  0.17234
 316.12240  0.17233
 316.14332  0.17320
 316.16420  0.17368
 316.18509  0.17345
 316.20597  0.17432
 316.22684  0.17461
 316.24773  0.17474
 316.26864  0.17527
 316.28953  0.17553
 316.31041  0.17628
 316.33129  0.17626
 316.35218  0.17631
 316.37306  0.17657
 316.39395  0.17665
 316.41485  0.17687
 316.43574  0.17704
 316.45662  0.17733
 316.47750  0.17774
 316.49839  0.17756
 316.51927  0.17786
 316.54016  0.17770
 316.56104  0.17808
 316.58191  0.17820
 316.60280  0.17855
 316.62368  0.17849
 316.64457  0.17887
 316.66545  0.17888
 316.68633  0.17900
 316.70722  0.17915
 316.72810  0.17895
 316.74898  0.17937
 316.76986  0.17985
 316.79074  0.17973
 316.81163  0.17999
 316.83251  0.17979
 316.85340  0.17987
 316.87428  0.18056
 316.89516  0.18087
 316.91604  0.18059
 316.93692  0.18103
 316.95781  0.18125
 316.97869  0.18152
 316.99954  0.18159
 317.02043  0.18284
 317.04131  0.18279
 317.06220  0.18361
 317.08307  0.18383
 317.10395  0.18403
 317.12484  0.18467
 317.14572  0.18465
 317.16657  0.18556
 317.18746  0.18657
 317.20834  0.18700
 317.22923  0.18777
 317.25010  0.18866
 317.27095  0.18889
 317.29184  0.19000
 317.31272  0.19094
 317.33361  0.19137
 317.35446  0.19251
 317.37534  0.19387
 317.39623  0.19428
 317.41711  0.19536
 317.43796  0.19650
 317.45884  0.19791
 317.47972  0.19911
 317.50061  0.20033
 317.52146  0.20189
 317.54235  0.20253
 317.56323  0.20352
 317.58408  0.20528
 317.60496  0.20705
 317.62584  0.20898
 317.64669  0.20942
 317.66758  0.21123
 317.68846  0.21314
 317.70932  0.21466
 317.73020  0.21657
 317.75108  0.21822
 317.77193  0.21979
 317.79281  0.22155
 317.81367  0.22326
 317.83455  0.22515
 317.85543  0.22694
 317.87629  0.22885
 317.89717  0.23111
 317.91802  0.23240
 317.93891  0.23404
 317.95975  0.23600
 317.98064  0.23748
 318.00149  0.23941
 318.02237  0.24107
 318.04323  0.24211
 318.06411  0.24435
 318.08496  0.24575
 318.10585  0.24736
 318.12669  0.24907
 318.14758  0.25068
 318.16843  0.25182
 318.18931  0.25348
 318.21017  0.25447
 318.23105  0.25540
 318.25190  0.25642
 318.27276  0.25716
 318.29364  0.25783
 318.31449  0.25868
 318.33537  0.25900
 318.35622  0.25978
 318.37708  0.25971
 318.39796  0.25938
 318.41881  0.25960
 318.43970  0.25970
 318.46055  0.25913
 318.48139  0.25872
 318.50228  0.25828
 318.52313  0.25729
 318.54399  0.25643
 318.56487  0.25546
 318.58572  0.25454
 318.60658  0.25278
 318.62743  0.25185
 318.64831  0.25070
 318.66916  0.24829
 318.69001  0.24692
 318.71090  0.24474
 318.73175  0.24319
 318.75260  0.24168
 318.77346  0.23930
 318.79431  0.23712
 318.81519  0.23538
 318.83604  0.23301
 318.85689  0.23097
 318.87774  0.22884
 318.89860  0.22582
 318.91948  0.22396
 318.94034  0.22124
 318.96119  0.21911
 318.98204  0.21610
 319.00290  0.21476
 319.02374  0.21193
 319.04462  0.21019
 319.06548  0.20744
 319.08633  0.20548
 319.10718  0.20323
 319.12804  0.20108
 319.14889  0.19860
 319.16974  0.19686
 319.19060  0.19442
 319.21144  0.19278
 319.23229  0.19018
 319.25318  0.18856
 319.27403  0.18710
 319.29489  0.18544
 319.31574  0.18354
 319.33659  0.18113
 319.35745  0.18026
 319.37829  0.17807
 319.39914  0.17712
 319.42000  0.17525
 319.44085  0.17393
 319.46170  0.17258
 319.48256  0.17119
 319.50341  0.16976
 319.52426  0.16904
 319.54509  0.16752
 319.56593  0.16690
 319.58678  0.16544
 319.60764  0.16481
 319.62849  0.16379
 319.64934  0.16293
 319.67020  0.16234
 319.69105  0.16125
 319.71191  0.16054
 319.73276  0.16002
 319.75357  0.15959
 319.77443  0.15902
 319.79528  0.15854
 319.81613  0.15760
 319.83699  0.15769
 319.85784  0.15690
 319.87869  0.15701
 319.89952  0.15713
 319.92037  0.15658
 319.94121  0.15647
 319.96207  0.15656
 319.98292  0.15665
 320.00374  0.15636
 320.02460  0.15628
 320.04545  0.15702
 320.06630  0.15677
 320.08713  0.15609
 320.10798  0.15738
 320.12882  0.15745
 320.14965  0.15760
 320.17050  0.15813
 320.19135  0.15827
 320.21221  0.15885
 320.23303  0.15912
 320.25388  0.15935
 320.27474  0.16034
 320.29555  0.16048
 320.31640  0.16153
 320.33726  0.16180
 320.35808  0.16275
 320.37893  0.16361
 320.39976  0.16407
 320.42061  0.16470
 320.44146  0.16531
 320.46229  0.16601
 320.48313  0.16702
 320.50395  0.16818
 320.52481  0.16862
 320.54566  0.16941
 320.56648  0.17007
 320.58734  0.17105
 320.60816  0.17207
 320.62901  0.17229
 320.64984  0.17378
 320.67068  0.17453
 320.69150  0.17554
 320.71236  0.17666
 320.73318  0.17724
 320.75403  0.17807
 320.77486  0.17941
 320.79571  0.18060
 320.81653  0.18064
 320.83739  0.18154
 320.85820  0.18214
 320.87905  0.18347
 320.89987  0.18413
 320.92070  0.18487
 320.94155  0.18576
 320.96237  0.18675
 320.98323  0.18694
 321.00405  0.18786
 321.02487  0.18802
 321.04572  0.18858
 321.06654  0.18938
 321.08736  0.19003
 321.10822  0.19075
 321.12904  0.19110
 321.14989  0.19164
 321.17072  0.19226
 321.19154  0.19221
 321.21236  0.19254
 321.23322  0.19317
 321.25403  0.19346
 321.27485  0.19374
 321.29571  0.19363
 321.31653  0.19407
 321.33735  0.19389
 321.35817  0.19432
 321.37903  0.19440
 321.39985  0.19466
 321.42067  0.19440
 321.44149  0.19475
 321.46234  0.19459
 321.48316  0.19436
 321.50399  0.19484
 321.52481  0.19414
 321.54563  0.19422
 321.56649  0.19391
 321.58731  0.19388
 321.60813  0.19324
 321.62894  0.19347
 321.64977  0.19348
 321.67059  0.19301
 321.69141  0.19256
 321.71227  0.19247
 321.73309  0.19251
 321.75391  0.19153
 321.77474  0.19168
 321.79556  0.19182
 321.81637  0.19098
 321.83720  0.19166
 321.85802  0.19027
 321.87884  0.19006
 321.89966  0.19032
 321.92049  0.18905
 321.94131  0.18996
 321.96213  0.18929
 321.98296  0.18924
 322.00378  0.18933
 322.02459  0.18875
 322.04541  0.18830
 322.06624  0.18836
 322.08706  0.18786
 322.10788  0.18798
 322.12871  0.18759
 322.14953  0.18726
 322.17035  0.18717
 322.19118  0.18750
 322.21199  0.18683
 322.23281  0.18713
 322.25363  0.18678
 322.27446  0.18654
 322.29528  0.18574
 322.31610  0.18650
 322.33690  0.18601
 322.35772  0.18633
 322.37854  0.18665
 322.39936  0.18572
 322.42018  0.18636
 322.44100  0.18560
 322.46179  0.18589
 322.48262  0.18552
 322.50344  0.18588
 322.52426  0.18590
 322.54509  0.18615
 322.56591  0.18528
 322.58670  0.18571
 322.60751  0.18595
 322.62834  0.18528
 322.64916  0.18559
 322.66995  0.18548
 322.69078  0.18505
 322.71160  0.18479
 322.73242  0.18531
 322.75321  0.18465
 322.77404  0.18465
 322.79485  0.18437
 322.81564  0.18466
 322.83647  0.18430
 322.85729  0.18470
 322.87808  0.18339
 322.89890  0.18433
 322.91973  0.18318
 322.94052  0.18342
 322.96134  0.18362
 322.98217  0.18274
 323.00295  0.18292
 323.02377  0.18227
 323.04456  0.18167
 323.06539  0.18244
 323.08621  0.18121
 323.10700  0.18173
 323.12782  0.18060
 323.14862  0.18126
 323.16944  0.18070
 323.19023  0.17930
 323.21105  0.18044
 323.23184  0.17944
 323.25266  0.17869
 323.27345  0.17847
 323.29428  0.17828
 323.31507  0.17796
 323.33589  0.17762
 323.35668  0.17737
 323.37751  0.17711
 323.39829  0.17603
 323.41911  0.17624
 323.43991  0.17579
 323.46073  0.17519
 323.48152  0.17540
 323.50234  0.17389
 323.52314  0.17462
 323.54393  0.17355
 323.56475  0.17432
 323.58554  0.17341
 323.60636  0.17250
 323.62715  0.17327
 323.64794  0.17242
 323.66877  0.17283
 323.68956  0.17247
 323.71035  0.17186
 323.73117  0.17153
 323.75197  0.17127
 323.77276  0.17114
 323.79358  0.17161
 323.81436  0.17116
 323.83516  0.16993
 323.85598  0.17041
 323.87677  0.17033
 323.89756  0.17095
 323.91836  0.17051
 323.93918  0.17057
 323.95997  0.17028
 323.98076  0.17028
 324.00156  0.17004
 324.02237  0.17006
 324.04316  0.17057
 324.06395  0.16990
 324.08475  0.17036
 324.10554  0.17077
 324.12633  0.17086
 324.14716  0.17032
 324.16795  0.17122
 324.18874  0.17083
 324.20953  0.17160
 324.23031  0.17088
 324.25111  0.17218
 324.27193  0.17205
 324.29272  0.17249
 324.31352  0.17267
 324.33431  0.17256
 324.35510  0.17254
 324.37589  0.17375
 324.39669  0.17327
 324.41748  0.17386
 324.43826  0.17347
 324.45905  0.17458
 324.47985  0.17467
 324.50064  0.17503
 324.52143  0.17577
 324.54222  0.17610
 324.56302  0.17630
 324.58381  0.17705
 324.60460  0.17713
 324.62539  0.17737
 324.64617  0.17797
 324.66697  0.17820
 324.68776  0.17912
 324.70855  0.17858
 324.72934  0.17988
 324.75014  0.17994
 324.77093  0.17962
 324.79172  0.18007
 324.81251  0.18045
 324.83331  0.18137
 324.85409  0.18141
 324.87485  0.18199
 324.89564  0.18152
 324.91644  0.18352
 324.93723  0.18318
 324.95802  0.18355
 324.97881  0.18366
 324.99961  0.18353
 325.02037  0.18540
 325.04116  0.18415
 325.06194  0.18573
 325.08274  0.18521
 325.10353  0.18596
 325.12429  0.18612
 325.14508  0.18678
 325.16588  0.18650
 325.18667  0.18616
 325.20743  0.18721
 325.22822  0.18808
 325.24901  0.18739
 325.26980  0.18766
 325.29056  0.18771
 325.31135  0.18798
 325.33214  0.18850
 325.35291  0.18838
 325.37370  0.18837
 325.39449  0.18919
 325.41525  0.18835
 325.43605  0.18893
 325.45684  0.19004
 325.47759  0.18904
 325.49838  0.18896
 325.51917  0.18937
 325.53994  0.18965
 325.56073  0.18852
 325.58149  0.19047
 325.60228  0.18924
 325.62308  0.19011
 325.64384  0.19039
 325.66463  0.18939
 325.68539  0.19045
 325.70617  0.18995
 325.72694  0.19022
 325.74773  0.19001
 325.76849  0.18924
 325.78928  0.19048
 325.81008  0.18981
 325.83084  0.19014
 325.85163  0.18901
 325.87239  0.19040
 325.89315  0.19003
 325.91394  0.19036
 325.93470  0.18940
 325.95549  0.19099
 325.97625  0.19024
 325.99705  0.19028
 326.01781  0.19041
 326.03860  0.19099
 326.05936  0.18958
 326.08012  0.18994
 326.10092  0.18986
 326.12168  0.18958
 326.14246  0.19098
 326.16322  0.19061
 326.18398  0.18986
 326.20478  0.19040
 326.22554  0.19009
 326.24630  0.19005
 326.26709  0.18935
 326.28786  0.19033
 326.30862  0.19056
 326.32941  0.19006
 326.35016  0.18998
 326.37092  0.19035
 326.39169  0.18895
 326.41248  0.19084
 326.43324  0.19035
 326.45400  0.18988
 326.47476  0.19076
 326.49556  0.19082
 326.51632  0.18999
 326.53708  0.19020
 326.55784  0.19078
 326.57859  0.18999
 326.59939  0.19042
 326.62015  0.18977
 326.64091  0.19049
 326.66167  0.19087
 326.68243  0.18969
 326.70320  0.19060
 326.72399  0.19120
 326.74475  0.19116
 326.76551  0.19103
 326.78627  0.19039
 326.80703  0.19080
 326.82779  0.19148
 326.84855  0.19027
 326.86931  0.19045
 326.89007  0.19106
 326.91087  0.19088
 326.93163  0.19229
 326.95239  0.19115
 326.97315  0.19059
 326.99392  0.19170
 327.01467  0.19134
 327.03543  0.19261
 327.05619  0.19200
 327.07695  0.19248
 327.09771  0.19176
 327.11848  0.19153
 327.13924  0.19320
 327.16000  0.19207
 327.18076  0.19261
 327.20152  0.19288
 327.22226  0.19427
 327.24301  0.19288
 327.26377  0.19346
 327.28453  0.19275
 327.30529  0.19427
 327.32606  0.19401
 327.34682  0.19445
 327.36758  0.19414
 327.38834  0.19465
 327.40910  0.19536
 327.42984  0.19566
 327.45060  0.19558
 327.47135  0.19531
 327.49211  0.19627
 327.51287  0.19633
 327.53363  0.19540
 327.55437  0.19750
 327.57513  0.19758
 327.59589  0.19659
 327.61665  0.19825
 327.63738  0.19822
 327.65815  0.19982
 327.67891  0.19667
 327.69966  0.19929
 327.72039  0.19887
 327.74115  0.19931
 327.76191  0.19969
 327.78268  0.20072
 327.80341  0.20054
 327.82417  0.20145
 327.84493  0.20036
 327.86566  0.20064
 327.88643  0.20188
 327.90719  0.20168
 327.92791  0.20206
 327.94867  0.20327
 327.96943  0.20283
 327.99016  0.20238
 328.01093  0.20315
 328.03166  0.20219
 328.05242  0.20251
 328.07318  0.20383
 328.09391  0.20275
 328.11467  0.20382
 328.13541  0.20449
 328.15616  0.20403
 328.17692  0.20384
 328.19765  0.20445
 328.21841  0.20320
 328.23915  0.20432
 328.25991  0.20412
 328.28064  0.20430
 328.30140  0.20283
 328.32213  0.20475
 328.34289  0.20330
 328.36363  0.20298
 328.38438  0.20434
 328.40511  0.20313
 328.42584  0.20268
 328.44660  0.20242
 328.46733  0.20220
 328.48810  0.20236
 328.50883  0.20127
 328.52959  0.20115
 328.55032  0.20152
 328.57105  0.20044
 328.59181  0.20088
 328.61255  0.20038
 328.63327  0.20047
 328.65403  0.19896
 328.67476  0.19829
 328.69549  0.19842
 328.71625  0.19737
 328.73698  0.19781
 328.75772  0.19716
 328.77848  0.19668
 328.79921  0.19584
 328.81994  0.19575
 328.84070  0.19486
 328.86142  0.19379
 328.88216  0.19311
 328.90289  0.19261
 328.92365  0.19259
 328.94438  0.19237
 328.96511  0.19092
 328.98584  0.19154
 329.00661  0.19057
 329.02734  0.19045
 329.04807  0.18838
 329.06880  0.18909
 329.08953  0.18874
 329.11025  0.18831
 329.13101  0.18706
 329.15175  0.18679
 329.17248  0.18690
 329.19321  0.18453
 329.21394  0.18434
 329.23467  0.18386
 329.25540  0.18207
 329.27613  0.18327
 329.29690  0.18349
 329.31763  0.18262
 329.33835  0.18268
 329.35908  0.18121
 329.37981  0.18238
 329.40054  0.18078
 329.42128  0.18144
 329.44201  0.18083
 329.46274  0.18111
 329.48347  0.18068
 329.50420  0.17987
 329.52493  0.18093
 329.54566  0.17996
 329.56640  0.18015
 329.58712  0.17994
 329.60785  0.18077
 329.62858  0.18035
 329.64931  0.18034
 329.67004  0.18093
 329.69077  0.17959
 329.71151  0.18159
 329.73221  0.17986
 329.75294  0.18129
 329.77367  0.18077
 329.79440  0.18149
 329.81513  0.18210
 329.83585  0.18223
 329.85658  0.18179
 329.87732  0.18312
 329.89802  0.18291
 329.91875  0.18353
 329.93948  0.18400
 329.96021  0.18473
 329.98094  0.18507
 330.00164  0.18481
 330.02238  0.18522
 330.04311  0.18600
 330.06384  0.18581
 330.08456  0.18713
 330.10526  0.18682
 330.12599  0.18807
 330.14672  0.18731
 330.16742  0.18810
 330.18816  0.18868
 330.20889  0.18948
 330.22962  0.18978
 330.25032  0.18998
 330.27105  0.19161
 330.29178  0.19046
 330.31248  0.19096
 330.33320  0.19155
 330.35394  0.19187
 330.37464  0.19287
 330.39537  0.19215
 330.41610  0.19280
 330.43680  0.19265
 330.45753  0.19410
 330.47823  0.19285
 330.49896  0.19337
 330.51970  0.19328
 330.54040  0.19297
 330.56113  0.19310
 330.58182  0.19364
 330.60255  0.19311
 330.62325  0.19286
 330.64398  0.19321
 330.66468  0.19186
 330.68542  0.19314
 330.70612  0.19294
 330.72685  0.19173
 330.74755  0.19080
 330.76828  0.19121
 330.78898  0.18995
 330.80971  0.18953
 330.83040  0.18998
 330.85113  0.18884
 330.87184  0.18826
 330.89254  0.18813
 330.91327  0.18736
 330.93397  0.18667
 330.95470  0.18463
 330.97540  0.18549
 330.99610  0.18242
 331.01683  0.18311
 331.03753  0.18213
 331.05827  0.18185
 331.07896  0.17985
 331.09966  0.17968
 331.12039  0.17797
 331.14109  0.17766
 331.16179  0.17651
 331.18249  0.17513
 331.20322  0.17460
 331.22392  0.17326
 331.24463  0.17387
 331.26536  0.17232
 331.28606  0.17072
 331.30676  0.16936
 331.32746  0.16947
 331.34818  0.16836
 331.36888  0.16830
 331.38958  0.16638
 331.41028  0.16480
 331.43098  0.16509
 331.45172  0.16372
 331.47242  0.16369
 331.49312  0.16159
 331.51382  0.16204
 331.53452  0.16072
 331.55522  0.15990
 331.57595  0.15826
 331.59664  0.15868
 331.61734  0.15859
 331.63804  0.15717
 331.65875  0.15798
 331.67945  0.15551
 331.70015  0.15664
 331.72085  0.15530
 331.74155  0.15483
 331.76225  0.15364
 331.78295  0.15412
 331.80365  0.15330
 331.82438  0.15354
 331.84508  0.15399
 331.86578  0.15183
 331.88648  0.15308
 331.90718  0.15305
 331.92788  0.15201
 331.94858  0.15251
 331.96925  0.15243
 331.98995  0.15202
 332.01065  0.15293
 332.03135  0.15252
 332.05205  0.15163
 332.07275  0.15283
 332.09346  0.15269
 332.11415  0.15269
 332.13485  0.15376
 332.15555  0.15309
 332.17625  0.15375
 332.19695  0.15419
 332.21762  0.15449
 332.23832  0.15449
 332.25902  0.15643
 332.27972  0.15604
 332.30042  0.15635
 332.32112  0.15766
 332.34180  0.15762
 332.36250  0.15875
 332.38319  0.15916
 332.40389  0.16022
 332.42459  0.16068
 332.44526  0.16186
 332.46596  0.16290
 332.48666  0.16217
 332.50736  0.16475
 332.52803  0.16525
 332.54873  0.16666
 332.56943  0.16772
 332.59010  0.16813
 332.61081  0.16999
 332.63151  0.16981
 332.65220  0.17282
 332.67287  0.17430
 332.69357  0.17574
 332.71427  0.17546
 332.73494  0.17721
 332.75564  0.17898
 332.77631  0.17944
 332.79701  0.18201
 332.81771  0.18222
 332.83838  0.18455
 332.85908  0.18589
 332.87975  0.18801
 332.90046  0.18861
 332.92115  0.19095
 332.94182  0.19166
 332.96252  0.19415
 332.98319  0.19550
 333.00389  0.19735
 333.02456  0.19965
 333.04526  0.20046
 333.06593  0.20189
 333.08663  0.20414
 333.10730  0.20439
 333.12800  0.20840
 333.14867  0.20769
 333.16937  0.21060
 333.19004  0.21095
 333.21074  0.21404
 333.23141  0.21456
 333.25208  0.21791
 333.27278  0.21796
 333.29345  0.21921
 333.31415  0.22100
 333.33482  0.22076
 333.35549  0.22383
 333.37619  0.22446
 333.39686  0.22677
 333.41753  0.22784
 333.43823  0.22827
 333.45890  0.23145
 333.47956  0.22971
 333.50026  0.23101
 333.52093  0.23238
 333.54160  0.23153
 333.56231  0.23554
 333.58298  0.23413
 333.60365  0.23522
 333.62432  0.23391
 333.64502  0.23620
 333.66569  0.23470
 333.68636  0.23653
 333.70703  0.23471
 333.72773  0.23659
 333.74840  0.23704
 333.76906  0.23725
 333.78973  0.23632
 333.81040  0.23518
 333.83110  0.23343
 333.85177  0.23504
 333.87244  0.23432
 333.89311  0.23457
 333.91378  0.23324
 333.93445  0.23300
 333.95512  0.23090
 333.97583  0.23074
 333.99650  0.22879
 334.01717  0.22961
 334.03783  0.22669
 334.05850  0.22572
 334.07917  0.22522
 334.09984  0.22471
 334.12051  0.22242
 334.14118  0.22132
 334.16185  0.22144
 334.18252  0.21844
 334.20319  0.21746
 334.22386  0.21648
 334.24453  0.21558
 334.26520  0.21400
 334.28587  0.21299
 334.30654  0.21022
 334.32720  0.20868
 334.34787  0.20878
 334.36854  0.20660
 334.38921  0.20510
 334.40988  0.20300
 334.43055  0.20371
 334.45123  0.20130
 334.47190  0.20072
 334.49254  0.19792
 334.51321  0.19716
 334.53388  0.19534
 334.55455  0.19458
 334.57522  0.19379
 334.59589  0.19273
 334.61655  0.19254
 334.63719  0.18900
 334.65786  0.18877
 334.67853  0.18875
 334.69920  0.18618
 334.71987  0.18527
 334.74051  0.18457
 334.76118  0.18325
 334.78185  0.18256
 334.80252  0.18234
 334.82316  0.18141
 334.84383  0.18128
 334.86450  0.17807
 334.88517  0.17744
 334.90580  0.17732
 334.92647  0.17789
 334.94714  0.17695
 334.96778  0.17626
 334.98845  0.17494
 335.00912  0.17373
 335.02976  0.17414
 335.05043  0.17284
 335.07110  0.17306
 335.09174  0.17345
 335.11241  0.17317
 335.13308  0.17131
 335.15372  0.17234
 335.17439  0.17133
 335.19503  0.17077
 335.21569  0.17082
 335.23633  0.17151
 335.25701  0.17083
 335.27768  0.16979
 335.29832  0.17148
 335.31899  0.17058
 335.33963  0.17081
 335.36030  0.17012
 335.38094  0.17125
 335.40161  0.16995
 335.42225  0.17194
 335.44292  0.17039
 335.46356  0.17081
 335.48420  0.17213
 335.50486  0.17289
 335.52550  0.17210
 335.54617  0.17264
 335.56681  0.17367
 335.58748  0.17535
 335.60812  0.17370
 335.62876  0.17348
 335.64943  0.17536
 335.67007  0.17635
 335.69074  0.17687
 335.71138  0.17641
 335.73202  0.17792
 335.75269  0.17827
 335.77333  0.18010
 335.79397  0.17983
 335.81463  0.17970
 335.83527  0.18106
 335.85591  0.18295
 335.87655  0.18324
 335.89722  0.18357
 335.91786  0.18362
 335.93850  0.18657
 335.95914  0.18721
 335.97981  0.18662
 336.00045  0.18928
 336.02109  0.18869
 336.04173  0.19020
 336.06240  0.19267
 336.08304  0.19254
 336.10368  0.19355
 336.12431  0.19328
 336.14495  0.19461
 336.16559  0.19672
 336.18626  0.19718
 336.20690  0.19820
 336.22754  0.20068
 336.24818  0.19974
 336.26882  0.20153
 336.28946  0.20226
 336.31010  0.20224
 336.33074  0.20535
 336.35138  0.20574
 336.37205  0.20628
 336.39269  0.20725
 336.41333  0.20700
 336.43396  0.20765
 336.45460  0.20939
 336.47524  0.20984
 336.49588  0.21119
 336.51652  0.21266
 336.53716  0.21277
 336.55780  0.21379
 336.57844  0.21372
 336.59908  0.21396
 336.61972  0.21423
 336.64036  0.21678
 336.66097  0.21584
 336.68161  0.21544
 336.70225  0.21676
 336.72288  0.21687
 336.74351  0.21770
 336.76415  0.21773
 336.78479  0.21733
 336.80543  0.21579
 336.82607  0.21715
 336.84671  0.21885
 336.86732  0.21841
 336.88796  0.21861
 336.90860  0.21748
 336.92924  0.21682
 336.94988  0.21715
 336.97049  0.21757
 336.99113  0.21896
 337.01177  0.21689
 337.03241  0.21668
 337.05305  0.21577
 337.07365  0.21694
 337.09429  0.21584
 337.11493  0.21529
 337.13557  0.21414
 337.15618  0.21403
 337.17682  0.21245
 337.19746  0.21174
 337.21807  0.21204
 337.23871  0.21328
 337.25935  0.21263
 337.27996  0.20974
 337.30060  0.21020
 337.32124  0.20964
 337.34185  0.20828
 337.36249  0.20712
 337.38312  0.20716
 337.40373  0.20554
 337.42437  0.20702
 337.44498  0.20495
 337.46562  0.20409
 337.48626  0.20398
 337.50687  0.20349
 337.52751  0.20185
 337.54811  0.20209
 337.56875  0.20035
 337.58936  0.20074
 337.61000  0.19916
 337.63061  0.19856
 337.65125  0.19972
 337.67186  0.19686
 337.69250  0.19688
 337.71310  0.19784
 337.73374  0.19725
 337.75435  0.19492
 337.77499  0.19472
 337.79560  0.19382
 337.81621  0.19430
 337.83685  0.19256
 337.85746  0.19163
 337.87810  0.19269
 337.89871  0.19303
 337.91932  0.19171
 337.93996  0.19015
 337.96057  0.19097
 337.98121  0.19067
 338.00182  0.19072
 338.02243  0.18935
 338.04306  0.18917
 338.06366  0.18989
 338.08427  0.18898
 338.10488  0.18887
 338.12552  0.18805
 338.14613  0.18905
 338.16674  0.18906
 338.18738  0.18784
 338.20799  0.18903
 338.22860  0.18837
 338.24921  0.18741
 338.26985  0.18718
 338.29046  0.18712
 338.31107  0.18890
 338.33168  0.18841
 338.35229  0.18682
 338.37290  0.18853
 338.39353  0.18909
 338.41414  0.18974
 338.43475  0.18872
 338.45535  0.18865
 338.47596  0.18925
 338.49657  0.18877
 338.51718  0.18840
 338.53782  0.18985
 338.55843  0.19031
 338.57904  0.18994
 338.59965  0.18956
 338.62026  0.19102
 338.64087  0.19210
 338.66148  0.19291
 338.68209  0.19201
 338.70270  0.19362
 338.72330  0.19180
 338.74391  0.19432
 338.76452  0.19274
 338.78512  0.19479
 338.80573  0.19415
 338.82634  0.19448
 338.84695  0.19537
 338.86756  0.19665
 338.88817  0.19684
 338.90878  0.19887
 338.92939  0.19736
 338.95000  0.19835
 338.97061  0.19806
 338.99119  0.19865
 339.01180  0.20040
 339.03241  0.20152
 339.05302  0.20143
 339.07362  0.20221
 339.09422  0.20144
 339.11483  0.20278
 339.13544  0.20283
 339.15602  0.20390
 339.17663  0.20460
 339.19724  0.20659
 339.21785  0.20574
 339.23846  0.20601
 339.25904  0.20498
 339.27965  0.20497
 339.30026  0.20662
 339.32087  0.20740
 339.34145  0.20731
 339.36205  0.20900
 339.38266  0.21187
 339.40327  0.21233
 339.42384  0.21001
 339.44445  0.20890
 339.46506  0.21084
 339.48564  0.21119
 339.50625  0.21320
 339.52686  0.21329
 339.54744  0.21311
 339.56805  0.21345
 339.58866  0.21327
 339.60924  0.21264
 339.62984  0.21378
 339.65042  0.21262
 339.67103  0.21244
 339.69164  0.21489
 339.71222  0.21372
 339.73283  0.21472
 339.75341  0.21561
 339.77402  0.21511
 339.79459  0.21554
 339.81520  0.21377
 339.83578  0.21382
 339.85639  0.21578
 339.87696  0.21555
 339.89757  0.21558
 339.91815  0.21458
 339.93876  0.21418
 339.95934  0.21384
 339.97995  0.21441
 340.00053  0.21412
 340.02114  0.21541
 340.04172  0.21463
 340.06230  0.21405
 340.08290  0.21354
 340.10348  0.21394
 340.12409  0.21331
 340.14467  0.21226
 340.16524  0.21190
 340.18585  0.21306
 340.20643  0.21362
 340.22701  0.21304
 340.24762  0.21139
 340.26820  0.21051
 340.28878  0.21087
 340.30938  0.20984
 340.32996  0.20941
 340.35054  0.21070
 340.37112  0.20967
 340.39173  0.21076
 340.41231  0.21010
 340.43289  0.20979
 340.45347  0.20797
 340.47408  0.20676
 340.49466  0.20554
 340.51523  0.20810
 340.53580  0.20886
 340.55641  0.20815
 340.57699  0.20685
 340.59757  0.20511
 340.61815  0.20499
 340.63873  0.20432
 340.65931  0.20456
 340.67989  0.20506
 340.70049  0.20534
 340.72107  0.20425
 340.74165  0.20444
 340.76223  0.20404
 340.78281  0.20344
 340.80339  0.20276
 340.82397  0.20287
 340.84455  0.20331
 340.86513  0.20279
 340.88570  0.20170
 340.90627  0.20226
 340.92685  0.20135
 340.94743  0.20224
 340.96801  0.20141
 340.98859  0.20007
 341.00917  0.20108
 341.02975  0.20023
 341.05032  0.20162
 341.07090  0.20004
 341.09148  0.19938
 341.11206  0.20048
 341.13264  0.19985
 341.15322  0.20042
 341.17380  0.20298
 341.19438  0.20437
 341.21496  0.20641
 341.23550  0.21203
 341.25608  0.22500
