# wl 	 %tx
 369.04187  0.00718
 369.06257  0.00700
 369.08324  0.00690
 369.10394  0.00683
 369.12461  0.00673
 369.14532  0.00661
 369.16600  0.00643
 369.18667  0.00627
 369.20737  0.00605
 369.22804  0.00598
 369.24871  0.00587
 369.26941  0.00578
 369.29008  0.00571
 369.31078  0.00568
 369.33145  0.00561
 369.35212  0.00561
 369.37282  0.00551
 369.39349  0.00545
 369.41416  0.00542
 369.43483  0.00543
 369.45553  0.00538
 369.47620  0.00530
 369.49688  0.00519
 369.51758  0.00509
 369.53825  0.00500
 369.55892  0.00496
 369.57959  0.00496
 369.60030  0.00489
 369.62097  0.00477
 369.64164  0.00468
 369.66231  0.00461
 369.68301  0.00450
 369.70368  0.00443
 369.72435  0.00432
 369.74502  0.00424
 369.76569  0.00419
 369.78639  0.00415
 369.80706  0.00413
 369.82773  0.00408
 369.84840  0.00400
 369.86907  0.00392
 369.88974  0.00386
 369.91045  0.00381
 369.93112  0.00379
 369.95179  0.00375
 369.97246  0.00367
 369.99313  0.00363
 370.01380  0.00361
 370.03448  0.00357
 370.05515  0.00352
 370.07582  0.00346
 370.09652  0.00340
 370.11719  0.00332
 370.13786  0.00329
 370.15853  0.00328
 370.17920  0.00325
 370.19987  0.00319
 370.22054  0.00315
 370.24121  0.00308
 370.26188  0.00304
 370.28255  0.00299
 370.30322  0.00294
 370.32389  0.00291
 370.34456  0.00286
 370.36524  0.00281
 370.38591  0.00279
 370.40658  0.00278
 370.42725  0.00272
 370.44793  0.00267
 370.46860  0.00272
 370.48927  0.00272
 370.50994  0.00264
 370.53058  0.00261
 370.55125  0.00258
 370.57192  0.00255
 370.59259  0.00250
 370.61326  0.00244
 370.63393  0.00239
 370.65460  0.00240
 370.67527  0.00237
 370.69594  0.00236
 370.71658  0.00231
 370.73725  0.00230
 370.75792  0.00225
 370.77859  0.00221
 370.79926  0.00215
 370.81993  0.00212
 370.84058  0.00208
 370.86125  0.00206
 370.88192  0.00208
 370.90259  0.00212
 370.92326  0.00211
 370.94390  0.00212
 370.96457  0.00215
 370.98525  0.00214
 371.00592  0.00214
 371.02656  0.00214
 371.04723  0.00213
 371.06790  0.00213
 371.08857  0.00212
 371.10921  0.00211
 371.12988  0.00208
 371.15055  0.00202
 371.17119  0.00193
 371.19186  0.00191
 371.21253  0.00188
 371.23318  0.00183
 371.25385  0.00180
 371.27452  0.00177
 371.29516  0.00176
 371.31583  0.00172
 371.33650  0.00171
 371.35714  0.00171
 371.37781  0.00171
 371.39848  0.00171
 371.41912  0.00169
 371.43979  0.00169
 371.46043  0.00166
 371.48110  0.00164
 371.50177  0.00163
 371.52241  0.00162
 371.54308  0.00161
 371.56372  0.00161
 371.58439  0.00160
 371.60503  0.00153
 371.62571  0.00158
 371.64635  0.00157
 371.66702  0.00158
 371.68766  0.00160
 371.70833  0.00160
 371.72897  0.00157
 371.74964  0.00154
 371.77028  0.00154
 371.79095  0.00153
 371.81159  0.00150
 371.83226  0.00148
 371.85290  0.00149
 371.87357  0.00150
 371.89421  0.00151
 371.91488  0.00147
 371.93552  0.00146
 371.95616  0.00146
 371.97683  0.00146
 371.99748  0.00144
 372.01815  0.00143
 372.03879  0.00142
 372.05943  0.00142
 372.08010  0.00140
 372.10074  0.00141
 372.12141  0.00139
 372.14205  0.00137
 372.16269  0.00136
 372.18336  0.00135
 372.20400  0.00134
 372.22464  0.00143
 372.24528  0.00131
 372.26595  0.00132
 372.28659  0.00133
 372.30723  0.00134
 372.32791  0.00132
 372.34854  0.00131
 372.36919  0.00129
 372.38983  0.00128
 372.41051  0.00128
 372.43115  0.00127
 372.45178  0.00129
 372.47242  0.00129
 372.49310  0.00131
 372.51374  0.00129
 372.53437  0.00130
 372.55501  0.00127
 372.57565  0.00127
 372.59633  0.00125
 372.61697  0.00124
 372.63760  0.00124
 372.65824  0.00126
 372.67888  0.00125
 372.69952  0.00124
 372.72019  0.00123
 372.74084  0.00122
 372.76148  0.00120
 372.78212  0.00121
 372.80276  0.00119
 372.82340  0.00117
 372.84404  0.00113
 372.86468  0.00109
 372.88532  0.00108
 372.90599  0.00107
 372.92663  0.00106
 372.94727  0.00106
 372.96791  0.00106
 372.98855  0.00109
 373.00919  0.00108
 373.02983  0.00108
 373.05047  0.00106
 373.07111  0.00106
 373.09176  0.00107
 373.11240  0.00107
 373.13304  0.00107
 373.15368  0.00107
 373.17432  0.00106
 373.19496  0.00106
 373.21560  0.00105
 373.23624  0.00105
 373.25688  0.00104
 373.27752  0.00103
 373.29816  0.00105
 373.31877  0.00106
 373.33941  0.00105
 373.36005  0.00106
 373.38069  0.00107
 373.40133  0.00108
 373.42197  0.00109
 373.44262  0.00108
 373.46326  0.00110
 373.48390  0.00109
 373.50451  0.00108
 373.52515  0.00107
 373.54579  0.00108
 373.56643  0.00108
 373.58707  0.00109
 373.60771  0.00109
 373.62832  0.00107
 373.64896  0.00108
 373.66960  0.00105
 373.69024  0.00103
 373.71088  0.00101
 373.73149  0.00099
 373.75213  0.00097
 373.77277  0.00097
 373.79342  0.00096
 373.81403  0.00096
 373.83467  0.00096
 373.85531  0.00096
 373.87595  0.00096
 373.89656  0.00097
 373.91720  0.00098
 373.93784  0.00098
 373.95844  0.00096
 373.97908  0.00095
 373.99972  0.00093
 374.02033  0.00092
 374.04097  0.00092
 374.06161  0.00090
 374.08222  0.00089
 374.10286  0.00089
 374.12350  0.00088
 374.14412  0.00088
 374.16476  0.00086
 374.18537  0.00083
 374.20601  0.00084
 374.22665  0.00084
 374.24726  0.00083
 374.26790  0.00083
 374.28851  0.00082
 374.30915  0.00083
 374.32976  0.00082
 374.35040  0.00082
 374.37104  0.00082
 374.39165  0.00081
 374.41229  0.00083
 374.43290  0.00084
 374.45354  0.00087
 374.47416  0.00085
 374.49480  0.00084
 374.51541  0.00083
 374.53605  0.00082
 374.55666  0.00082
 374.57730  0.00082
 374.59790  0.00082
 374.61851  0.00082
 374.63915  0.00083
 374.65976  0.00082
 374.68040  0.00081
 374.70101  0.00080
 374.72165  0.00079
 374.74226  0.00080
 374.76287  0.00081
 374.78351  0.00081
 374.80413  0.00080
 374.82477  0.00079
 374.84538  0.00078
 374.86599  0.00076
 374.88663  0.00076
 374.90724  0.00075
 374.92785  0.00076
 374.94849  0.00077
 374.96910  0.00078
 374.98971  0.00077
 375.01035  0.00077
 375.03096  0.00076
 375.05156  0.00076
 375.07217  0.00076
 375.09281  0.00077
 375.11342  0.00076
 375.13404  0.00076
 375.15465  0.00075
 375.17529  0.00076
 375.19590  0.00076
 375.21651  0.00075
 375.23712  0.00076
 375.25776  0.00077
 375.27837  0.00077
 375.29898  0.00076
 375.31959  0.00076
 375.34020  0.00076
 375.36084  0.00076
 375.38145  0.00076
 375.40206  0.00076
 375.42267  0.00076
 375.44328  0.00076
 375.46389  0.00075
 375.48450  0.00075
 375.50514  0.00074
 375.52575  0.00073
 375.54636  0.00073
 375.56697  0.00073
 375.58758  0.00073
 375.60819  0.00072
 375.62880  0.00070
 375.64941  0.00069
 375.67002  0.00071
 375.69063  0.00070
 375.71124  0.00071
 375.73185  0.00070
 375.75246  0.00070
 375.77307  0.00069
 375.79368  0.00069
 375.81429  0.00069
 375.83490  0.00068
 375.85551  0.00067
 375.87612  0.00068
 375.89673  0.00070
 375.91734  0.00069
 375.93795  0.00068
 375.95856  0.00069
 375.97917  0.00069
 375.99978  0.00069
 376.02039  0.00068
 376.04100  0.00069
 376.06161  0.00068
 376.08223  0.00070
 376.10283  0.00069
 376.12344  0.00069
 376.14402  0.00070
 376.16463  0.00069
 376.18524  0.00068
 376.20585  0.00068
 376.22646  0.00067
 376.24707  0.00066
 376.26768  0.00066
 376.28826  0.00066
 376.30887  0.00068
 376.32948  0.00067
 376.35009  0.00068
 376.37070  0.00068
 376.39128  0.00068
 376.41189  0.00068
 376.43250  0.00068
 376.45311  0.00068
 376.47372  0.00068
 376.49430  0.00067
 376.51491  0.00069
 376.53552  0.00068
 376.55610  0.00068
 376.57671  0.00067
 376.59732  0.00066
 376.61793  0.00065
 376.63851  0.00065
 376.65911  0.00065
 376.67972  0.00065
 376.70031  0.00066
 376.72092  0.00066
 376.74153  0.00065
 376.76211  0.00066
 376.78272  0.00065
 376.80333  0.00066
 376.82391  0.00066
 376.84452  0.00066
 376.86510  0.00066
 376.88571  0.00067
 376.90631  0.00066
 376.92689  0.00065
 376.94750  0.00065
 376.96808  0.00065
 376.98870  0.00064
 377.00931  0.00065
 377.02989  0.00064
 377.05050  0.00062
 377.07108  0.00062
 377.09169  0.00061
 377.11227  0.00061
 377.13288  0.00061
 377.15345  0.00061
 377.17406  0.00061
 377.19464  0.00060
 377.21525  0.00059
 377.23583  0.00059
 377.25644  0.00058
 377.27702  0.00057
 377.29764  0.00058
 377.31822  0.00058
 377.33880  0.00058
 377.35941  0.00057
 377.37998  0.00058
 377.40059  0.00058
 377.42117  0.00057
 377.44175  0.00057
 377.46236  0.00056
 377.48294  0.00056
 377.50355  0.00056
 377.52413  0.00056
 377.54471  0.00055
 377.56532  0.00055
 377.58590  0.00055
 377.60648  0.00055
 377.62709  0.00055
 377.64767  0.00055
 377.66825  0.00055
 377.68886  0.00055
 377.70944  0.00055
 377.73002  0.00055
 377.75060  0.00056
 377.77121  0.00057
 377.79178  0.00057
 377.81236  0.00057
 377.83294  0.00056
 377.85355  0.00057
 377.87414  0.00056
 377.89472  0.00056
 377.91530  0.00056
 377.93591  0.00055
 377.95649  0.00055
 377.97707  0.00055
 377.99764  0.00054
 378.01822  0.00054
 378.03880  0.00053
 378.05941  0.00052
 378.07999  0.00054
 378.10057  0.00055
 378.12115  0.00054
 378.14173  0.00054
 378.16232  0.00053
 378.18289  0.00053
 378.20347  0.00053
 378.22408  0.00053
 378.24466  0.00053
 378.26524  0.00053
 378.28582  0.00053
 378.30640  0.00052
 378.32698  0.00051
 378.34756  0.00052
 378.36813  0.00051
 378.38871  0.00051
 378.40929  0.00050
 378.42987  0.00052
 378.45046  0.00051
 378.47104  0.00051
 378.49162  0.00049
 378.51220  0.00051
 378.53278  0.00051
 378.55335  0.00051
 378.57393  0.00051
 378.59451  0.00050
 378.61509  0.00050
 378.63567  0.00049
 378.65625  0.00049
 378.67683  0.00049
 378.69741  0.00049
 378.71799  0.00049
 378.73854  0.00049
 378.75912  0.00049
 378.77970  0.00049
 378.80028  0.00049
 378.82086  0.00049
 378.84144  0.00048
 378.86202  0.00048
 378.88260  0.00048
 378.90314  0.00049
 378.92372  0.00048
 378.94430  0.00048
 378.96488  0.00048
 378.98546  0.00048
 379.00602  0.00048
 379.02660  0.00048
 379.04717  0.00049
 379.06775  0.00048
 379.08833  0.00049
 379.10888  0.00048
 379.12946  0.00049
 379.15004  0.00048
 379.17059  0.00049
 379.19117  0.00048
 379.21174  0.00048
 379.23232  0.00049
 379.25287  0.00048
 379.27346  0.00048
 379.29404  0.00048
 379.31459  0.00048
 379.33517  0.00047
 379.35575  0.00047
 379.37629  0.00047
 379.39687  0.00047
 379.41745  0.00046
 379.43800  0.00046
 379.45858  0.00045
 379.47916  0.00046
 379.49971  0.00051
 379.52028  0.00046
 379.54084  0.00046
 379.56142  0.00045
 379.58197  0.00046
 379.60255  0.00049
 379.62313  0.00047
 379.64368  0.00045
 379.66426  0.00046
 379.68480  0.00045
 379.70538  0.00045
 379.72593  0.00045
 379.74651  0.00044
 379.76706  0.00045
 379.78764  0.00044
 379.80820  0.00044
 379.82877  0.00045
 379.84932  0.00045
 379.86990  0.00044
 379.89045  0.00043
 379.91103  0.00044
 379.93158  0.00044
 379.95212  0.00045
 379.97270  0.00044
 379.99325  0.00044
 380.01383  0.00045
 380.03438  0.00044
 380.05496  0.00044
 380.07552  0.00045
 380.09606  0.00045
 380.11664  0.00045
 380.13719  0.00044
 380.15774  0.00044
 380.17832  0.00045
 380.19887  0.00044
 380.21942  0.00045
 380.23999  0.00044
 380.26054  0.00044
 380.28109  0.00044
 380.30167  0.00044
 380.32222  0.00044
 380.34278  0.00044
 380.36333  0.00044
 380.38390  0.00043
 380.40445  0.00043
 380.42500  0.00043
 380.44555  0.00043
 380.46613  0.00042
 380.48668  0.00043
 380.50722  0.00042
 380.52777  0.00042
 380.54832  0.00043
 380.56890  0.00042
 380.58945  0.00043
 380.61001  0.00042
 380.63055  0.00043
 380.65110  0.00043
 380.67168  0.00043
 380.69223  0.00043
 380.71278  0.00043
 380.73333  0.00043
 380.75388  0.00042
 380.77442  0.00043
 380.79497  0.00044
 380.81552  0.00043
 380.83607  0.00044
 380.85666  0.00044
 380.87721  0.00044
 380.89775  0.00043
 380.91830  0.00043
 380.93885  0.00043
 380.95940  0.00043
 380.97995  0.00042
 381.00050  0.00043
 381.02104  0.00042
 381.04159  0.00042
 381.06214  0.00042
 381.08269  0.00041
 381.10324  0.00042
 381.12380  0.00042
 381.14434  0.00042
 381.16489  0.00042
 381.18544  0.00041
 381.20599  0.00042
 381.22654  0.00041
 381.24706  0.00042
 381.26760  0.00041
 381.28815  0.00041
 381.30870  0.00042
 381.32925  0.00041
 381.34980  0.00041
 381.37036  0.00041
 381.39090  0.00042
 381.41145  0.00042
 381.43197  0.00041
 381.45252  0.00042
 381.47307  0.00042
 381.49361  0.00042
 381.51416  0.00042
 381.53471  0.00041
 381.55523  0.00042
 381.57578  0.00042
 381.59633  0.00044
 381.61687  0.00041
 381.63743  0.00041
 381.65795  0.00041
 381.67850  0.00040
 381.69905  0.00041
 381.71960  0.00041
 381.74011  0.00041
 381.76066  0.00042
 381.78121  0.00041
 381.80173  0.00041
 381.82228  0.00041
 381.84282  0.00040
 381.86334  0.00040
 381.88390  0.00041
 381.90445  0.00041
 381.92497  0.00040
 381.94551  0.00039
 381.96606  0.00041
 381.98658  0.00041
 382.00713  0.00041
 382.02768  0.00041
 382.04820  0.00040
 382.06874  0.00037
 382.08926  0.00040
 382.10981  0.00041
 382.13037  0.00040
 382.15089  0.00041
 382.17143  0.00041
 382.19195  0.00040
 382.21250  0.00040
 382.23302  0.00040
 382.25357  0.00040
 382.27408  0.00040
 382.29463  0.00040
 382.31515  0.00040
 382.33570  0.00040
 382.35622  0.00039
 382.37678  0.00039
 382.39729  0.00040
 382.41784  0.00041
 382.43836  0.00041
 382.45891  0.00040
 382.47943  0.00040
 382.49997  0.00040
 382.52049  0.00040
 382.54101  0.00040
 382.56156  0.00040
 382.58208  0.00040
 382.60262  0.00040
 382.62315  0.00039
 382.64367  0.00040
 382.66422  0.00039
 382.68474  0.00040
 382.70525  0.00039
 382.72580  0.00039
 382.74632  0.00040
 382.76684  0.00040
 382.78739  0.00040
 382.80790  0.00039
 382.82842  0.00039
 382.84898  0.00039
 382.86950  0.00039
 382.89002  0.00039
 382.91053  0.00039
 382.93108  0.00039
 382.95160  0.00039
 382.97212  0.00039
 382.99263  0.00039
 383.01318  0.00039
 383.03370  0.00038
 383.05422  0.00038
 383.07474  0.00039
 383.09526  0.00038
 383.11581  0.00039
 383.13633  0.00038
 383.15685  0.00038
 383.17737  0.00037
 383.19788  0.00038
 383.21840  0.00037
 383.23895  0.00038
 383.25947  0.00038
 383.27999  0.00038
 383.30050  0.00038
 383.32102  0.00037
 383.34155  0.00038
 383.36207  0.00038
 383.38258  0.00038
 383.40310  0.00038
 383.42362  0.00038
 383.44417  0.00038
 383.46469  0.00038
 383.48520  0.00038
 383.50572  0.00038
 383.52624  0.00037
 383.54676  0.00037
 383.56729  0.00037
 383.58780  0.00037
 383.60832  0.00037
 383.62884  0.00037
 383.64936  0.00037
 383.66987  0.00037
 383.69039  0.00037
 383.71088  0.00037
 383.73140  0.00037
 383.75192  0.00037
 383.77243  0.00037
 383.79295  0.00036
 383.81348  0.00037
 383.83400  0.00037
 383.85451  0.00038
 383.87503  0.00037
 383.89555  0.00037
 383.91604  0.00037
 383.93656  0.00037
 383.95707  0.00037
 383.97759  0.00037
 383.99811  0.00037
 384.01863  0.00037
 384.03912  0.00037
 384.05964  0.00037
 384.08016  0.00036
 384.10068  0.00036
 384.12119  0.00036
 384.14168  0.00036
 384.16220  0.00036
 384.18272  0.00036
 384.20324  0.00036
 384.22372  0.00036
 384.24424  0.00036
 384.26477  0.00036
 384.28529  0.00036
 384.30577  0.00035
 384.32629  0.00037
 384.34681  0.00037
 384.36730  0.00037
 384.38781  0.00037
 384.40833  0.00037
 384.42882  0.00036
 384.44934  0.00037
 384.46986  0.00036
 384.49034  0.00037
 384.51087  0.00037
 384.53139  0.00036
 384.55188  0.00037
 384.57239  0.00037
 384.59288  0.00036
 384.61340  0.00036
 384.63389  0.00036
 384.65440  0.00036
 384.67492  0.00036
 384.69541  0.00036
 384.71593  0.00035
 384.73642  0.00036
 384.75694  0.00036
 384.77743  0.00036
 384.79795  0.00035
 384.81843  0.00036
 384.83895  0.00035
 384.85944  0.00036
 384.87996  0.00035
 384.90044  0.00036
 384.92096  0.00036
 384.94145  0.00035
 384.96195  0.00036
 384.98246  0.00036
 385.00295  0.00036
 385.02347  0.00036
 385.04396  0.00036
 385.06447  0.00036
 385.08496  0.00036
 385.10545  0.00036
 385.12597  0.00035
 385.14645  0.00035
 385.16694  0.00036
 385.18747  0.00035
 385.20796  0.00036
 385.22844  0.00036
 385.24896  0.00036
 385.26945  0.00035
 385.28994  0.00035
 385.31045  0.00036
 385.33094  0.00036
 385.35143  0.00035
 385.37195  0.00036
 385.39243  0.00035
 385.41293  0.00035
 385.43342  0.00035
 385.45394  0.00036
 385.47442  0.00035
 385.49491  0.00035
 385.51540  0.00036
 385.53589  0.00036
 385.55640  0.00036
 385.57689  0.00035
 385.59738  0.00035
 385.61788  0.00036
 385.63836  0.00035
 385.65885  0.00035
 385.67937  0.00036
 385.69985  0.00035
 385.72034  0.00035
 385.74083  0.00035
 385.76132  0.00035
 385.78180  0.00035
 385.80229  0.00035
 385.82278  0.00035
 385.84328  0.00034
 385.86379  0.00034
 385.88428  0.00034
 385.90477  0.00034
 385.92526  0.00032
 385.94574  0.00032
 385.96623  0.00034
 385.98672  0.00034
 386.00720  0.00034
 386.02769  0.00034
 386.04818  0.00034
 386.06868  0.00034
 386.08916  0.00034
 386.10965  0.00034
 386.13014  0.00034
 386.15063  0.00034
 386.17111  0.00034
 386.19160  0.00034
 386.21206  0.00034
 386.23254  0.00034
 386.25303  0.00034
 386.27353  0.00035
 386.29402  0.00034
 386.31450  0.00034
 386.33499  0.00034
 386.35548  0.00034
 386.37597  0.00035
 386.39642  0.00035
 386.41691  0.00035
 386.43740  0.00034
 386.45788  0.00035
 386.47837  0.00034
 386.49887  0.00034
 386.51933  0.00034
 386.53981  0.00034
 386.56030  0.00034
 386.58079  0.00034
 386.60124  0.00034
 386.62173  0.00033
 386.64222  0.00034
 386.66271  0.00034
 386.68316  0.00034
 386.70365  0.00034
 386.72415  0.00033
 386.74463  0.00033
 386.76509  0.00033
 386.78558  0.00033
 386.80607  0.00033
 386.82652  0.00033
 386.84701  0.00034
 386.86750  0.00034
 386.88795  0.00034
 386.90844  0.00033
 386.92894  0.00033
 386.94940  0.00033
 386.96988  0.00033
 386.99034  0.00033
 387.01083  0.00033
 387.03131  0.00033
 387.05177  0.00033
 387.07226  0.00033
 387.09272  0.00033
 387.11320  0.00033
 387.13367  0.00033
 387.15416  0.00033
 387.17464  0.00032
 387.19510  0.00032
 387.21559  0.00032
 387.23604  0.00033
 387.25653  0.00033
 387.27699  0.00033
 387.29748  0.00033
 387.31793  0.00033
 387.33839  0.00034
 387.35889  0.00033
 387.37934  0.00033
 387.39983  0.00033
 387.42029  0.00033
 387.44078  0.00033
 387.46123  0.00034
 387.48169  0.00032
 387.50218  0.00033
 387.52263  0.00032
 387.54312  0.00032
 387.56359  0.00032
 387.58404  0.00033
 387.60453  0.00033
 387.62499  0.00033
 387.64544  0.00033
 387.66593  0.00033
 387.68639  0.00032
 387.70685  0.00033
 387.72733  0.00033
 387.74779  0.00033
 387.76826  0.00032
 387.78871  0.00032
 387.80920  0.00033
 387.82966  0.00033
 387.85011  0.00033
 387.87057  0.00032
 387.89106  0.00032
 387.91151  0.00032
 387.93197  0.00032
 387.95243  0.00032
 387.97293  0.00032
 387.99338  0.00032
 388.01384  0.00032
 388.03430  0.00032
 388.05475  0.00032
 388.07521  0.00032
 388.09570  0.00031
 388.11615  0.00032
 388.13661  0.00032
 388.15707  0.00031
 388.17753  0.00032
 388.19799  0.00031
 388.21845  0.00031
 388.23890  0.00031
 388.25936  0.00031
 388.27985  0.00031
 388.30030  0.00031
 388.32076  0.00031
 388.34122  0.00032
 388.36168  0.00032
 388.38214  0.00031
 388.40260  0.00032
 388.42306  0.00032
 388.44351  0.00031
 388.46397  0.00031
 388.48443  0.00031
 388.50488  0.00031
 388.52534  0.00031
 388.54580  0.00031
 388.56625  0.00031
 388.58672  0.00030
 388.60715  0.00031
 388.62760  0.00031
 388.64806  0.00031
 388.66852  0.00032
 388.68897  0.00031
 388.70943  0.00031
 388.72989  0.00031
 388.75034  0.00031
 388.77080  0.00031
 388.79124  0.00031
 388.81169  0.00031
 388.83215  0.00031
 388.85261  0.00031
 388.87306  0.00031
 388.89352  0.00031
 388.91395  0.00031
 388.93440  0.00031
 388.95486  0.00031
 388.97532  0.00031
 388.99575  0.00031
 389.01621  0.00031
 389.03667  0.00031
 389.05712  0.00031
 389.07755  0.00031
 389.09801  0.00032
 389.11846  0.00031
 389.13892  0.00032
 389.15935  0.00032
 389.17980  0.00031
 389.20027  0.00031
 389.22070  0.00031
 389.24115  0.00031
 389.26161  0.00031
 389.28204  0.00032
 389.30249  0.00031
 389.32295  0.00032
 389.34338  0.00031
 389.36383  0.00031
 389.38426  0.00031
 389.40473  0.00031
 389.42518  0.00031
 389.44561  0.00031
 389.46607  0.00031
 389.48649  0.00031
 389.50695  0.00031
 389.52737  0.00031
 389.54783  0.00031
 389.56826  0.00031
 389.58872  0.00031
 389.60915  0.00031
 389.62961  0.00031
 389.65003  0.00031
 389.67049  0.00031
 389.69092  0.00030
 389.71137  0.00031
 389.73180  0.00033
 389.75226  0.00031
 389.77268  0.00030
 389.79315  0.00031
 389.81358  0.00031
 389.83403  0.00030
 389.85446  0.00031
 389.87489  0.00031
 389.89534  0.00031
 389.91577  0.00031
 389.93619  0.00031
 389.95665  0.00031
 389.97708  0.00031
 389.99751  0.00031
 390.01797  0.00030
 390.03840  0.00030
 390.05882  0.00031
 390.07928  0.00031
 390.09971  0.00030
 390.12013  0.00030
 390.14059  0.00030
 390.16102  0.00031
 390.18145  0.00031
 390.20188  0.00030
 390.22233  0.00030
 390.24276  0.00030
 390.26319  0.00030
 390.28361  0.00030
 390.30407  0.00030
 390.32450  0.00030
 390.34492  0.00030
 390.36535  0.00030
 390.38579  0.00030
 390.40624  0.00030
 390.42667  0.00030
 390.44709  0.00030
 390.46752  0.00030
 390.48795  0.00032
 390.50837  0.00030
 390.52880  0.00030
 390.54923  0.00030
 390.56969  0.00030
 390.59012  0.00030
 390.61055  0.00030
 390.63097  0.00030
 390.65140  0.00029
 390.67182  0.00030
 390.69225  0.00030
 390.71268  0.00030
 390.73310  0.00029
 390.75353  0.00030
 390.77397  0.00030
 390.79439  0.00030
 390.81482  0.00030
 390.83524  0.00030
 390.85567  0.00030
 390.87610  0.00030
 390.89652  0.00030
 390.91695  0.00029
 390.93738  0.00030
 390.95781  0.00030
 390.97824  0.00029
 390.99866  0.00030
 391.01906  0.00029
 391.03949  0.00029
 391.05991  0.00030
 391.08034  0.00029
 391.10077  0.00030
 391.12119  0.00029
 391.14163  0.00029
 391.16205  0.00029
 391.18245  0.00029
 391.20288  0.00029
 391.22330  0.00029
 391.24373  0.00029
 391.26415  0.00029
 391.28455  0.00029
 391.30498  0.00030
 391.32540  0.00029
 391.34584  0.00029
 391.36627  0.00029
 391.38666  0.00029
 391.40709  0.00029
 391.42751  0.00029
 391.44791  0.00029
 391.46834  0.00029
 391.48876  0.00029
 391.50919  0.00029
 391.52959  0.00029
 391.55002  0.00029
 391.57045  0.00029
 391.59084  0.00029
 391.61127  0.00030
 391.63169  0.00029
 391.65209  0.00029
 391.67252  0.00028
 391.69291  0.00029
 391.71335  0.00029
 391.73377  0.00029
 391.75417  0.00030
 391.77460  0.00029
 391.79499  0.00029
 391.81542  0.00030
 391.83581  0.00029
 391.85624  0.00029
 391.87667  0.00029
 391.89707  0.00029
 391.91750  0.00030
 391.93789  0.00029
 391.95832  0.00029
 391.97872  0.00029
 391.99914  0.00029
 392.01954  0.00029
 392.03997  0.00029
 392.06036  0.00029
 392.08077  0.00029
 392.10119  0.00029
 392.12159  0.00030
 392.14201  0.00030
 392.16241  0.00029
 392.18284  0.00029
 392.20323  0.00029
 392.22363  0.00028
 392.24405  0.00028
 392.26446  0.00029
 392.28486  0.00029
 392.30528  0.00029
 392.32568  0.00029
 392.34607  0.00029
 392.36650  0.00029
 392.38690  0.00029
 392.40729  0.00029
 392.42772  0.00029
 392.44812  0.00029
 392.46852  0.00029
 392.48895  0.00029
 392.50934  0.00029
 392.52974  0.00029
 392.55013  0.00028
 392.57053  0.00029
 392.59095  0.00028
 392.61135  0.00029
 392.63176  0.00028
 392.65215  0.00028
 392.67258  0.00029
 392.69297  0.00029
 392.71337  0.00029
 392.73377  0.00028
 392.75416  0.00028
 392.77456  0.00028
 392.79495  0.00029
 392.81539  0.00028
 392.83578  0.00028
 392.85618  0.00028
 392.87658  0.00028
 392.89697  0.00028
 392.91737  0.00028
 392.93776  0.00028
 392.95816  0.00028
 392.97856  0.00028
 392.99896  0.00028
 393.01936  0.00028
 393.03975  0.00028
 393.06015  0.00028
 393.08054  0.00028
 393.10094  0.00028
 393.12134  0.00028
 393.14173  0.00028
 393.16213  0.00027
 393.18253  0.00025
 393.20293  0.00027
 393.22332  0.00028
 393.24372  0.00028
 393.26412  0.00028
 393.28451  0.00028
 393.30491  0.00028
 393.32530  0.00028
 393.34570  0.00028
 393.36610  0.00028
 393.38650  0.00028
 393.40687  0.00028
 393.42726  0.00027
 393.44766  0.00027
 393.46805  0.00028
 393.48845  0.00028
 393.50884  0.00028
 393.52921  0.00028
 393.54961  0.00028
 393.57001  0.00028
 393.59041  0.00028
 393.61080  0.00028
 393.63117  0.00028
 393.65156  0.00027
 393.67196  0.00028
 393.69235  0.00028
 393.71272  0.00028
 393.73313  0.00028
 393.75352  0.00027
 393.77389  0.00027
 393.79428  0.00028
 393.81468  0.00027
 393.83507  0.00028
 393.85544  0.00027
 393.87583  0.00027
 393.89624  0.00027
 393.91661  0.00027
 393.93700  0.00027
 393.95737  0.00027
 393.97776  0.00027
 393.99816  0.00027
 394.01852  0.00027
 394.03892  0.00027
 394.05928  0.00027
 394.07969  0.00028
 394.10009  0.00027
 394.12045  0.00027
 394.14085  0.00027
 394.16121  0.00027
 394.18161  0.00027
 394.20197  0.00027
 394.22237  0.00027
 394.24273  0.00026
 394.26314  0.00026
 394.28350  0.00026
 394.30390  0.00027
 394.32427  0.00027
 394.34466  0.00027
 394.36503  0.00027
 394.38542  0.00027
 394.40579  0.00027
 394.42616  0.00027
 394.44656  0.00027
 394.46692  0.00027
 394.48732  0.00027
 394.50768  0.00027
 394.52805  0.00027
 394.54845  0.00027
 394.56881  0.00027
 394.58918  0.00027
 394.60958  0.00027
 394.62995  0.00027
 394.65031  0.00027
 394.67071  0.00027
 394.69107  0.00027
 394.71144  0.00027
 394.73183  0.00027
 394.75220  0.00027
 394.77256  0.00027
 394.79294  0.00027
 394.81334  0.00027
 394.83370  0.00027
 394.85407  0.00027
 394.87443  0.00027
 394.89480  0.00027
 394.91519  0.00026
 394.93556  0.00027
 394.95593  0.00027
 394.97630  0.00027
 394.99666  0.00027
 395.01706  0.00027
 395.03742  0.00027
 395.05779  0.00026
 395.07815  0.00026
 395.09852  0.00027
 395.11889  0.00026
 395.13926  0.00026
 395.15963  0.00024
 395.17999  0.00027
 395.20039  0.00026
 395.22075  0.00026
 395.24112  0.00026
 395.26148  0.00026
 395.28185  0.00026
 395.30222  0.00026
 395.32259  0.00026
 395.34295  0.00026
 395.36332  0.00029
 395.38368  0.00027
 395.40405  0.00026
 395.42441  0.00026
 395.44478  0.00026
 395.46514  0.00026
 395.48552  0.00026
 395.50589  0.00026
 395.52622  0.00026
 395.54658  0.00026
 395.56695  0.00026
 395.58732  0.00026
 395.60768  0.00026
 395.62805  0.00026
 395.64842  0.00026
 395.66879  0.00026
 395.68915  0.00028
 395.70949  0.00026
 395.72985  0.00026
 395.75022  0.00026
 395.77058  0.00026
 395.79095  0.00026
 395.81132  0.00026
 395.83166  0.00026
 395.85202  0.00025
 395.87239  0.00026
 395.89275  0.00026
 395.91309  0.00026
 395.93345  0.00026
 395.95382  0.00026
 395.97418  0.00026
 395.99453  0.00025
 396.01489  0.00025
 396.03526  0.00026
 396.05559  0.00026
 396.07596  0.00026
 396.09632  0.00026
 396.11666  0.00026
 396.13702  0.00026
 396.15740  0.00026
 396.17773  0.00026
 396.19810  0.00026
 396.21846  0.00026
 396.23880  0.00026
 396.25916  0.00026
 396.27950  0.00026
 396.29986  0.00026
 396.32024  0.00026
 396.34057  0.00026
 396.36094  0.00026
 396.38127  0.00026
 396.40164  0.00026
 396.42197  0.00026
 396.44234  0.00026
 396.46267  0.00026
 396.48304  0.00025
 396.50338  0.00026
 396.52375  0.00026
 396.54408  0.00026
 396.56445  0.00027
 396.58478  0.00026
 396.60515  0.00026
 396.62548  0.00026
 396.64585  0.00025
 396.66619  0.00025
 396.68653  0.00025
 396.70689  0.00026
 396.72723  0.00025
 396.74756  0.00025
 396.76793  0.00025
 396.78826  0.00025
 396.80863  0.00026
 396.82897  0.00026
 396.84931  0.00025
 396.86967  0.00025
 396.89001  0.00026
 396.91034  0.00026
 396.93068  0.00025
 396.95104  0.00025
 396.97138  0.00026
 396.99172  0.00026
 397.01209  0.00026
 397.03242  0.00026
 397.05276  0.00026
 397.07309  0.00026
 397.09346  0.00026
 397.11379  0.00025
 397.13412  0.00026
 397.15447  0.00026
 397.17480  0.00025
 397.19517  0.00026
 397.21550  0.00026
 397.23584  0.00026
 397.25617  0.00025
 397.27651  0.00025
 397.29684  0.00025
 397.31719  0.00026
 397.33752  0.00025
 397.35789  0.00026
 397.37822  0.00026
 397.39856  0.00026
 397.41889  0.00026
 397.43923  0.00025
 397.45956  0.00026
 397.47990  0.00025
 397.50024  0.00026
 397.52058  0.00025
 397.54091  0.00026
 397.56124  0.00026
 397.58158  0.00026
 397.60191  0.00025
 397.62225  0.00025
 397.64258  0.00025
 397.66293  0.00025
 397.68326  0.00026
 397.70360  0.00025
 397.72393  0.00025
 397.74427  0.00026
 397.76460  0.00026
 397.78494  0.00025
 397.80527  0.00025
 397.82559  0.00025
 397.84592  0.00025
 397.86625  0.00025
 397.88659  0.00025
 397.90692  0.00025
 397.92726  0.00025
 397.94759  0.00026
 397.96790  0.00026
 397.98824  0.00025
 398.00858  0.00025
 398.02891  0.00025
 398.04925  0.00026
 398.06955  0.00025
 398.08989  0.00025
 398.11022  0.00026
 398.13056  0.00025
 398.15087  0.00025
 398.17120  0.00025
 398.19154  0.00025
 398.21187  0.00026
 398.23218  0.00025
 398.25251  0.00025
 398.27285  0.00026
 398.29315  0.00026
 398.31350  0.00025
 398.33383  0.00026
 398.35413  0.00026
 398.37447  0.00025
 398.39480  0.00025
 398.41511  0.00026
 398.43544  0.00026
 398.45575  0.00026
 398.47609  0.00026
 398.49643  0.00025
 398.51673  0.00026
 398.53707  0.00026
 398.55737  0.00026
 398.57770  0.00025
 398.59801  0.00025
 398.61835  0.00025
 398.63866  0.00026
 398.65899  0.00025
 398.67930  0.00025
 398.69963  0.00025
 398.71994  0.00026
 398.74027  0.00026
 398.76057  0.00026
 398.78092  0.00026
 398.80122  0.00026
 398.82156  0.00026
 398.84186  0.00026
 398.86217  0.00026
 398.88250  0.00026
 398.90281  0.00026
 398.92314  0.00026
 398.94345  0.00026
 398.96376  0.00026
 398.98409  0.00026
 399.00440  0.00026
 399.02470  0.00026
 399.04504  0.00026
 399.06534  0.00026
 399.08564  0.00026
 399.10599  0.00025
 399.12629  0.00026
 399.14660  0.00026
 399.16693  0.00026
 399.18724  0.00026
 399.20754  0.00026
 399.22784  0.00026
 399.24818  0.00026
 399.26849  0.00026
 399.28880  0.00026
 399.30910  0.00026
 399.32941  0.00026
 399.34974  0.00026
 399.37005  0.00026
 399.39035  0.00026
 399.41065  0.00026
 399.43097  0.00026
 399.45127  0.00026
 399.47161  0.00026
 399.49191  0.00026
 399.51221  0.00026
 399.53252  0.00027
 399.55282  0.00026
 399.57314  0.00026
 399.59344  0.00026
 399.61375  0.00026
 399.63405  0.00026
 399.65435  0.00026
 399.67466  0.00026
 399.69496  0.00026
 399.71527  0.00026
 399.73558  0.00026
 399.75589  0.00026
 399.77619  0.00026
 399.79649  0.00026
 399.81680  0.00026
 399.83710  0.00026
 399.85741  0.00027
 399.87771  0.00026
 399.89802  0.00026
 399.91833  0.00026
 399.93863  0.00026
 399.95894  0.00026
 399.97924  0.00026
 399.99955  0.00026
 400.01985  0.00026
 400.04013  0.00027
 400.06044  0.00027
 400.08074  0.00027
 400.10105  0.00026
 400.12135  0.00026
 400.14165  0.00027
 400.16193  0.00026
 400.18223  0.00026
 400.20255  0.00026
 400.22285  0.00026
 400.24315  0.00026
 400.26343  0.00026
 400.28373  0.00026
 400.30404  0.00027
 400.32434  0.00026
 400.34461  0.00026
 400.36493  0.00027
 400.38523  0.00026
 400.40554  0.00026
 400.42581  0.00026
 400.44612  0.00027
 400.46642  0.00026
 400.48669  0.00026
 400.50701  0.00026
 400.52731  0.00027
 400.54758  0.00026
 400.56789  0.00027
 400.58816  0.00027
 400.60847  0.00026
 400.62877  0.00027
 400.64904  0.00027
 400.66936  0.00027
 400.68963  0.00026
 400.70994  0.00026
 400.73021  0.00026
 400.75051  0.00026
 400.77079  0.00026
 400.79109  0.00027
 400.81141  0.00027
 400.83168  0.00027
 400.85198  0.00027
 400.87226  0.00025
 400.89253  0.00027
 400.91284  0.00027
 400.93311  0.00027
 400.95341  0.00027
 400.97370  0.00027
 400.99400  0.00027
 401.01428  0.00027
 401.03458  0.00027
 401.05485  0.00027
 401.07513  0.00027
 401.09543  0.00027
 401.11570  0.00027
 401.13599  0.00027
 401.15629  0.00027
 401.17657  0.00027
 401.19684  0.00027
 401.21714  0.00027
 401.23742  0.00027
 401.25769  0.00027
 401.27801  0.00027
 401.29828  0.00027
 401.31855  0.00027
 401.33883  0.00027
 401.35913  0.00027
 401.37940  0.00028
 401.39968  0.00029
 401.41996  0.00027
 401.44027  0.00027
 401.46054  0.00027
 401.48081  0.00027
 401.50109  0.00027
 401.52136  0.00027
 401.54167  0.00027
 401.56194  0.00027
 401.58222  0.00027
 401.60250  0.00027
 401.62277  0.00027
 401.64304  0.00027
 401.66332  0.00027
 401.68359  0.00027
 401.70390  0.00027
 401.72418  0.00027
 401.74445  0.00027
 401.76473  0.00027
 401.78500  0.00028
 401.80527  0.00027
 401.82555  0.00028
 401.84582  0.00028
 401.86609  0.00028
 401.88638  0.00028
 401.90665  0.00027
 401.92693  0.00028
 401.94720  0.00027
 401.96747  0.00027
 401.98775  0.00027
 402.00802  0.00028
 402.02830  0.00028
 402.04858  0.00028
 402.06885  0.00028
 402.08909  0.00027
 402.10937  0.00028
 402.12964  0.00027
 402.14992  0.00028
 402.17019  0.00028
 402.19047  0.00027
 402.21075  0.00027
 402.23102  0.00027
 402.25126  0.00028
 402.27154  0.00027
 402.29181  0.00028
 402.31208  0.00027
 402.33237  0.00028
 402.35261  0.00028
 402.37288  0.00028
 402.39316  0.00028
 402.41343  0.00027
 402.43368  0.00028
 402.45395  0.00027
 402.47423  0.00028
 402.49451  0.00028
 402.51475  0.00027
 402.53502  0.00023
 402.55530  0.00026
 402.57554  0.00028
 402.59581  0.00028
 402.61609  0.00028
 402.63634  0.00028
 402.65661  0.00027
 402.67689  0.00028
 402.69713  0.00028
 402.71740  0.00028
 402.73765  0.00028
 402.75792  0.00028
 402.77821  0.00028
 402.79845  0.00027
 402.81872  0.00027
 402.83897  0.00028
 402.85924  0.00029
 402.87948  0.00029
 402.89976  0.00029
 402.92001  0.00029
 402.94028  0.00028
 402.96053  0.00028
 402.98080  0.00028
 403.00104  0.00028
 403.02132  0.00028
 403.04156  0.00028
 403.06184  0.00028
 403.08209  0.00028
 403.10236  0.00028
 403.12260  0.00028
 403.14288  0.00028
 403.16312  0.00028
 403.18336  0.00028
 403.20364  0.00028
 403.22389  0.00028
 403.24413  0.00028
 403.26441  0.00028
 403.28465  0.00029
 403.30489  0.00028
 403.32517  0.00028
 403.34541  0.00028
 403.36566  0.00028
 403.38594  0.00028
 403.40618  0.00028
 403.42642  0.00028
 403.44667  0.00028
 403.46694  0.00028
 403.48718  0.00028
 403.50744  0.00028
 403.52768  0.00028
 403.54795  0.00028
 403.56820  0.00028
 403.58844  0.00028
 403.60868  0.00028
 403.62893  0.00028
 403.64921  0.00027
 403.66945  0.00027
 403.68970  0.00028
 403.70994  0.00028
 403.73018  0.00028
 403.75042  0.00028
 403.77067  0.00028
 403.79092  0.00028
 403.81119  0.00028
 403.83144  0.00028
 403.85168  0.00028
 403.87192  0.00028
 403.89217  0.00028
 403.91241  0.00028
 403.93265  0.00028
 403.95291  0.00028
 403.97315  0.00028
 403.99339  0.00028
 404.01364  0.00028
 404.03388  0.00028
 404.05412  0.00028
 404.07437  0.00028
 404.09462  0.00028
 404.11486  0.00028
 404.13511  0.00028
 404.15535  0.00028
 404.17559  0.00028
 404.19580  0.00028
 404.21605  0.00028
 404.23630  0.00028
 404.25654  0.00028
 404.27679  0.00028
 404.29703  0.00028
 404.31727  0.00028
 404.33749  0.00028
 404.35773  0.00028
 404.37798  0.00028
 404.39823  0.00028
 404.41847  0.00028
 404.43868  0.00028
 404.45892  0.00028
 404.47917  0.00028
 404.49941  0.00028
 404.51966  0.00028
 404.53988  0.00028
 404.56012  0.00028
 404.58036  0.00028
 404.60058  0.00028
 404.62082  0.00028
 404.64106  0.00028
 404.66131  0.00028
 404.68153  0.00028
 404.70177  0.00028
 404.72198  0.00028
 404.74223  0.00028
 404.76247  0.00028
 404.78268  0.00028
 404.80294  0.00028
 404.82318  0.00028
 404.84339  0.00028
 404.86363  0.00028
 404.88385  0.00028
 404.90409  0.00028
 404.92430  0.00028
 404.94456  0.00028
 404.96480  0.00028
 404.98501  0.00028
 405.00525  0.00028
 405.02547  0.00028
 405.04571  0.00028
 405.06592  0.00028
 405.08618  0.00028
 405.10639  0.00028
 405.12660  0.00028
 405.14684  0.00028
 405.16706  0.00028
 405.18730  0.00028
 405.20751  0.00028
 405.22777  0.00028
 405.24798  0.00028
 405.26819  0.00028
 405.28843  0.00028
 405.30865  0.00027
 405.32886  0.00027
 405.34910  0.00028
 405.36933  0.00028
 405.38954  0.00028
 405.40978  0.00028
 405.42999  0.00028
 405.45021  0.00028
 405.47045  0.00028
 405.49066  0.00028
 405.51089  0.00028
 405.53110  0.00028
 405.55134  0.00028
 405.57155  0.00028
 405.59177  0.00028
 405.61198  0.00028
 405.63222  0.00028
 405.65244  0.00029
 405.67266  0.00028
 405.69287  0.00028
 405.71308  0.00028
 405.73333  0.00028
 405.75354  0.00027
 405.77375  0.00028
 405.79397  0.00028
 405.81419  0.00028
 405.83440  0.00028
 405.85461  0.00028
 405.87482  0.00028
 405.89504  0.00027
 405.91528  0.00024
 405.93550  0.00027
 405.95572  0.00027
 405.97593  0.00027
 405.99614  0.00027
 406.01635  0.00028
 406.03657  0.00027
 406.05678  0.00027
 406.07700  0.00027
 406.09721  0.00028
 406.11743  0.00028
 406.13764  0.00027
 406.15785  0.00027
 406.17806  0.00028
 406.19826  0.00027
 406.21847  0.00028
 406.23868  0.00028
 406.25889  0.00028
 406.27911  0.00028
 406.29932  0.00028
 406.31953  0.00028
 406.33975  0.00028
 406.35997  0.00028
 406.38015  0.00028
 406.40036  0.00028
 406.42057  0.00028
 406.44079  0.00028
 406.46100  0.00028
 406.48119  0.00028
 406.50140  0.00028
 406.52162  0.00028
 406.54183  0.00028
 406.56204  0.00028
 406.58222  0.00028
 406.60244  0.00028
 406.62266  0.00028
 406.64284  0.00028
 406.66305  0.00027
 406.68327  0.00028
 406.70348  0.00028
 406.72366  0.00028
 406.74387  0.00028
 406.76410  0.00028
 406.78428  0.00028
 406.80449  0.00028
 406.82467  0.00027
 406.84489  0.00028
 406.86510  0.00028
 406.88529  0.00028
 406.90550  0.00028
 406.92569  0.00028
 406.94590  0.00028
 406.96611  0.00028
 406.98629  0.00028
 407.00651  0.00028
 407.02670  0.00028
 407.04691  0.00028
 407.06709  0.00028
 407.08731  0.00028
 407.10749  0.00028
 407.12770  0.00028
 407.14788  0.00028
 407.16811  0.00028
 407.18829  0.00028
 407.20847  0.00028
 407.22868  0.00028
 407.24886  0.00028
 407.26908  0.00029
 407.28926  0.00028
 407.30945  0.00028
 407.32966  0.00028
 407.34985  0.00028
 407.37006  0.00028
 407.39024  0.00028
 407.41042  0.00028
 407.43065  0.00028
 407.45083  0.00028
 407.47101  0.00028
 407.49122  0.00028
 407.51140  0.00028
 407.53159  0.00028
 407.55177  0.00028
 407.57199  0.00028
 407.59217  0.00028
 407.61236  0.00028
 407.63254  0.00028
 407.65275  0.00028
 407.67293  0.00028
 407.69311  0.00028
 407.71331  0.00028
 407.73349  0.00028
 407.75367  0.00028
 407.77388  0.00028
 407.79407  0.00028
 407.81425  0.00028
 407.83443  0.00028
 407.85462  0.00028
 407.87480  0.00028
 407.89499  0.00028
 407.91517  0.00028
 407.93538  0.00028
 407.95556  0.00028
 407.97576  0.00028
 407.99594  0.00028
 408.01612  0.00028
 408.03630  0.00028
 408.05648  0.00028
 408.07667  0.00028
 408.09685  0.00028
 408.11704  0.00028
 408.13722  0.00028
 408.15740  0.00028
 408.17759  0.00028
 408.19777  0.00028
 408.21795  0.00028
 408.23810  0.00028
 408.25829  0.00028
 408.27848  0.00028
 408.29866  0.00028
 408.31884  0.00028
 408.33902  0.00028
 408.35921  0.00028
 408.37940  0.00028
 408.39958  0.00028
 408.41973  0.00028
 408.43991  0.00029
 408.46010  0.00028
 408.48028  0.00029
 408.50046  0.00028
 408.52062  0.00028
 408.54080  0.00028
 408.56099  0.00029
 408.58117  0.00028
 408.60132  0.00028
 408.62150  0.00028
 408.64169  0.00028
 408.66188  0.00028
 408.68203  0.00028
 408.70221  0.00028
 408.72239  0.00028
 408.74254  0.00028
 408.76273  0.00028
 408.78292  0.00028
 408.80307  0.00028
 408.82325  0.00028
 408.84343  0.00027
 408.86358  0.00028
 408.88377  0.00028
 408.90393  0.00028
 408.92411  0.00028
 408.94429  0.00028
 408.96444  0.00028
 408.98463  0.00028
 409.00478  0.00027
 409.02496  0.00028
 409.04512  0.00028
 409.06530  0.00027
 409.08546  0.00027
 409.10564  0.00027
 409.12579  0.00027
 409.14597  0.00027
 409.16612  0.00027
 409.18632  0.00027
 409.20647  0.00027
 409.22665  0.00027
 409.24680  0.00027
 409.26695  0.00027
 409.28713  0.00027
 409.30730  0.00026
 409.32748  0.00027
 409.34763  0.00026
 409.36778  0.00024
 409.38796  0.00026
 409.40811  0.00026
 409.42827  0.00026
 409.44846  0.00026
 409.46861  0.00026
 409.48876  0.00026
 409.50894  0.00026
 409.52910  0.00026
 409.54925  0.00026
 409.56941  0.00026
 409.58959  0.00026
 409.60974  0.00026
 409.62989  0.00025
 409.65005  0.00026
 409.67020  0.00026
 409.69038  0.00025
 409.71054  0.00025
 409.73069  0.00026
 409.75084  0.00025
 409.77100  0.00025
 409.79118  0.00025
 409.81133  0.00025
 409.83149  0.00025
 409.85164  0.00025
 409.87179  0.00023
 409.89195  0.00022
 409.91210  0.00024
 409.93225  0.00024
 409.95240  0.00024
 409.97256  0.00025
 409.99271  0.00026
 410.01287  0.00024
 410.03305  0.00024
 410.05320  0.00024
 410.07335  0.00024
 410.09351  0.00024
 410.11366  0.00024
 410.13382  0.00024
 410.15394  0.00024
 410.17409  0.00023
 410.19424  0.00024
 410.21440  0.00023
 410.23455  0.00023
 410.25470  0.00022
 410.27486  0.00021
 410.29501  0.00023
 410.31516  0.00023
 410.33531  0.00023
 410.35547  0.00023
 410.37559  0.00022
 410.39575  0.00022
 410.41590  0.00023
 410.43605  0.00022
 410.45620  0.00022
 410.47636  0.00022
 410.49648  0.00022
 410.51663  0.00022
 410.53679  0.00022
 410.55694  0.00022
 410.57706  0.00021
 410.59721  0.00021
 410.61737  0.00021
 410.63752  0.00021
 410.65764  0.00021
 410.67780  0.00020
 410.69795  0.00020
 410.71807  0.00020
 410.73823  0.00020
 410.75838  0.00020
 410.77850  0.00020
 410.79865  0.00019
 410.81881  0.00019
 410.83893  0.00019
 410.85909  0.00019
