# wl 	 tx
318.8020755 0.0089603
318.8230216 0.0091198
318.8439476 0.0092789
318.8648936 0.0095085
318.8858496 0.0098547
318.9067657 0.0098105
318.9277217 0.0103881
318.9486377 0.0105145
318.9695937 0.0111664
318.9905098 0.0113365
319.0114658 0.0116086
319.0323919 0.0121095
319.0533379 0.0124768
319.0742639 0.0129316
319.0952099 0.0134844
319.1161360 0.0139358
319.1370820 0.0147222
319.1580081 0.0152577
319.1789541 0.0161718
319.1998801 0.0171290
319.2208262 0.0181676
319.2417522 0.0193124
319.2626982 0.0206196
319.2836243 0.0219605
319.3045703 0.0236428
319.3254964 0.0258355
319.3464524 0.0277707
319.3673684 0.0301559
319.3882945 0.0333230
319.4092405 0.0362595
319.4301666 0.0396999
319.4511126 0.0434817
319.4720387 0.0484081
319.4929547 0.0531501
319.5139108 0.0591602
319.5348268 0.0657287
319.5557529 0.0728169
319.5766989 0.0804988
319.5976250 0.0892474
319.6185410 0.0982951
319.6394971 0.1083316
319.6604131 0.1199846
319.6813392 0.1319951
319.7022852 0.1449847
319.7232113 0.1573154
319.7441274 0.1708563
319.7650834 0.1840717
319.7859995 0.1975291
319.8069255 0.2108157
319.8278516 0.2239418
319.8487976 0.2373904
319.8697237 0.2500080
319.8906398 0.2618714
319.9115658 0.2709444
319.9325119 0.2798820
319.9534379 0.2888758
319.9743540 0.2968924
319.9952801 0.3055904
320.0162261 0.3121040
320.0371522 0.3172342
320.0580683 0.3239571
320.0789943 0.3285613
320.0999104 0.3343736
320.1208665 0.3370323
320.1417825 0.3430282
320.1627086 0.3475894
320.1836247 0.3520414
320.2045508 0.3566396
320.2254668 0.3621813
320.2464229 0.3651171
320.2673390 0.3699349
320.2882650 0.3743981
320.3091811 0.3800315
320.3301072 0.3869642
320.3510233 0.3919097
320.3719493 0.3974919
320.3928654 0.4015703
320.4137915 0.4068003
320.4347076 0.4112902
320.4556636 0.4178737
320.4765797 0.4217154
320.4975058 0.4310354
320.5184319 0.4356591
320.5393480 0.4404021
320.5602741 0.4460140
320.5811901 0.4506682
320.6021162 0.4557724
320.6230323 0.4570175
320.6439584 0.4637050
320.6648745 0.4671568
320.6858006 0.4705709
320.7067167 0.4766977
320.7276428 0.4796768
320.7485588 0.4823896
320.7694849 0.4836679
320.7904010 0.4859544
320.8113271 0.4855280
320.8322432 0.4864155
320.8531693 0.4869176
320.8740854 0.4881672
320.8949815 0.4855361
320.9158976 0.4860648
320.9368237 0.4848348
320.9577398 0.4852752
320.9786659 0.4817288
320.9995820 0.4788990
321.0205081 0.4738342
321.0414242 0.4706939
321.0623503 0.4655998
321.0832664 0.4621830
321.1041625 0.4584867
321.1250786 0.4553228
321.1460047 0.4515133
321.1669208 0.4454622
321.1878469 0.4432920
321.2087630 0.4374223
321.2296591 0.4308076
321.2505752 0.4260901
321.2715013 0.4204536
321.2924174 0.4162059
321.3133435 0.4143241
321.3342296 0.4092725
321.3551557 0.4060660
321.3760719 0.4018251
321.3969980 0.3990175
321.4179141 0.3925081
321.4388102 0.3907088
321.4597263 0.3862367
321.4806524 0.3839418
321.5015685 0.3797319
321.5224547 0.3791593
321.5433808 0.3769085
321.5642969 0.3744213
321.5851930 0.3737941
321.6061091 0.3703130
321.6270352 0.3688854
321.6479214 0.3682350
321.6688475 0.3673715
321.6897636 0.3668681
321.7106897 0.3653926
321.7315759 0.3679780
321.7525020 0.3668485
321.7733881 0.3696679
321.7943142 0.3687744
321.8152303 0.3708911
321.8361265 0.3716117
321.8570426 0.3716021
321.8779687 0.3747362
321.8988549 0.3767839
321.9197810 0.3770260
321.9406671 0.3826718
321.9615932 0.3863566
321.9825094 0.3895861
322.0034055 0.3935571
322.0243216 0.3985002
322.0452178 0.3995532
322.0661339 0.4027086
322.0870300 0.4068610
322.1079462 0.4131339
322.1288423 0.4203334
322.1497584 0.4267037
322.1706546 0.4305076
322.1915707 0.4384766
322.2124569 0.4428874
322.2333830 0.4518804
322.2542692 0.4538600
322.2751953 0.4631308
322.2960814 0.4695206
322.3170076 0.4752992
322.3378937 0.4848513
322.3588198 0.4925140
322.3797060 0.4998427
322.4006321 0.5056223
322.4215183 0.5130098
322.4424444 0.5190782
322.4633306 0.5251537
322.4842267 0.5332290
322.5051429 0.5387207
322.5260390 0.5439043
322.5469552 0.5506185
322.5678513 0.5547718
322.5887375 0.5583129
322.6096636 0.5639868
322.6305498 0.5634767
322.6514360 0.5670352
322.6723621 0.5700257
322.6932483 0.5714267
322.7141444 0.5732788
322.7350606 0.5712916
322.7559567 0.5726877
322.7768429 0.5711764
322.7977690 0.5717901
322.8186552 0.5679117
322.8395514 0.5663918
322.8604675 0.5616675
322.8813637 0.5600265
322.9022498 0.5556013
322.9231460 0.5489499
322.9440622 0.5460377
322.9649583 0.5418284
322.9858445 0.5368177
323.0067307 0.5335031
323.0276568 0.5291679
323.0485430 0.5202346
323.0694392 0.5179474
323.0903253 0.5100531
323.1112515 0.5053757
323.1321377 0.4984677
323.1530338 0.4959856
323.1739200 0.4908781
323.1948162 0.4885497
323.2157024 0.4805730
323.2366285 0.4785776
323.2575147 0.4731729
323.2784109 0.4701439
323.2992971 0.4658766
323.3201832 0.4610208
323.3410794 0.4585704
323.3619656 0.4575026
323.3828918 0.4546672
323.4037779 0.4523910
323.4246741 0.4517697
323.4455603 0.4475595
323.4664565 0.4462690
323.4873427 0.4449119
323.5082388 0.4443701
323.5291250 0.4436797
323.5500112 0.4430873
323.5709074 0.4414397
323.5917936 0.4435007
323.6126898 0.4427055
323.6335760 0.4419395
323.6544722 0.4434034
323.6753883 0.4437211
323.6962845 0.4450117
323.7171707 0.4450289
323.7380669 0.4448941
323.7589531 0.4496549
323.7798093 0.4466703
323.8007055 0.4509851
323.8215917 0.4507285
323.8424879 0.4538862
323.8633741 0.4562387
323.8842703 0.4573033
323.9051565 0.4585636
323.9260526 0.4607752
323.9469388 0.4600538
323.9678350 0.4612633
323.9887212 0.4644589
324.0096074 0.4642551
324.0305036 0.4649106
324.0513898 0.4664181
324.0722860 0.4675260
324.0931423 0.4679008
324.1140385 0.4688055
324.1349247 0.4663833
324.1558209 0.4675258
324.1767071 0.4665690
324.1976033 0.4658575
324.2184895 0.4666825
324.2393457 0.4641551
324.2602419 0.4644609
324.2811281 0.4595119
324.3020243 0.4595216
324.3229105 0.4543280
324.3437767 0.4529193
324.3646629 0.4503564
324.3855592 0.4465476
324.4064454 0.4440696
324.4273316 0.4417517
324.4481978 0.4375792
324.4690840 0.4345770
324.4899802 0.4307119
324.5108664 0.4240530
324.5317327 0.4229979
324.5526189 0.4171336
324.5735051 0.4146216
324.5943713 0.4110907
324.6152575 0.4074838
324.6361538 0.4033637
324.6570400 0.3981696
324.6779062 0.3953220
324.6987924 0.3897996
324.7196886 0.3861281
324.7405449 0.3828796
324.7614311 0.3791333
324.7823273 0.3776988
324.8031836 0.3736008
324.8240798 0.3720482
324.8449360 0.3695003
324.8658322 0.3656175
324.8867185 0.3623046
324.9075747 0.3587281
324.9284709 0.3572125
324.9493272 0.3558631
324.9702234 0.3545261
324.9911096 0.3543640
325.0119759 0.3526456
325.0328621 0.3516434
325.0537183 0.3501913
325.0746146 0.3497554
325.0954708 0.3484607
325.1163670 0.3487409
325.1372533 0.3488564
325.1581195 0.3513699
325.1790057 0.3507781
325.1998620 0.3540386
325.2207582 0.3534832
325.2416145 0.3543818
325.2625107 0.3547871
325.2833670 0.3582417
325.3042332 0.3586117
325.3251194 0.3628176
325.3459757 0.3660493
325.3668719 0.3701024
325.3877282 0.3726031
325.4086244 0.3766396
325.4294807 0.3800238
325.4503769 0.3828676
325.4712332 0.3875459
325.4920894 0.3919424
325.5129857 0.3978142
325.5338419 0.4019538
325.5547382 0.4098765
325.5755944 0.4127823
325.5964607 0.4207424
325.6173469 0.4228644
325.6382032 0.4292170
325.6590695 0.4346352
325.6799557 0.4416597
325.7008220 0.4476113
325.7216782 0.4556892
325.7425745 0.4614406
325.7634307 0.4669227
325.7842870 0.4740201
325.8051832 0.4767948
325.8260395 0.4840758
325.8469058 0.4896612
325.8677920 0.4954590
325.8886483 0.5022221
325.9095146 0.5050812
325.9303708 0.5108061
325.9512671 0.5133486
325.9721234 0.5180296
325.9929796 0.5200203
326.0138459 0.5243082
326.0347322 0.5270134
326.0555984 0.5279285
326.0764547 0.5290576
326.0973210 0.5310240
326.1181772 0.5326160
326.1390635 0.5328086
326.1599298 0.5313964
326.1807861 0.5324578
326.2016523 0.5335390
326.2225086 0.5290833
326.2433649 0.5305606
326.2642611 0.5257814
326.2851174 0.5243294
326.3059837 0.5193563
326.3268400 0.5178353
326.3476963 0.5180538
326.3685626 0.5141804
326.3894188 0.5119406
326.4102851 0.5072523
326.4311414 0.5042877
326.4520377 0.5000226
326.4728939 0.4953916
326.4937502 0.4938082
326.5146165 0.4909642
326.5354728 0.4905211
326.5563391 0.4859683
326.5771954 0.4834697
326.5980517 0.4808090
326.6189180 0.4768346
326.6397742 0.4754951
326.6606405 0.4702070
326.6814968 0.4672973
326.7023531 0.4667935
326.7232194 0.4655436
326.7440757 0.4653410
326.7649420 0.4634984
326.7857983 0.4627052
326.8066546 0.4596403
326.8275209 0.4598865
326.8483772 0.4575321
326.8692435 0.4574296
326.8900998 0.4573171
326.9109561 0.4597627
326.9317924 0.4589043
326.9526487 0.4596419
326.9735150 0.4600660
326.9943713 0.4590695
327.0152276 0.4594018
327.0360939 0.4608883
327.0569502 0.4617408
327.0778165 0.4638318
327.0986728 0.4685700
327.1194991 0.4678768
327.1403654 0.4686797
327.1612217 0.4687805
327.1820880 0.4685354
327.2029443 0.4705920
327.2238006 0.4727513
327.2446369 0.4764221
327.2654932 0.4806307
327.2863496 0.4833309
327.3072159 0.4863664
327.3280722 0.4905837
327.3489085 0.4940560
327.3697648 0.4951403
327.3906211 0.4998972
327.4114874 0.5016334
327.4323138 0.5052260
327.4531801 0.5103222
327.4740364 0.5145346
327.4948927 0.5159624
327.5157290 0.5207782
327.5365853 0.5237450
327.5574516 0.5250986
327.5782780 0.5284534
327.5991343 0.5315586
327.6200006 0.5358048
327.6408269 0.5375161
327.6616833 0.5405282
327.6825496 0.5425241
327.7033759 0.5456017
327.7242422 0.5459720
327.7450986 0.5475627
327.7659249 0.5498067
327.7867912 0.5506847
327.8076176 0.5502186
327.8284839 0.5541141
327.8493402 0.5545802
327.8701665 0.5559011
327.8910329 0.5552751
327.9118592 0.5539219
327.9327155 0.5555754
327.9535819 0.5542211
327.9744082 0.5517857
327.9952745 0.5515663
328.0161009 0.5555392
328.0369572 0.5501965
328.0577935 0.5514372
328.0786499 0.5510027
328.0994762 0.5491987
328.1203426 0.5486997
328.1411689 0.5456370
328.1620352 0.5447141
328.1828616 0.5449353
328.2037179 0.5431686
328.2245543 0.5431623
328.2454106 0.5438944
328.2662370 0.5420363
328.2871033 0.5433200
328.3079296 0.5391414
328.3287660 0.5396297
328.3496223 0.5383245
328.3704487 0.5383823
328.3913150 0.5384425
328.4121414 0.5406664
328.4329977 0.5411935
328.4538341 0.5416662
328.4746604 0.5443686
328.4955268 0.5437330
328.5163531 0.5460588
328.5371795 0.5447619
328.5580458 0.5460195
328.5788722 0.5495625
328.5996986 0.5515973
328.6205649 0.5563765
328.6413913 0.5573280
328.6622176 0.5613462
328.6830840 0.5610844
328.7039103 0.5657219
328.7247467 0.5678955
328.7456030 0.5672634
328.7664294 0.5741281
328.7872658 0.5791686
328.8080922 0.5827716
328.8289485 0.5858656
328.8497849 0.5914709
328.8706112 0.5958222
328.8914476 0.5996812
328.9123040 0.6031800
328.9331303 0.6082336
328.9539667 0.6108269
328.9747931 0.6173524
328.9956194 0.6214740
329.0164858 0.6246736
329.0373122 0.6321540
329.0581386 0.6339930
329.0789749 0.6391929
329.0998013 0.6430785
329.1206277 0.6474810
329.1414940 0.6475935
329.1623204 0.6532718
329.1831568 0.6562272
329.2039832 0.6609467
329.2248095 0.6618715
329.2456459 0.6645286
329.2664723 0.6660895
329.2872987 0.6679831
329.3081650 0.6681589
329.3289914 0.6681384
329.3498178 0.6698810
329.3706542 0.6685136
329.3914806 0.6677822
329.4123070 0.6677153
329.4331433 0.6640560
329.4539697 0.6627558
329.4748061 0.6579359
329.4956325 0.6554129
329.5164589 0.6515706
329.5372953 0.6475250
329.5581217 0.6450661
329.5789481 0.6392576
329.5997844 0.6324503
329.6206108 0.6300572
329.6414372 0.6240213
329.6622736 0.6162008
329.6831000 0.6126575
329.7039264 0.6051480
329.7247628 0.6002651
329.7455892 0.5918772
329.7664156 0.5869312
329.7872520 0.5794436
329.8080484 0.5744953
329.8288748 0.5669105
329.8497112 0.5588266
329.8705376 0.5571269
329.8913640 0.5488573
329.9122004 0.5446937
329.9330268 0.5377510
329.9538632 0.5310877
329.9746596 0.5258211
329.9954860 0.5198383
330.0163224 0.5160229
330.0371488 0.5137439
330.0579752 0.5071574
330.0788116 0.5024373
330.0996080 0.4989698
330.1204344 0.4944911
330.1412708 0.4903996
330.1620972 0.4877528
330.1829236 0.4857159
330.2037300 0.4822951
330.2245565 0.4820101
330.2453829 0.4773367
330.2662193 0.4766569
330.2870157 0.4739578
330.3078421 0.4724026
330.3286785 0.4704854
330.3495049 0.4685032
330.3703014 0.4694991
330.3911378 0.4696351
330.4119642 0.4679151
330.4327606 0.4701260
330.4535970 0.4697510
330.4744234 0.4719669
330.4952199 0.4694847
330.5160563 0.4721447
330.5368827 0.4744947
330.5576791 0.4741065
330.5785155 0.4764677
330.5993420 0.4797443
330.6201384 0.4826230
330.6409748 0.4834857
330.6617713 0.4876546
330.6825977 0.4902883
330.7034341 0.4915332
330.7242305 0.4959188
330.7450570 0.4996238
330.7658634 0.5036688
330.7866898 0.5088742
330.8074863 0.5118542
330.8283227 0.5171818
330.8491491 0.5212387
330.8699455 0.5273293
330.8907820 0.5313882
330.9115784 0.5337872
330.9324048 0.5393419
330.9532113 0.5458877
330.9740377 0.5529967
330.9948342 0.5589334
331.0156706 0.5622741
331.0364670 0.5715797
331.0572935 0.5729812
331.0780899 0.5788868
331.0988964 0.5853200
331.1197228 0.5917740
331.1405192 0.5957878
331.1613557 0.6029980
331.1821521 0.6082944
331.2029786 0.6128723
331.2237850 0.6201799
331.2445815 0.6224387
331.2654079 0.6298187
331.2862143 0.6323359
331.3070408 0.6392300
331.3278372 0.6427287
331.3486437 0.6479488
331.3694701 0.6503447
331.3902666 0.6548060
331.4110730 0.6597270
331.4318995 0.6622301
331.4526959 0.6638895
331.4735024 0.6665464
331.4943288 0.6702671
331.5151253 0.6716478
331.5359218 0.6740641
331.5567282 0.6756408
331.5775547 0.6767980
331.5983511 0.6771461
331.6191576 0.6788960
331.6399840 0.6790104
331.6607805 0.6789289
331.6815870 0.6790464
331.7023834 0.6794568
331.7231799 0.6785784
331.7440163 0.6782386
331.7648128 0.6786972
331.7856093 0.6752863
331.8064158 0.6772307
331.8272422 0.6756835
331.8480387 0.6733480
331.8688351 0.6701736
331.8896416 0.6711250
331.9104381 0.6698142
331.9312346 0.6676880
331.9520410 0.6669851
331.9728675 0.6654426
331.9936640 0.6639179
332.0144704 0.6644307
332.0352669 0.6621504
332.0560634 0.6602472
332.0768699 0.6596055
332.0976663 0.6583131
332.1184628 0.6584485
332.1392593 0.6554757
332.1600658 0.6572932
332.1808922 0.6568325
332.2016887 0.6564497
332.2224952 0.6564431
332.2432917 0.6552836
332.2640881 0.6558768
332.2848946 0.6567799
332.3056911 0.6572360
332.3264876 0.6597671
332.3472841 0.6596194
332.3680906 0.6592040
332.3888870 0.6622751
332.4096835 0.6623673
332.4304900 0.6651958
332.4512865 0.6667406
332.4720830 0.6670900
332.4928895 0.6706812
332.5136560 0.6716652
332.5344525 0.6762640
332.5552490 0.6771894
332.5760554 0.6809400
332.5968519 0.6825494
332.6176484 0.6848574
332.6384549 0.6884410
332.6592514 0.6916195
332.6800479 0.6940480
332.7008444 0.6983096
332.7216209 0.7024685
332.7424174 0.7036633
332.7632139 0.7076983
332.7840204 0.7119714
332.8048169 0.7151027
332.8256134 0.7183942
332.8463799 0.7200823
332.8671864 0.7249011
332.8879829 0.7281266
332.9087794 0.7309071
332.9295859 0.7343179
332.9503524 0.7363040
332.9711489 0.7387923
332.9919554 0.7412249
333.0127519 0.7426301
333.0335184 0.7448204
333.0543149 0.7467638
333.0751214 0.7490130
333.0959179 0.7502490
333.1166845 0.7513423
333.1374810 0.7522019
333.1582875 0.7527280
333.1790540 0.7529792
333.1998505 0.7528791
333.2206570 0.7527279
333.2414235 0.7526750
333.2622201 0.7514126
333.2830166 0.7488706
333.3037931 0.7488346
333.3245896 0.7461327
333.3453861 0.7456371
333.3661626 0.7423290
333.3869592 0.7400945
333.4077557 0.7368683
333.4285222 0.7353220
333.4493287 0.7307819
333.4700952 0.7263170
333.4908918 0.7230443
333.5116983 0.7207310
333.5324648 0.7162574
333.5532613 0.7121876
333.5740279 0.7086357
333.5948344 0.7041869
333.6156009 0.7004218
333.6363974 0.6955691
333.6571640 0.6909105
333.6779705 0.6875023
333.6987370 0.6821896
333.7195335 0.6781330
333.7403101 0.6741379
333.7611066 0.6706574
333.7818732 0.6674455
333.8026697 0.6614754
333.8234462 0.6566437
333.8442427 0.6529601
333.8650093 0.6509046
333.8857758 0.6460806
333.9065824 0.6412552
333.9273489 0.6391339
333.9481454 0.6371326
333.9689220 0.6324873
333.9897185 0.6306802
334.0104850 0.6267433
334.0312516 0.6237416
334.0520581 0.6210963
334.0728247 0.6169330
334.0935912 0.6154838
334.1143878 0.6160909
334.1351643 0.6144682
334.1559309 0.6134026
334.1767274 0.6121138
334.1974939 0.6085462
334.2182705 0.6088902
334.2390670 0.6079506
334.2598336 0.6075148
334.2806001 0.6063408
334.3014067 0.6063541
334.3221732 0.6082522
334.3429398 0.6065083
334.3637163 0.6072268
334.3845129 0.6079333
334.4052794 0.6078677
334.4260460 0.6073855
334.4468226 0.6089493
334.4676191 0.6106403
334.4883857 0.6130352
334.5091522 0.6143325
334.5299288 0.6149289
334.5506953 0.6181037
334.5714619 0.6199030
334.5922585 0.6209519
334.6130350 0.6250516
334.6338016 0.6230214
334.6545682 0.6247024
334.6753347 0.6299773
334.6961113 0.6339735
334.7169078 0.6358028
334.7376744 0.6399510
334.7584410 0.6424964
334.7792175 0.6451424
334.7999841 0.6450990
334.8207507 0.6512585
334.8415172 0.6521630
334.8622938 0.6559354
334.8830604 0.6579808
334.9038270 0.6623958
334.9245935 0.6667089
334.9453701 0.6678135
334.9661367 0.6706603
334.9869033 0.6732164
335.0076698 0.6767327
335.0284464 0.6798328
335.0492130 0.6804662
335.0699796 0.6842094
335.0907461 0.6861894
335.1115227 0.6901730
335.1322893 0.6919799
335.1530559 0.6941174
335.1738224 0.6975593
335.1945990 0.6993793
335.2153656 0.7001421
335.2361322 0.7016750
335.2568988 0.7036067
335.2776753 0.7059553
335.2984419 0.7077412
335.3192085 0.7080662
335.3399751 0.7093434
335.3607517 0.7099273
335.3814883 0.7111334
335.4022549 0.7120568
335.4230215 0.7129546
335.4437980 0.7131942
335.4645646 0.7140592
335.4853312 0.7141580
335.5060978 0.7142640
335.5268344 0.7145237
335.5476110 0.7137956
335.5683776 0.7138235
335.5891442 0.7132162
335.6099108 0.7117352
335.6306574 0.7115567
335.6514240 0.7114862
335.6721906 0.7108672
335.6929572 0.7093610
335.7137038 0.7089126
335.7344704 0.7079742
335.7552370 0.7068721
335.7760036 0.7057923
335.7967502 0.7044261
335.8175168 0.7037436
335.8382834 0.7012795
335.8590200 0.7006644
335.8797866 0.7003570
335.9005632 0.6985093
335.9212998 0.6970127
335.9420664 0.6958518
335.9628330 0.6945854
335.9835796 0.6928944
336.0043462 0.6915935
336.0251128 0.6903660
336.0458495 0.6908437
336.0666261 0.6872821
336.0873927 0.6868148
336.1081293 0.6847675
336.1288959 0.6838138
336.1496325 0.6837287
336.1704091 0.6831159
336.1911757 0.6818318
336.2119124 0.6794463
336.2326790 0.6796384
336.2534256 0.6780191
336.2741922 0.6775424
336.2949288 0.6772987
336.3156954 0.6757048
336.3364321 0.6762973
336.3572087 0.6746076
336.3779453 0.6735532
336.3987119 0.6716213
336.4194486 0.6729419
336.4402252 0.6719896
336.4609618 0.6704974
336.4817284 0.6697777
336.5024651 0.6696586
336.5232317 0.6682214
336.5439783 0.6676668
336.5647149 0.6669586
336.5854816 0.6647035
336.6062182 0.6653086
336.6269948 0.6654197
336.6477314 0.6646000
336.6684681 0.6644926
336.6892347 0.6631330
336.7099714 0.6623582
336.7307480 0.6603696
336.7514846 0.6588531
336.7722213 0.6591406
336.7929879 0.6589096
336.8137245 0.6554975
336.8344712 0.6568548
336.8552378 0.6556668
336.8759744 0.6544783
336.8967111 0.6536842
336.9174877 0.6523779
336.9382243 0.6518529
336.9589610 0.6476559
336.9796976 0.6480472
337.0004643 0.6461610
337.0212109 0.6457002
337.0419476 0.6436103
337.0626842 0.6435883
337.0834509 0.6409619
337.1041875 0.6400224
337.1249342 0.6394189
337.1456708 0.6362179
337.1664075 0.6366772
337.1871741 0.6325605
337.2079107 0.6311836
337.2286574 0.6287103
337.2493941 0.6288466
337.2701307 0.6278401
337.2908973 0.6269139
337.3116340 0.6237931
337.3323807 0.6214979
337.3531173 0.6200135
337.3738540 0.6177590
337.3945906 0.6165201
337.4153273 0.6136243
337.4360739 0.6112597
337.4568106 0.6104970
337.4775773 0.6094264
337.4983139 0.6075641
337.5190506 0.6065673
337.5397972 0.6026172
337.5605339 0.6023222
337.5812706 0.5991470
337.6020072 0.5970474
337.6227439 0.5985140
337.6434906 0.5950373
337.6642272 0.5945633
337.6849639 0.5939022
337.7057006 0.5910145
337.7264372 0.5888973
337.7471839 0.5881921
337.7679206 0.5852661
337.7886572 0.5837955
337.8093939 0.5840390
337.8301306 0.5839416
337.8508772 0.5830552
337.8716139 0.5810664
337.8923206 0.5797663
337.9130573 0.5793784
337.9337940 0.5773158
337.9545306 0.5757362
337.9752773 0.5770721
337.9960140 0.5779608
338.0167507 0.5756977
338.0374873 0.5770803
338.0582240 0.5741428
338.0789407 0.5760777
338.0996774 0.5748021
338.1204141 0.5732413
338.1411507 0.5738311
338.1618874 0.5745059
338.1826341 0.5719684
338.2033408 0.5724940
338.2240775 0.5741319
338.2448142 0.5764334
338.2655508 0.5759265
338.2862975 0.5734815
338.3070042 0.5768497
338.3277409 0.5747887
338.3484776 0.5780364
338.3692143 0.5759499
338.3899210 0.5781215
338.4106677 0.5807165
338.4314044 0.5825858
338.4521111 0.5822652
338.4728478 0.5867726
338.4935844 0.5880902
338.5142912 0.5856216
338.5350378 0.5863941
338.5557745 0.5901091
338.5764812 0.5912290
338.5972179 0.5919655
338.6179546 0.5930275
338.6386713 0.5953862
338.6594080 0.6014119
338.6801447 0.6016856
338.7008514 0.6019195
338.7215881 0.6044858
338.7422948 0.6081028
338.7630415 0.6084930
338.7837782 0.6081637
338.8044849 0.6128221
338.8252216 0.6159751
338.8459284 0.6181077
338.8666651 0.6181836
338.8873818 0.6233175
338.9081185 0.6255657
338.9288252 0.6271035
338.9495619 0.6284505
338.9702686 0.6308809
338.9910053 0.6323786
339.0117220 0.6351155
339.0324587 0.6354116
339.0531655 0.6383968
339.0739022 0.6413150
339.0946089 0.6419917
339.1153456 0.6452122
339.1360623 0.6464893
339.1567990 0.6494859
339.1775058 0.6490291
339.1982125 0.6503093
339.2189492 0.6499886
339.2396559 0.6529396
339.2604026 0.6550847
339.2811094 0.6551178
339.3018161 0.6570111
339.3225528 0.6569712
339.3432595 0.6561133
339.3639962 0.6586689
339.3847130 0.6587292
339.4054197 0.6576260
339.4261564 0.6595848
339.4468632 0.6594091
339.4675699 0.6586285
339.4882766 0.6592167
339.5090233 0.6590019
339.5297301 0.6568928
339.5504368 0.6588265
339.5711735 0.6568007
339.5918803 0.6570904
339.6125870 0.6554971
339.6332937 0.6533357
339.6540405 0.6537129
339.6747472 0.6530322
339.6954539 0.6523136
339.7161607 0.6504206
339.7368674 0.6475641
339.7576041 0.6503707
339.7783209 0.6484132
339.7990276 0.6476328
339.8197344 0.6455880
339.8404411 0.6446287
339.8611778 0.6416447
339.8818846 0.6411735
339.9026013 0.6398406
339.9233081 0.6400617
339.9440148 0.6368295
339.9647216 0.6347517
339.9854283 0.6356227
340.0061351 0.6336866
340.0268418 0.6325733
340.0475885 0.6314586
340.0682953 0.6274084
340.0890020 0.6237841
340.1097088 0.6312848
340.1304156 0.6315381
340.1511223 0.6250021
340.1718291 0.6210547
340.1925458 0.6229911
340.2132526 0.6240919
340.2339593 0.6225961
340.2546661 0.6215978
340.2753728 0.6179542
340.2960796 0.6162444
340.3167863 0.6150584
340.3375031 0.6151961
340.3582099 0.6180713
340.3789166 0.6150380
340.3996234 0.6147868
340.4203301 0.6160425
340.4410369 0.6125436
340.4617437 0.6116106
340.4824304 0.6101531
340.5031372 0.6120889
340.5238440 0.6106447
340.5445507 0.6117964
340.5652575 0.6131700
340.5859643 0.6117277
340.6066710 0.6091603
340.6273878 0.6085720
340.6480646 0.6086048
340.6687713 0.6093813
340.6894781 0.6091469
340.7101849 0.6086834
340.7308916 0.6101830
340.7515984 0.6092973
340.7722752 0.6104518
340.7929920 0.6082742
340.8136987 0.6088536
340.8344055 0.6084423
340.8551123 0.6102894
340.8757891 0.6087081
340.8964958 0.6124094
340.9172026 0.6095753
340.9379194 0.6114088
340.9585962 0.6119901
340.9793030 0.6099280
341.0000097 0.6118500
341.0206865 0.6121935
341.0413933 0.6145696
341.0621001 0.6153983
341.0827769 0.6126961
341.1034936 0.6128952
341.1242004 0.6113100
341.1448772 0.6151494
341.1655840 0.6158832
341.1862908 0.6152677
341.2069676 0.6199928
341.2276744 0.6172645
341.2483812 0.6163376
341.2690680 0.6188448
341.2897747 0.6178460
341.3104515 0.6160833
341.3311583 0.6181524
341.3518351 0.6207497
341.3725419 0.6217526
341.3932487 0.6215871
341.4139255 0.6217217
341.4346423 0.6210731
341.4553191 0.6214212
341.4760259 0.6248304
341.4967027 0.6244403
341.5174095 0.6219087
341.5380863 0.6235401
341.5587931 0.6246642
341.5794699 0.6261475
341.6001767 0.6274496
341.6208635 0.6283981
341.6415703 0.6249028
341.6622471 0.6288908
341.6829239 0.6310908
341.7036307 0.6278507
341.7243075 0.6295753
341.7450143 0.6288189
341.7656911 0.6303390
341.7863979 0.6318009
341.8070847 0.6309552
341.8277616 0.6358961
341.8484684 0.6356082
341.8691452 0.6369223
341.8898220 0.6366024
341.9105288 0.6375210
341.9312056 0.6387127
341.9518824 0.6389390
341.9725892 0.6391008
341.9932761 0.6425726
342.0139529 0.6440136
342.0346597 0.6436686
342.0553365 0.6451924
342.0760133 0.6481408
342.0966902 0.6505138
342.1173970 0.6529284
342.1380738 0.6531095
342.1587506 0.6540197
342.1794274 0.6552368
342.2001442 0.6558531
342.2208211 0.6587319
342.2414979 0.6601693
342.2621747 0.6630482
342.2828815 0.6664869
342.3035584 0.6701493
342.3242352 0.6729365
342.3449120 0.6734268
342.3655889 0.6732000
342.3862757 0.6751888
342.4069825 0.6794449
342.4276593 0.6826900
342.4483362 0.6857318
342.4690130 0.6878462
342.4896898 0.6902507
342.5103667 0.6926443
342.5310435 0.6952749
342.5517203 0.6984148
342.5723972 0.7007766
342.5931140 0.7034725
342.6137908 0.7060978
342.6344677 0.7084353
342.6551445 0.7109485
342.6758214 0.7136087
342.6964982 0.7171037
342.7171750 0.7201343
342.7378519 0.7228274
342.7585287 0.7245643
342.7792056 0.7273498
342.7998824 0.7303695
342.8205692 0.7325223
342.8412461 0.7351938
342.8619229 0.7378699
342.8825998 0.7407448
342.9032766 0.7426039
342.9239535 0.7438697
342.9446003 0.7453024
342.9652772 0.7468500
342.9859540 0.7485802
343.0066309 0.7510122
343.0273077 0.7526468
343.0479946 0.7540119
343.0686714 0.7555120
343.0893483 0.7566289
343.1100251 0.7578647
343.1306720 0.7580081
343.1513489 0.7585782
343.1720257 0.7586602
343.1927026 0.7594613
343.2133794 0.7595308
343.2340563 0.7597435
343.2547032 0.7598822
343.2753800 0.7597199
343.2960669 0.7593018
343.3167437 0.7591496
343.3374206 0.7575408
343.3580675 0.7569931
343.3787443 0.7571150
343.3994212 0.7568464
343.4200980 0.7558729
343.4407449 0.7534431
343.4614218 0.7522171
343.4820986 0.7513983
343.5027455 0.7501324
343.5234224 0.7487028
343.5440992 0.7472576
343.5647861 0.7454627
343.5854330 0.7434533
343.6061098 0.7414994
343.6267867 0.7393224
343.6474336 0.7370344
343.6681105 0.7355461
343.6887574 0.7338645
343.7094342 0.7319358
343.7301111 0.7300135
343.7507580 0.7277470
343.7714348 0.7256901
343.7920817 0.7238628
343.8127586 0.7218463
343.8334355 0.7200450
343.8540924 0.7183292
343.8747692 0.7166168
343.8954161 0.7144865
343.9160930 0.7120225
343.9367399 0.7100166
343.9574168 0.7083489
343.9780637 0.7071774
343.9987405 0.7061770
344.0193874 0.7049969
344.0400643 0.7029077
344.0607112 0.7013446
344.0813881 0.7004649
344.1020350 0.6995038
344.1227119 0.6981532
344.1433588 0.6959643
344.1640456 0.6943256
344.1846925 0.6949769
344.2053394 0.6945086
344.2260163 0.6938641
344.2466632 0.6929426
344.2673401 0.6927930
344.2879870 0.6922101
344.3086339 0.6913491
344.3293108 0.6903153
344.3499577 0.6898201
344.3706046 0.6898591
344.3912815 0.6904711
344.4119284 0.6912804
344.4326053 0.6914778
344.4532522 0.6916685
344.4738991 0.6910645
344.4945460 0.6905937
344.5152329 0.6906059
344.5358798 0.6910250
344.5565267 0.6914521
344.5772036 0.6912294
344.5978505 0.6919422
344.6184974 0.6926382
344.6391443 0.6935532
344.6598212 0.6938796
344.6804681 0.6942904
344.7011150 0.6949766
344.7217620 0.6948435
344.7424089 0.6954145
344.7630858 0.6968452
344.7837327 0.6964830
344.8043796 0.6966756
344.8250265 0.6958844
344.8456734 0.6965197
344.8663204 0.6974743
344.8869973 0.6974624
344.9076442 0.6990546
344.9283011 0.6991788
344.9489480 0.6989803
344.9695949 0.6990861
344.9902419 0.6985385
345.0108888 0.6985343
345.0315357 0.6982861
345.0521826 0.6984981
345.0728295 0.6976188
345.0934765 0.6978618
345.1141534 0.6988291
345.1348003 0.6988869
345.1554472 0.6980783
345.1760941 0.6974605
345.1967411 0.6969991
345.2173880 0.6958310
345.2380349 0.6948671
345.2586819 0.6941151
345.2793288 0.6935852
345.2999757 0.6931713
345.3206226 0.6913755
345.3412396 0.6900687
345.3618865 0.6892353
345.3825335 0.6888734
345.4031804 0.6876793
345.4238273 0.6881983
345.4444843 0.6864215
345.4651312 0.6838461
345.4857781 0.6820685
345.5064251 0.6818916
345.5270720 0.6814338
345.5477189 0.6803841
345.5683359 0.6783494
345.5889828 0.6774719
345.6096298 0.6778648
345.6302767 0.6770159
345.6509236 0.6749390
345.6715706 0.6739336
345.6921875 0.6731901
345.7128345 0.6712804
345.7334814 0.6707058
345.7541284 0.6711743
345.7747753 0.6707083
345.7953923 0.6683162
345.8160392 0.6690115
345.8366862 0.6703751
345.8573331 0.6686617
345.8779501 0.6680167
345.8985970 0.6674545
345.9192440 0.6676289
345.9398609 0.6665119
345.9605079 0.6661842
345.9811548 0.6675607
346.0017718 0.6687747
346.0224187 0.6686739
346.0430657 0.6683846
346.0636826 0.6691533
346.0843296 0.6691105
346.1049765 0.6706620
346.1255935 0.6700479
346.1462405 0.6725892
346.1668974 0.6735676
346.1875144 0.6754405
346.2081613 0.6761573
346.2287783 0.6768418
346.2494253 0.6789102
346.2700722 0.6806436
346.2906892 0.6815520
346.3113362 0.6831516
346.3319531 0.6845358
346.3526001 0.6880067
346.3732171 0.6898186
346.3938640 0.6913651
346.4144810 0.6919270
346.4351280 0.6950445
346.4557449 0.6969269
346.4763919 0.6994904
346.4970089 0.7022962
346.5176559 0.7047367
346.5382728 0.7066640
346.5589198 0.7085330
346.5795368 0.7104694
346.6001538 0.7128508
346.6208007 0.7154904
346.6414177 0.7182343
346.6620647 0.7204328
346.6826817 0.7227962
346.7033286 0.7249286
346.7239456 0.7273324
346.7445626 0.7292172
346.7652096 0.7305982
346.7858266 0.7326900
346.8064436 0.7346175
346.8270905 0.7360694
346.8477075 0.7370964
346.8683245 0.7386681
346.8889715 0.7404572
346.9095885 0.7418949
346.9302055 0.7431449
346.9508225 0.7436167
346.9714694 0.7439252
346.9920864 0.7441743
347.0127034 0.7444199
347.0333504 0.7445320
347.0539674 0.7450257
347.0745844 0.7449868
347.0952014 0.7443280
347.1158184 0.7441534
347.1364654 0.7435741
347.1570824 0.7425530
347.1776994 0.7418237
347.1983164 0.7403765
347.2189334 0.7386325
347.2395803 0.7374575
347.2601973 0.7355739
347.2808143 0.7332544
347.3014313 0.7312316
347.3220483 0.7291688
347.3426653 0.7269353
347.3632823 0.7243707
347.3838994 0.7220534
347.4045463 0.7197856
347.4251633 0.7172325
347.4457803 0.7150365
347.4663974 0.7116593
347.4870144 0.7084297
347.5076314 0.7056390
347.5282484 0.7021867
347.5488654 0.6994933
347.5694824 0.6970828
347.5900994 0.6953279
347.6107164 0.6929124
347.6313334 0.6901647
347.6519504 0.6867468
347.6725675 0.6841146
347.6931845 0.6795278
347.7138015 0.6766395
347.7344185 0.6749591
347.7550355 0.6738113
347.7756525 0.6706431
347.7962695 0.6680528
347.8168866 0.6650339
347.8375036 0.6637148
347.8580906 0.6607693
347.8787076 0.6601488
347.8993246 0.6591888
347.9199417 0.6578600
347.9405587 0.6562052
347.9611757 0.6520369
347.9817927 0.6499518
348.0024097 0.6482328
348.0229868 0.6498483
348.0436038 0.6516703
348.0642208 0.6505221
348.0848379 0.6487789
348.1054549 0.6476329
348.1260419 0.6469991
348.1466589 0.6460576
348.1672760 0.6449477
348.1878930 0.6454941
348.2084800 0.6458431
348.2290971 0.6462794
348.2497141 0.6478107
348.2703311 0.6481781
348.2909182 0.6498500
348.3115352 0.6502310
348.3321522 0.6522970
348.3527393 0.6537144
348.3733563 0.6516328
348.3939733 0.6530978
348.4145904 0.6552208
348.4351774 0.6570197
348.4557945 0.6582075
348.4763815 0.6601439
348.4969985 0.6621574
348.5176156 0.6646500
348.5382026 0.6672052
348.5588197 0.6699728
348.5794367 0.6715361
348.6000238 0.6718420
348.6206408 0.6740300
348.6412279 0.6757759
348.6618449 0.6783624
348.6824320 0.6802624
348.7030490 0.6824690
348.7236261 0.6848242
348.7442431 0.6875919
348.7648601 0.6883254
348.7854472 0.6910811
348.8060642 0.6932504
348.8266513 0.6950101
348.8472683 0.6952845
348.8678554 0.6966170
348.8884425 0.6993278
348.9090595 0.7006906
348.9296466 0.7019380
348.9502636 0.7047975
348.9708507 0.7061181
348.9914677 0.7065054
349.0120548 0.7068288
349.0326419 0.7066138
349.0532589 0.7072316
349.0738460 0.7085795
349.0944630 0.7089014
349.1150501 0.7089423
349.1356372 0.7091919
349.1562542 0.7085091
349.1768413 0.7084926
349.1974284 0.7079144
349.2180454 0.7075542
349.2386225 0.7063006
349.2592096 0.7050008
349.2798266 0.7031029
349.3004137 0.7022617
349.3210008 0.7015583
349.3415879 0.6996910
349.3622049 0.6988753
349.3827920 0.6959863
349.4033791 0.6937319
349.4239662 0.6924355
349.4445832 0.6899050
349.4651703 0.6882723
349.4857574 0.6864855
349.5063444 0.6825142
349.5269615 0.6796211
349.5475486 0.6785026
349.5681357 0.6738985
349.5887228 0.6724707
349.6093098 0.6703332
349.6298869 0.6679927
349.6505040 0.6654221
349.6710911 0.6640482
349.6916782 0.6578808
349.7122652 0.6568915
349.7328523 0.6544337
349.7534394 0.6519007
349.7740265 0.6487037
349.7946136 0.6474897
349.8152007 0.6453408
349.8357878 0.6429957
349.8563749 0.6403620
349.8769620 0.6380909
349.8975790 0.6360720
349.9181661 0.6333147
349.9387532 0.6307782
349.9593403 0.6299519
349.9799174 0.6281209
350.0005045 0.6266028
350.0210916 0.6235941
350.0416787 0.6251130
350.0622358 0.6220524
350.0828229 0.6222423
350.1034100 0.6192669
350.1239971 0.6194174
350.1445842 0.6159589
350.1651713 0.6188976
350.1857584 0.6165199
350.2063455 0.6174346
350.2269326 0.6152279
350.2475197 0.6165085
350.2681068 0.6187929
350.2886539 0.6173679
350.3092410 0.6155707
350.3298281 0.6172499
350.3504152 0.6155181
350.3710023 0.6184006
350.3915894 0.6170968
350.4121465 0.6158176
350.4327336 0.6170983
350.4533207 0.6221322
350.4739078 0.6204789
350.4944950 0.6229666
350.5150521 0.6230467
350.5356392 0.6251162
350.5562263 0.6244093
350.5768034 0.6266923
350.5973605 0.6264073
350.6179476 0.6284416
350.6385348 0.6300925
350.6591219 0.6295598
350.6796790 0.6330638
350.7002661 0.6347902
350.7208532 0.6360566
350.7414104 0.6376192
350.7619975 0.6393676
350.7825846 0.6400374
350.8031417 0.6411737
350.8237188 0.6439103
350.8443059 0.6443613
350.8648631 0.6464791
350.8854502 0.6474937
350.9060073 0.6510581
350.9265945 0.6499495
350.9471516 0.6502752
350.9677387 0.6542304
350.9883258 0.6542582
351.0088830 0.6564567
351.0294701 0.6574992
351.0500272 0.6588547
351.0706044 0.6580685
351.0911615 0.6604386
351.1117486 0.6613174
351.1323058 0.6617364
351.1528929 0.6626662
351.1734500 0.6635401
351.1940372 0.6630880
351.2145943 0.6638897
351.2351814 0.6642878
351.2557386 0.6654154
351.2763257 0.6653610
351.2968729 0.6649053
351.3174300 0.6665670
351.3380171 0.6661820
351.3585743 0.6674110
351.3791614 0.6672007
351.3997186 0.6657990
351.4202757 0.6657555
351.4408628 0.6658405
351.4614200 0.6659225
351.4819771 0.6658453
351.5025543 0.6665803
351.5231114 0.6655024
351.5436686 0.6662064
351.5642557 0.6638325
351.5848129 0.6638031
351.6053700 0.6638483
351.6259572 0.6611540
351.6465143 0.6627607
351.6670715 0.6605610
351.6876286 0.6621759
351.7082058 0.6622402
351.7287629 0.6620278
351.7493201 0.6593598
351.7698773 0.6610438
351.7904644 0.6592505
351.8110216 0.6588261
351.8315787 0.6579491
351.8521359 0.6562976
351.8726930 0.6568922
351.8932802 0.6573355
351.9138274 0.6547771
351.9343845 0.6544249
351.9549417 0.6557486
351.9754988 0.6542150
351.9960560 0.6544166
352.0166132 0.6523246
352.0371703 0.6508859
352.0577575 0.6505296
352.0783147 0.6497416
352.0988618 0.6479625
352.1194190 0.6499414
352.1399762 0.6475541
352.1605333 0.6466543
352.1810905 0.6456519
352.2016477 0.6456890
352.2222049 0.6432620
352.2427620 0.6447943
352.2633192 0.6409045
352.2838664 0.6396036
352.3044235 0.6402953
352.3249807 0.6368860
352.3455379 0.6382462
352.3660951 0.6353917
352.3866522 0.6334181
352.4072094 0.6316025
352.4277666 0.6303598
352.4483238 0.6303819
352.4688710 0.6248928
352.4894281 0.6264838
352.5099553 0.6218204
352.5305125 0.6212444
352.5510697 0.6221415
352.5716269 0.6174966
352.5921841 0.6159757
352.6127412 0.6124335
352.6332884 0.6121417
352.6538156 0.6090985
352.6743728 0.6078261
352.6949300 0.6040591
352.7154872 0.6028733
352.7360444 0.6003333
352.7565716 0.5956653
352.7771288 0.5952699
352.7976759 0.5885168
352.8182331 0.5889437
352.8387903 0.5856610
352.8593175 0.5833534
352.8798747 0.5823951
352.9004319 0.5792519
352.9209591 0.5727624
352.9415063 0.5723123
352.9620635 0.5686169
352.9826207 0.5663545
353.0031479 0.5645800
353.0237051 0.5608108
353.0442623 0.5601553
353.0647895 0.5577391
353.0853467 0.5543868
353.1058939 0.5536071
353.1264211 0.5466810
353.1469783 0.5477094
353.1675055 0.5420928
353.1880627 0.5410772
353.2086199 0.5367965
353.2291471 0.5369047
353.2496943 0.5344336
353.2702216 0.5341123
353.2907788 0.5304193
353.3113060 0.5289462
353.3318632 0.5282508
353.3523904 0.5264840
353.3729476 0.5242174
353.3934648 0.5238042
353.4140220 0.5188791
353.4345493 0.5222809
353.4551065 0.5177519
353.4756337 0.5196236
353.4961909 0.5167699
353.5167181 0.5163606
353.5372753 0.5188391
353.5577925 0.5160024
353.5783498 0.5180260
353.5988770 0.5146858
353.6194042 0.5168614
353.6399614 0.5158589
353.6604886 0.5156026
353.6810459 0.5144700
353.7015631 0.5178016
353.7220903 0.5181768
353.7426475 0.5193285
353.7631748 0.5212117
353.7837020 0.5223838
353.8042592 0.5222639
353.8247764 0.5254273
353.8453037 0.5223697
353.8658609 0.5267363
353.8863881 0.5251405
353.9069154 0.5303181
353.9274426 0.5288805
353.9479998 0.5338303
353.9685171 0.5350941
353.9890443 0.5404741
354.0095715 0.5412977
354.0301288 0.5428613
354.0506560 0.5459636
354.0711832 0.5491954
354.0917005 0.5492472
354.1122577 0.5537405
354.1327849 0.5559389
354.1533122 0.5561858
354.1738394 0.5590821
354.1943667 0.5648247
354.2148839 0.5679006
354.2354112 0.5702192
354.2559684 0.5730202
354.2764956 0.5742965
354.2970229 0.5764639
354.3175501 0.5808190
354.3380774 0.5798745
354.3585946 0.5834561
354.3791219 0.5845799
354.3996491 0.5898721
354.4201764 0.5892307
354.4407036 0.5954277
354.4612309 0.5957652
354.4817481 0.5967140
354.5022754 0.5992838
354.5228026 0.6014260
354.5433299 0.6010849
354.5638571 0.6036353
354.5843844 0.6063964
354.6049016 0.6053380
354.6254289 0.6065973
354.6459561 0.6096743
354.6664834 0.6079024
354.6870107 0.6094927
354.7075379 0.6111540
354.7280552 0.6093697
354.7485824 0.6095671
354.7691097 0.6123524
354.7896369 0.6101079
354.8101342 0.6146253
354.8306515 0.6099169
354.8511787 0.6094367
354.8717060 0.6092614
354.8922333 0.6070926
354.9127605 0.6070678
354.9332878 0.6052600
354.9537751 0.6052889
354.9743023 0.6068444
354.9948296 0.6031534
355.0153569 0.6039505
355.0358542 0.6020313
355.0563814 0.6008422
355.0768987 0.5980262
355.0974260 0.5980982
355.1179232 0.5973894
355.1384505 0.5950381
355.1589778 0.5943054
355.1794951 0.5938121
355.1999923 0.5927855
355.2205196 0.5916611
355.2410469 0.5892230
355.2615442 0.5915777
355.2820714 0.5868260
355.3025887 0.5873645
355.3230860 0.5853043
355.3436133 0.5838644
355.3641406 0.5834561
355.3846379 0.5826191
355.4051551 0.5816138
355.4256524 0.5799568
355.4461797 0.5811281
355.4667070 0.5807116
355.4872043 0.5782333
355.5077216 0.5788655
355.5282189 0.5791579
355.5487461 0.5783367
355.5692434 0.5770056
355.5897707 0.5762622
355.6102580 0.5754853
355.6307853 0.5754955
355.6512826 0.5751860
355.6718099 0.5764120
355.6923072 0.5758446
355.7128345 0.5752212
355.7333218 0.5779771
355.7538491 0.5770610
355.7743464 0.5755932
355.7948736 0.5748278
355.8153709 0.5752357
355.8358583 0.5754971
355.8563855 0.5739745
355.8768829 0.5749260
355.8974101 0.5770709
355.9179074 0.5747222
355.9383948 0.5761304
355.9589220 0.5753913
355.9794194 0.5748596
355.9999167 0.5740203
356.0204440 0.5770217
356.0409313 0.5763067
356.0614286 0.5744042
356.0819559 0.5753884
356.1024532 0.5746978
356.1229505 0.5745364
356.1434678 0.5749021
356.1639651 0.5737036
356.1844624 0.5758670
356.2049597 0.5738343
356.2254870 0.5744664
356.2459744 0.5741641
356.2664717 0.5735154
356.2869690 0.5754789
356.3074663 0.5733046
356.3279936 0.5725672
356.3484809 0.5710106
356.3689783 0.5720081
356.3894756 0.5726933
356.4099729 0.5729417
356.4304602 0.5726445
356.4509875 0.5730672
356.4714848 0.5739669
356.4919822 0.5734380
356.5124795 0.5737026
356.5329668 0.5731261
356.5534641 0.5727152
356.5739615 0.5739609
356.5944588 0.5749345
356.6149561 0.5747691
356.6354435 0.5762088
356.6559408 0.5788167
356.6764381 0.5790693
356.6969354 0.5795440
356.7174228 0.5805414
356.7379201 0.5811434
356.7584174 0.5829123
356.7789148 0.5828824
356.7994121 0.5851077
356.8198994 0.5873557
356.8403968 0.5890073
356.8608941 0.5913952
356.8813914 0.5927472
356.9018788 0.5959540
356.9223761 0.5982174
356.9428734 0.6010735
356.9633708 0.6044692
356.9838681 0.6070930
357.0043554 0.6075779
357.0248528 0.6110426
357.0453201 0.6138683
357.0658175 0.6169416
357.0863048 0.6206075
357.1068021 0.6232269
357.1272995 0.6274895
357.1477968 0.6306057
357.1682542 0.6338972
357.1887515 0.6377192
357.2092489 0.6413109
357.2297462 0.6432984
357.2502436 0.6468569
357.2707009 0.6503515
357.2911983 0.6526723
357.3116956 0.6562046
357.3321930 0.6610937
357.3526503 0.6626365
357.3731477 0.6666805
357.3936450 0.6708950
357.4141124 0.6741525
357.4345997 0.6768197
357.4550971 0.6810590
357.4755645 0.6831477
357.4960618 0.6866033
357.5165592 0.6883257
357.5370165 0.6916490
357.5575139 0.6939933
357.5780112 0.6975724
357.5984786 0.7005901
357.6189660 0.7010469
357.6394333 0.7050118
357.6599307 0.7070077
357.6804280 0.7103937
357.7008854 0.7102890
357.7213828 0.7130803
357.7418501 0.7118170
357.7623475 0.7159782
357.7828049 0.7150038
357.8033022 0.7179349
357.8237696 0.7181164
357.8442670 0.7194779
357.8647244 0.7200129
357.8852217 0.7209122
357.9056891 0.7199212
357.9261865 0.7193578
357.9466438 0.7193438
357.9671412 0.7195716
357.9876086 0.7176769
358.0080760 0.7160803
358.0285633 0.7151120
358.0490307 0.7131097
358.0695281 0.7111921
358.0899955 0.7099602
358.1104528 0.7062050
358.1309502 0.7030343
358.1514176 0.6998938
358.1718850 0.6972024
358.1923724 0.6921784
358.2128397 0.6880156
358.2333071 0.6856542
358.2538045 0.6806446
358.2742619 0.6769600
358.2947293 0.6734233
358.3152267 0.6707011
358.3356940 0.6663153
358.3561514 0.6615704
358.3766188 0.6577813
358.3971162 0.6543640
358.4175836 0.6483424
358.4380410 0.6438509
358.4585084 0.6400149
358.4789758 0.6343314
358.4994732 0.6300429
358.5199306 0.6226249
358.5403980 0.6158559
358.5608653 0.6070217
358.5813327 0.5965057
358.6017901 0.5843557
358.6222875 0.5697188
358.6427549 0.5503739
358.6632223 0.5298387
358.6836797 0.5068713
358.7041471 0.4783413
358.7246145 0.4496270
358.7450719 0.4179195
358.7655393 0.3871281
358.7860067 0.3534774
358.8064741 0.3220154
358.8269315 0.2902563
358.8474289 0.2603393
358.8678963 0.2335052
358.8883637 0.2082752
358.9088212 0.1851916
358.9292886 0.1644899
358.9497560 0.1472901
358.9702134 0.1320699
358.9906508 0.1188558
359.0111182 0.1077859
359.0315856 0.0979860
359.0520430 0.0889845
359.0725104 0.0822498
359.0929779 0.0766486
359.1134453 0.0716047
359.1339027 0.0677570
359.1543701 0.0640289
359.1748375 0.0611021
359.1952949 0.0591431
359.2157324 0.0566346
359.2361998 0.0545000
359.2566672 0.0528842
359.2771246 0.0514840
359.2975920 0.0501656
359.3180594 0.0494104
359.3384869 0.0482102
359.3589543 0.0472414
359.3794217 0.0462895
359.3998891 0.0458599
359.4203465 0.0462223
359.4407840 0.0457913
359.4612514 0.0452214
359.4817188 0.0448542
359.5021763 0.0451656
359.5226137 0.0450725
359.5430811 0.0450017
359.5635385 0.0445312
359.5839760 0.0440649
359.6044434 0.0431664
359.6249108 0.0433701
359.6453383 0.0431232
359.6658057 0.0430034
359.6862731 0.0423139
359.7067006 0.0423891
359.7271680 0.0423505
359.7476354 0.0424200
359.7680629 0.0421689
359.7885303 0.0415807
359.8089678 0.0416470
359.8294352 0.0414683
359.8498626 0.0417197
359.8703301 0.0422285
359.8907975 0.0424627
359.9112250 0.0424787
359.9316924 0.0424594
359.9521298 0.0422577
359.9725973 0.0419861
359.9930247 0.0417330
360.0134922 0.0418591
360.0339296 0.0419418
360.0543871 0.0421123
360.0748245 0.0422800
360.0952620 0.0427121
360.1157194 0.0425520
360.1361569 0.0425872
360.1566243 0.0427600
360.1770618 0.0426517
360.1975192 0.0423448
360.2179567 0.0425288
360.2383941 0.0424397
360.2588516 0.0426182
360.2792890 0.0419530
360.2997265 0.0420591
360.3201839 0.0419194
360.3406214 0.0420462
360.3610589 0.0420686
360.3815263 0.0427913
360.4019538 0.0425224
360.4223912 0.0424161
360.4428587 0.0421296
360.4632862 0.0420385
360.4837236 0.0415899
360.5041611 0.0422015
360.5246186 0.0423198
360.5450560 0.0423612
360.5654935 0.0420603
360.5859210 0.0415767
360.6063884 0.0414534
360.6268259 0.0417805
360.6472633 0.0415937
360.6676908 0.0417124
360.6881283 0.0417884
360.7085957 0.0419260
360.7290232 0.0419207
360.7494607 0.0417249
360.7698982 0.0411333
360.7903256 0.0415782
360.8107631 0.0416987
360.8312006 0.0418752
360.8516281 0.0417242
360.8720656 0.0419770
360.8925330 0.0414224
360.9129605 0.0415749
360.9333980 0.0419940
360.9538354 0.0418387
360.9742629 0.0414937
360.9947004 0.0415213
361.0151379 0.0413485
361.0355654 0.0409520
361.0560029 0.0411046
361.0764403 0.0411328
361.0968778 0.0415052
361.1173053 0.0413118
361.1377428 0.0407109
361.1581803 0.0408382
361.1786078 0.0407542
