# wl 	 tx
277.6056936 0.0007595
277.6268283 0.0007578
277.6479931 0.0007558
277.6691278 0.0007562
277.6902926 0.0007563
277.7114274 0.0007390
277.7325821 0.0007497
277.7537169 0.0007509
277.7748816 0.0007501
277.7960164 0.0007440
277.8171811 0.0007473
277.8383159 0.0007522
277.8594807 0.0007600
277.8806154 0.0007588
277.9017802 0.0007451
277.9229050 0.0007447
277.9440697 0.0007445
277.9652045 0.0007289
277.9863692 0.0007285
278.0075040 0.0007161
278.0286388 0.0007130
278.0498035 0.0007041
278.0709383 0.0006957
278.0921031 0.0006880
278.1132278 0.0006877
278.1343926 0.0006748
278.1555274 0.0006821
278.1766622 0.0006771
278.1978269 0.0006664
278.2189617 0.0006681
278.2400965 0.0006653
278.2612612 0.0006589
278.2823960 0.0006561
278.3035508 0.0006596
278.3246856 0.0006437
278.3458203 0.0006528
278.3669851 0.0006554
278.3881199 0.0006573
278.4092547 0.0006500
278.4304194 0.0006472
278.4515542 0.0006530
278.4726890 0.0006551
278.4938138 0.0006593
278.5149786 0.0006628
278.5361134 0.0006646
278.5572482 0.0006475
278.5784129 0.0006480
278.5995477 0.0006439
278.6206825 0.0006495
278.6418173 0.0006534
278.6629821 0.0006601
278.6841069 0.0006624
278.7052417 0.0006470
278.7263764 0.0006527
278.7475412 0.0006522
278.7686760 0.0006523
278.7898108 0.0006538
278.8109456 0.0006503
278.8320804 0.0006507
278.8532352 0.0006516
278.8743700 0.0006588
278.8955048 0.0006456
278.9166396 0.0006460
278.9377744 0.0006349
278.9589092 0.0006483
278.9800740 0.0006535
279.0012088 0.0006587
279.0223336 0.0006580
279.0434684 0.0006522
279.0646032 0.0006764
279.0857380 0.0006687
279.1068728 0.0006762
279.1280376 0.0006698
279.1491724 0.0006739
279.1703072 0.0006814
279.1914320 0.0006737
279.2125668 0.0006712
279.2337016 0.0006687
279.2548364 0.0006837
279.2759712 0.0006743
279.2971060 0.0006735
279.3182408 0.0006712
279.3393756 0.0006766
279.3605005 0.0006670
279.3816353 0.0006681
279.4027701 0.0006722
279.4239049 0.0006703
279.4450397 0.0006622
279.4661745 0.0006736
279.4873093 0.0006741
279.5084342 0.0006709
279.5295690 0.0006684
279.5507038 0.0006622
279.5718386 0.0006759
279.5929734 0.0006725
279.6141083 0.0006771
279.6352431 0.0006825
279.6563779 0.0006754
279.6775027 0.0006779
279.6986375 0.0006678
279.7197724 0.0006672
279.7409072 0.0006660
279.7620420 0.0006725
279.7831768 0.0006678
279.8043116 0.0006673
279.8254365 0.0006710
279.8465713 0.0006592
279.8677061 0.0006577
279.8888110 0.0006530
279.9099458 0.0006636
279.9310806 0.0006634
279.9522155 0.0006580
279.9733403 0.0006692
279.9944751 0.0006636
280.0156099 0.0006531
280.0367148 0.0006571
280.0578496 0.0006666
280.0789845 0.0006649
280.1001193 0.0006674
280.1212541 0.0006671
280.1423790 0.0006709
280.1634838 0.0006657
280.1846186 0.0006744
280.2057535 0.0006742
280.2268883 0.0006773
280.2480232 0.0006785
280.2691180 0.0006755
280.2902529 0.0006723
280.3113877 0.0006735
280.3325225 0.0006653
280.3536274 0.0006631
280.3747622 0.0006607
280.3958971 0.0006784
280.4170319 0.0006667
280.4381268 0.0006738
280.4592616 0.0006722
280.4803965 0.0006802
280.5015013 0.0006760
280.5226362 0.0006736
280.5437710 0.0006726
280.5648659 0.0006790
280.5860007 0.0006789
280.6071356 0.0006742
280.6282704 0.0006743
280.6493753 0.0006781
280.6705101 0.0006785
280.6916150 0.0006719
280.7127399 0.0006779
280.7338747 0.0006778
280.7549796 0.0006785
280.7761144 0.0006770
280.7972493 0.0006734
280.8183541 0.0006722
280.8394890 0.0006675
280.8605839 0.0006664
280.8817187 0.0006768
280.9028536 0.0006729
280.9239585 0.0006769
280.9450933 0.0006722
280.9661982 0.0006771
280.9873231 0.0006738
281.0084279 0.0006792
281.0295628 0.0006761
281.0506976 0.0006738
281.0718025 0.0006806
281.0929374 0.0006716
281.1140323 0.0006714
281.1351671 0.0006645
281.1562720 0.0006654
281.1774069 0.0006702
281.1985118 0.0006716
281.2196466 0.0006816
281.2407515 0.0006674
281.2618764 0.0006709
281.2829813 0.0006762
281.3041161 0.0006592
281.3252210 0.0006620
281.3463259 0.0006638
281.3674608 0.0006629
281.3885557 0.0006628
281.4096905 0.0006706
281.4307954 0.0006604
281.4519303 0.0006708
281.4730352 0.0006706
281.4941401 0.0006699
281.5152649 0.0006744
281.5363698 0.0006662
281.5575047 0.0006760
281.5786096 0.0006693
281.5997145 0.0006751
281.6208494 0.0006802
281.6419443 0.0006749
281.6630492 0.0006724
281.6841840 0.0006749
281.7052889 0.0006757
281.7263938 0.0006836
281.7475287 0.0006761
281.7686236 0.0006737
281.7897285 0.0006672
281.8108634 0.0006746
281.8319683 0.0006702
281.8530732 0.0006621
281.8742081 0.0006719
281.8953030 0.0006649
281.9164079 0.0006708
281.9375128 0.0006674
281.9586477 0.0006707
281.9797526 0.0006706
282.0008575 0.0006801
282.0219524 0.0006730
282.0430873 0.0006739
282.0641922 0.0006717
282.0852971 0.0006774
282.1064020 0.0006738
282.1275369 0.0006758
282.1486318 0.0006766
282.1697367 0.0006815
282.1908416 0.0006774
282.2119465 0.0006799
282.2330814 0.0006708
282.2541863 0.0006852
282.2752812 0.0006813
282.2963862 0.0006778
282.3174911 0.0006786
282.3385960 0.0006905
282.3597309 0.0006842
282.3808358 0.0006875
282.4019307 0.0006834
282.4230356 0.0006806
282.4441406 0.0006780
282.4652455 0.0006855
282.4863504 0.0006888
282.5074453 0.0006909
282.5285502 0.0006823
282.5496851 0.0006850
282.5707901 0.0006751
282.5918950 0.0006843
282.6129999 0.0006816
282.6340948 0.0006803
282.6551997 0.0006830
282.6763047 0.0006862
282.6974096 0.0006842
282.7185145 0.0006788
282.7396094 0.0006844
282.7607144 0.0006849
282.7818193 0.0006786
282.8029242 0.0006849
282.8240292 0.0006890
282.8451341 0.0006765
282.8662290 0.0006762
282.8873339 0.0006727
282.9084389 0.0006849
282.9295438 0.0006806
282.9506487 0.0006864
282.9717437 0.0006776
282.9928486 0.0006832
283.0139535 0.0006844
283.0350585 0.0006912
283.0561634 0.0007009
283.0772683 0.0006945
283.0983333 0.0006932
283.1194382 0.0006948
283.1405432 0.0006899
283.1616481 0.0006953
283.1827531 0.0006934
283.2038480 0.0006945
283.2249529 0.0006988
283.2460579 0.0006905
283.2671628 0.0006926
283.2882378 0.0006971
283.3093327 0.0007008
283.3304377 0.0007064
283.3515426 0.0007111
283.3726475 0.0007069
283.3937525 0.0007023
283.4148175 0.0007059
283.4359224 0.0007080
283.4570274 0.0007067
283.4781323 0.0007129
283.4992372 0.0007119
283.5203022 0.0007272
283.5414072 0.0007267
283.5625121 0.0007304
283.5836171 0.0007321
283.6047220 0.0007286
283.6257870 0.0007519
283.6468919 0.0007428
283.6679969 0.0007460
283.6890719 0.0007457
283.7101768 0.0007527
283.7312818 0.0007455
283.7523767 0.0007558
283.7734517 0.0007555
283.7945567 0.0007605
283.8156616 0.0007675
283.8367266 0.0007697
283.8578315 0.0007726
283.8789365 0.0007731
283.9000115 0.0007819
283.9211164 0.0007792
283.9422214 0.0007916
283.9632864 0.0008013
283.9843913 0.0007946
284.0054963 0.0008001
284.0265713 0.0008076
284.0476663 0.0008177
284.0687712 0.0008238
284.0898462 0.0008321
284.1109512 0.0008459
284.1320261 0.0008553
284.1531211 0.0008699
284.1742261 0.0008801
284.1953011 0.0008961
284.2164060 0.0009141
284.2374810 0.0009359
284.2585760 0.0009604
284.2796510 0.0009862
284.3007559 0.0010020
284.3218309 0.0010394
284.3429359 0.0010735
284.3640309 0.0011150
284.3851059 0.0011579
284.4062108 0.0012126
284.4272858 0.0012700
284.4483908 0.0013308
284.4694558 0.0014203
284.4905608 0.0014922
284.5116358 0.0015887
284.5327108 0.0016923
284.5538158 0.0018177
284.5748808 0.0019322
284.5959857 0.0020775
284.6170607 0.0022151
284.6381657 0.0023737
284.6592307 0.0025675
284.6803357 0.0027818
284.7014107 0.0029873
284.7224857 0.0032240
284.7435907 0.0034599
284.7646557 0.0037212
284.7857607 0.0040360
284.8068357 0.0043353
284.8279107 0.0047089
284.8490156 0.0050670
284.8700807 0.0054415
284.8911557 0.0058066
284.9122607 0.0062306
284.9333357 0.0066897
284.9544007 0.0071753
284.9755057 0.0076122
284.9965807 0.0080601
285.0176557 0.0085134
285.0387607 0.0090174
285.0598257 0.0094182
285.0809007 0.0098460
285.1020057 0.0102724
285.1230807 0.0107553
285.1441457 0.0112348
285.1652507 0.0118344
285.1863257 0.0123900
285.2074007 0.0128273
285.2284757 0.0132782
285.2495707 0.0137381
285.2706458 0.0142871
285.2917208 0.0148604
285.3127958 0.0155422
285.3338608 0.0161979
285.3549658 0.0167675
285.3760408 0.0172151
285.3971159 0.0176692
285.4181909 0.0180452
285.4392559 0.0185997
285.4603609 0.0192719
285.4814359 0.0201727
285.5025109 0.0210494
285.5235760 0.0217875
285.5446510 0.0225083
285.5657260 0.0233318
285.5868310 0.0241524
285.6079060 0.0251037
285.6289711 0.0263108
285.6500461 0.0279202
285.6711211 0.0298628
285.6921962 0.0305221
285.7132612 0.0307314
285.7343362 0.0308459
285.7554113 0.0310215
285.7764863 0.0312201
285.7975813 0.0315129
285.8186563 0.0316691
285.8397314 0.0318011
285.8608064 0.0320174
285.8818814 0.0321062
285.9029465 0.0322077
285.9240215 0.0321803
285.9450965 0.0323018
285.9661716 0.0322649
285.9872366 0.0322770
286.0083116 0.0323012
286.0293867 0.0323332
286.0504617 0.0322610
286.0715268 0.0320421
286.0926018 0.0318828
286.1136768 0.0319906
286.1347519 0.0319996
286.1558169 0.0319211
286.1768920 0.0319655
286.1979670 0.0322252
286.2190421 0.0324078
286.2401171 0.0323889
286.2611522 0.0322697
286.2822272 0.0324099
286.3033023 0.0325568
286.3243773 0.0325523
286.3454423 0.0323271
286.3665174 0.0323421
286.3875924 0.0323832
286.4086675 0.0324172
286.4297325 0.0324200
286.4507776 0.0325375
286.4718527 0.0325642
286.4929277 0.0323307
286.5139928 0.0319718
286.5350678 0.0318702
286.5561429 0.0318838
286.5772179 0.0318083
286.5982530 0.0316436
286.6193281 0.0318269
286.6404031 0.0321077
286.6614782 0.0321690
286.6825432 0.0321510
286.7035883 0.0320851
286.7246634 0.0320555
286.7457384 0.0324477
286.7668035 0.0328901
286.7878485 0.0333615
286.8089236 0.0336992
286.8299987 0.0338699
286.8510637 0.0340931
286.8721088 0.0343645
286.8931839 0.0346029
286.9142589 0.0348775
286.9352940 0.0351709
286.9563691 0.0352397
286.9774441 0.0349823
286.9985192 0.0347308
287.0195543 0.0343338
287.0406294 0.0339089
287.0617044 0.0337320
287.0827495 0.0331127
287.1038146 0.0212659
287.1248897 0.0208395
287.1459347 0.0206298
287.1670098 0.0205876
287.1880449 0.0205298
287.2091200 0.0205942
287.2301950 0.0206370
287.2512401 0.0206886
287.2723052 0.0208154
287.2933503 0.0208615
287.3144254 0.0209906
287.3355005 0.0211772
287.3565356 0.0211643
287.3776106 0.0210341
287.3986557 0.0207646
287.4197308 0.0205412
287.4407659 0.0207037
287.4618410 0.0207583
287.4828861 0.0205778
287.5039611 0.0204414
287.5250262 0.0203778
287.5460713 0.0204583
287.5671464 0.0204019
287.5881815 0.0203770
287.6092566 0.0203790
287.6303017 0.0203737
287.6513468 0.0205601
287.6724119 0.0206187
287.6934570 0.0207933
287.7145321 0.0209569
287.7355772 0.0210689
287.7566423 0.0209792
287.7776874 0.0210204
287.7987625 0.0209891
287.8198076 0.0209839
287.8408427 0.0210023
287.8619178 0.0210464
287.8829629 0.0212053
287.9040380 0.0214155
287.9250731 0.0215828
287.9461182 0.0215760
287.9671933 0.0216398
287.9882284 0.0214749
288.0093035 0.0213434
288.0303486 0.0214337
288.0513937 0.0216880
288.0724588 0.0218529
288.0935039 0.0217647
288.1145490 0.0216196
288.1356241 0.0216096
288.1566593 0.0214471
288.1777044 0.0213161
288.1987495 0.0212965
288.2198146 0.0214071
288.2408597 0.0213272
288.2619048 0.0209573
288.2829799 0.0207238
288.3040151 0.0205297
288.3250602 0.0203946
288.3461053 0.0202700
288.3671804 0.0200806
288.3882155 0.0199666
288.4092607 0.0197194
288.4303058 0.0195163
288.4513709 0.0193047
288.4724160 0.0190670
288.4934611 0.0188102
288.5145063 0.0185193
288.5355414 0.0181626
288.5565865 0.0178605
288.5776616 0.0177601
288.5987068 0.0176262
288.6197419 0.0174043
288.6407870 0.0171669
288.6618321 0.0170216
288.6828673 0.0168626
288.7039424 0.0165967
288.7249875 0.0163708
288.7460327 0.0161815
288.7670678 0.0160586
288.7881129 0.0158896
288.8091581 0.0156616
288.8301932 0.0152776
288.8512383 0.0149700
288.8722835 0.0147980
288.8933286 0.0146105
288.9143937 0.0145123
288.9354389 0.0144307
288.9564840 0.0143892
288.9775192 0.0142670
288.9985643 0.0140437
289.0196094 0.0139087
289.0406546 0.0138243
289.0616897 0.0136713
289.0827349 0.0136357
289.1037800 0.0134951
289.1248152 0.0134037
289.1458603 0.0133152
289.1669054 0.0132437
289.1879506 0.0132473
289.2089857 0.0130768
289.2300309 0.0129620
289.2510760 0.0128111
289.2721112 0.0127707
289.2931263 0.0127759
289.3141715 0.0127162
289.3352166 0.0127128
289.3562518 0.0127391
289.3772969 0.0126467
289.3983421 0.0126621
289.4193773 0.0125672
289.4404224 0.0125019
289.4614676 0.0124503
289.4825127 0.0124605
289.5035179 0.0124023
289.5245630 0.0122849
289.5456082 0.0122239
289.5666434 0.0121786
289.5876885 0.0119699
289.6087337 0.0117796
289.6297688 0.0116182
289.6507840 0.0115601
289.6718292 0.0115485
289.6928743 0.0114485
289.7139095 0.0112739
289.7349546 0.0111344
289.7559698 0.0110015
289.7770050 0.0108656
289.7980502 0.0107368
289.8190953 0.0106414
289.8401005 0.0106662
289.8611457 0.0106539
289.8821908 0.0105667
289.9032360 0.0104154
289.9242412 0.0102340
289.9452864 0.0099369
289.9663315 0.0096869
289.9873667 0.0095225
290.0083819 0.0093920
290.0294270 0.0092726
290.0504622 0.0091248
290.0714774 0.0089188
290.0925226 0.0087396
290.1135677 0.0085564
290.1345729 0.0083425
290.1556181 0.0081708
290.1766633 0.0080238
290.1976685 0.0078985
290.2187137 0.0077270
290.2397588 0.0076023
290.2607640 0.0074336
290.2818092 0.0072839
290.3028244 0.0071850
290.3238596 0.0070491
290.3449048 0.0069347
290.3659200 0.0067800
290.3869651 0.0066134
290.4079703 0.0064177
290.4290155 0.0062339
290.4500307 0.0060180
290.4710659 0.0058356
290.4920811 0.0057167
290.5131263 0.0055711
290.5341615 0.0054113
290.5551767 0.0052004
290.5762219 0.0049974
290.5972271 0.0048258
290.6182723 0.0046572
290.6392875 0.0045348
290.6603326 0.0044408
290.6813379 0.0042974
290.7023830 0.0042101
290.7233982 0.0041066
290.7444035 0.0039766
290.7654486 0.0038712
290.7864639 0.0037411
290.8074991 0.0036283
290.8285143 0.0034826
290.8495595 0.0033515
290.8705647 0.0032478
290.8915799 0.0031429
290.9126251 0.0030543
290.9336303 0.0029448
290.9546755 0.0028423
290.9756907 0.0027496
290.9966959 0.0026532
291.0177411 0.0025851
291.0387563 0.0025215
291.0597616 0.0024346
291.0808067 0.0023652
291.1018220 0.0022797
291.1228272 0.0021956
291.1438724 0.0021092
291.1648876 0.0020478
291.1858928 0.0020078
291.2069380 0.0019842
291.2279533 0.0019224
291.2489685 0.0018024
291.2700037 0.0016847
291.2910189 0.0015540
291.3120341 0.0014351
291.3330394 0.0013281
291.3540846 0.0012358
291.3750998 0.0011636
291.3961050 0.0011030
291.4171202 0.0010666
291.4381655 0.0010295
291.4591707 0.0010085
291.4801859 0.0009893
291.5012011 0.0009863
291.5222064 0.0009762
291.5432516 0.0009653
291.5642668 0.0009629
291.5852721 0.0009620
291.6062873 0.0009612
291.6273025 0.0009635
291.6483078 0.0009569
291.6693230 0.0009509
291.6903682 0.0009470
291.7113734 0.0009356
291.7323887 0.0009408
291.7534039 0.0009359
291.7744092 0.0009182
291.7954244 0.0009129
291.8164396 0.0009067
291.8374449 0.0009064
291.8584601 0.0009081
291.8795053 0.0008986
291.9005106 0.0009042
291.9215258 0.0008953
291.9425411 0.0008994
291.9635463 0.0008976
291.9845615 0.0008900
292.0055768 0.0009029
292.0265820 0.0008985
292.0475973 0.0009030
292.0686125 0.0009004
292.0896178 0.0008970
292.1106330 0.0008950
292.1316483 0.0008909
292.1526535 0.0008943
292.1736688 0.0008978
292.1946840 0.0008893
292.2156893 0.0008805
292.2367045 0.0008783
292.2577198 0.0008708
292.2787250 0.0008646
292.2997103 0.0008636
292.3207255 0.0008630
292.3417308 0.0008491
292.3627461 0.0008523
292.3837513 0.0008493
292.4047666 0.0008564
292.4257818 0.0008449
292.4467871 0.0008457
292.4678023 0.0008476
292.4888176 0.0008549
292.5097929 0.0008521
292.5308081 0.0008458
292.5518234 0.0008432
292.5728286 0.0008377
292.5938439 0.0008306
292.6148592 0.0008329
292.6358345 0.0008340
292.6568497 0.0008323
292.6778650 0.0008324
292.6988702 0.0008275
292.7198855 0.0008169
292.7408708 0.0008120
292.7618761 0.0008052
292.7828913 0.0008169
292.8039066 0.0008028
292.8248819 0.0008003
292.8458971 0.0007980
292.8669024 0.0007962
292.8879177 0.0008000
292.9089030 0.0008016
292.9299082 0.0007978
292.9509235 0.0007935
292.9719088 0.0007947
292.9929141 0.0008032
293.0139293 0.0008033
293.0349446 0.0008137
293.0559199 0.0008096
293.0769352 0.0008033
293.0979205 0.0007954
293.1189258 0.0007825
293.1399410 0.0007816
293.1609163 0.0007857
293.1819316 0.0007885
293.2029469 0.0007815
293.2239222 0.0007803
293.2449375 0.0007787
293.2659228 0.0007836
293.2869280 0.0007824
293.3079433 0.0007873
293.3289286 0.0007796
293.3499339 0.0007820
293.3709192 0.0007794
293.3919345 0.0007733
293.4129098 0.0007828
293.4339251 0.0007873
293.4549304 0.0007870
293.4759157 0.0007801
293.4969309 0.0007878
293.5179063 0.0007875
293.5389215 0.0007861
293.5599068 0.0007809
293.5809121 0.0007819
293.6018974 0.0007924
293.6229127 0.0007919
293.6438880 0.0007968
293.6648734 0.0007912
293.6858786 0.0007986
293.7068640 0.0007875
293.7278792 0.0007870
293.7488546 0.0007878
293.7698699 0.0007902
293.7908552 0.0007971
293.8118605 0.0008004
293.8328458 0.0007929
293.8538211 0.0007892
293.8748364 0.0007832
293.8958217 0.0007783
293.9167970 0.0007753
293.9378123 0.0007800
293.9587976 0.0007839
293.9798029 0.0007766
294.0007883 0.0007748
294.0217736 0.0007697
294.0427789 0.0007723
294.0637642 0.0007729
294.0847395 0.0007779
294.1057248 0.0007811
294.1267401 0.0007800
294.1477155 0.0007762
294.1687008 0.0007756
294.1897161 0.0007734
294.2106914 0.0007777
294.2316768 0.0007697
294.2526521 0.0007661
294.2736674 0.0007654
294.2946527 0.0007677
294.3156280 0.0007678
294.3366134 0.0007704
294.3576287 0.0007652
294.3786040 0.0007636
294.3995893 0.0007624
294.4205647 0.0007572
294.4415500 0.0007544
294.4625653 0.0007561
294.4835407 0.0007628
294.5045260 0.0007669
294.5255013 0.0007652
294.5464867 0.0007598
294.5674720 0.0007620
294.5884773 0.0007502
294.6094626 0.0007567
294.6304480 0.0007599
294.6514233 0.0007605
294.6724087 0.0007557
294.6933840 0.0007556
294.7143693 0.0007534
294.7353547 0.0007604
294.7563300 0.0007543
294.7773154 0.0007528
294.7983207 0.0007558
294.8193060 0.0007525
294.8402914 0.0007595
294.8612667 0.0007528
294.8822520 0.0007507
294.9032374 0.0007508
294.9242127 0.0007448
294.9451981 0.0007454
294.9661734 0.0007379
294.9871588 0.0007451
295.0081441 0.0007406
295.0291195 0.0007496
295.0501048 0.0007585
295.0710802 0.0007584
295.0920655 0.0007625
295.1130509 0.0007652
295.1340262 0.0007678
295.1550116 0.0007647
295.1759570 0.0007639
295.1969423 0.0007618
295.2179277 0.0007671
295.2389030 0.0007643
295.2598884 0.0007729
295.2808637 0.0007561
295.3018491 0.0007525
295.3228344 0.0007450
295.3438098 0.0007382
295.3647951 0.0007481
295.3857405 0.0007470
295.4067259 0.0007475
295.4277112 0.0007452
295.4486866 0.0007390
295.4696720 0.0007410
295.4906473 0.0007345
295.5116027 0.0007349
295.5325881 0.0007409
295.5535634 0.0007658
295.5745488 0.0007502
295.5955242 0.0007567
295.6164795 0.0007493
295.6374649 0.0007444
295.6584403 0.0007382
295.6794256 0.0007303
295.7003710 0.0007292
295.7213564 0.0007354
295.7423418 0.0007343
295.7633171 0.0007279
295.7842725 0.0007199
295.8052479 0.0007123
295.8262333 0.0007131
295.8471886 0.0007102
295.8681640 0.0007117
295.8891494 0.0007181
295.9100948 0.0007147
295.9310802 0.0007174
295.9520655 0.0007170
295.9730109 0.0007143
295.9939963 0.0007152
296.0149717 0.0007206
296.0359271 0.0007215
296.0569124 0.0007242
296.0778878 0.0007222
296.0988432 0.0007231
296.1198186 0.0007228
296.1407740 0.0007198
296.1617494 0.0007178
296.1827348 0.0007171
296.2036902 0.0007254
296.2246655 0.0007214
296.2456209 0.0007253
296.2665963 0.0007145
296.2875517 0.0007112
296.3085371 0.0007056
296.3294825 0.0007036
296.3504679 0.0007051
296.3714133 0.0007057
296.3923987 0.0007100
296.4133441 0.0007141
296.4343295 0.0007149
296.4552849 0.0007074
296.4762603 0.0007174
296.4972157 0.0007049
296.5181911 0.0007096
296.5391465 0.0007058
296.5601319 0.0007105
296.5810773 0.0007083
296.6020627 0.0007139
296.6230081 0.0007155
296.6439635 0.0007172
296.6649389 0.0007135
296.6858943 0.0007116
296.7068797 0.0007118
296.7278251 0.0007119
296.7487805 0.0007116
296.7697559 0.0007181
296.7907114 0.0007220
296.8116568 0.0007154
296.8326422 0.0007086
296.8535976 0.0007052
296.8745430 0.0007033
296.8955284 0.0007088
296.9164738 0.0007094
296.9374292 0.0007144
296.9584146 0.0007029
296.9793601 0.0007002
297.0003155 0.0006981
297.0212909 0.0006892
297.0422463 0.0006934
297.0631917 0.0006957
297.0841472 0.0006907
297.1051326 0.0006896
297.1260780 0.0006889
297.1470334 0.0006837
297.1679789 0.0006774
297.1889643 0.0006872
297.2099097 0.0006876
297.2308651 0.0006885
297.2518106 0.0006899
297.2727660 0.0006855
297.2937514 0.0006935
297.3146968 0.0006947
297.3356523 0.0007035
297.3565977 0.0006986
297.3775531 0.0006893
297.3984986 0.0006929
297.4194540 0.0006869
297.4404394 0.0006839
297.4613848 0.0006856
297.4823403 0.0006781
297.5032857 0.0006767
297.5242411 0.0006822
297.5451866 0.0006814
297.5661420 0.0006776
297.5870975 0.0006771
297.6080429 0.0006754
297.6289983 0.0006730
297.6499438 0.0006776
297.6708992 0.0006700
297.6918746 0.0006752
297.7128301 0.0006758
297.7337755 0.0006825
297.7547310 0.0006808
297.7756864 0.0006800
297.7966319 0.0006824
297.8175873 0.0006819
297.8385328 0.0006821
297.8594882 0.0006801
297.8804337 0.0006843
297.9013591 0.0006747
297.9223046 0.0006826
297.9432600 0.0006795
297.9642155 0.0006769
297.9851609 0.0006766
298.0061164 0.0006801
298.0270618 0.0006802
298.0480173 0.0006790
298.0689627 0.0006811
298.0899182 0.0006777
298.1108636 0.0006814
298.1318191 0.0006751
298.1527446 0.0006709
298.1736900 0.0006780
298.1946455 0.0006796
298.2155909 0.0006776
298.2365464 0.0006745
298.2574918 0.0006705
298.2784473 0.0006729
298.2993628 0.0006690
298.3203182 0.0006628
298.3412637 0.0006712
298.3622192 0.0006788
298.3831746 0.0006761
298.4040901 0.0006739
298.4250456 0.0006730
298.4459910 0.0006676
298.4669465 0.0006615
298.4878620 0.0006634
298.5088174 0.0006612
298.5297629 0.0006604
298.5507184 0.0006652
298.5716338 0.0006598
298.5925893 0.0006626
298.6135448 0.0006681
298.6344603 0.0006704
298.6554157 0.0006741
298.6763612 0.0006750
298.6972867 0.0006675
298.7182322 0.0006681
298.7391876 0.0006782
298.7601031 0.0006825
298.7810586 0.0006764
298.8020041 0.0006664
298.8229296 0.0006634
298.8438850 0.0006652
298.8648305 0.0006681
298.8857560 0.0006736
298.9067015 0.0006640
298.9276270 0.0006569
298.9485725 0.0006609
298.9694979 0.0006623
298.9904434 0.0006562
299.0113989 0.0006575
299.0323144 0.0006593
299.0532699 0.0006626
299.0741854 0.0006587
299.0951409 0.0006534
299.1160564 0.0006532
299.1370118 0.0006630
299.1579373 0.0006557
299.1788828 0.0006619
299.1998083 0.0006595
299.2207538 0.0006511
299.2416793 0.0006467
299.2626248 0.0006419
299.2835503 0.0006428
299.3044958 0.0006499
299.3254213 0.0006547
299.3463668 0.0006640
299.3672923 0.0006581
299.3882078 0.0006534
299.4091633 0.0006539
299.4300788 0.0006503
299.4510343 0.0006521
299.4719498 0.0006575
299.4928753 0.0006578
299.5138308 0.0006566
299.5347463 0.0006496
299.5556718 0.0006488
299.5766173 0.0006436
299.5975428 0.0006429
299.6184584 0.0006415
299.6394139 0.0006457
299.6603294 0.0006473
299.6812549 0.0006444
299.7022004 0.0006421
299.7231259 0.0006404
299.7440414 0.0006393
299.7649969 0.0006381
299.7859124 0.0006390
299.8068380 0.0006475
299.8277535 0.0006473
299.8487090 0.0006476
299.8696245 0.0006506
299.8905500 0.0006451
299.9114656 0.0006425
299.9324211 0.0006454
299.9533366 0.0006405
299.9742621 0.0006376
299.9951776 0.0006359
300.0161032 0.0006328
300.0370587 0.0006358
300.0579742 0.0006352
300.0788997 0.0006295
300.0998153 0.0006302
300.1207408 0.0006320
300.1416563 0.0006332
300.1626118 0.0006284
300.1835273 0.0006325
300.2044529 0.0006289
300.2253684 0.0006330
300.2462939 0.0006310
300.2672095 0.0006306
300.2881350 0.0006353
300.3090505 0.0006380
300.3299761 0.0006369
300.3508916 0.0006430
300.3718171 0.0006381
300.3927327 0.0006297
300.4136882 0.0006320
300.4346037 0.0006324
300.4555293 0.0006358
300.4764448 0.0006412
300.4973704 0.0006405
300.5182859 0.0006342
300.5392114 0.0006374
300.5601270 0.0006298
300.5810525 0.0006355
300.6019681 0.0006336
300.6228936 0.0006331
300.6437792 0.0006327
300.6647047 0.0006413
300.6856203 0.0006423
300.7065458 0.0006426
300.7274613 0.0006471
300.7483869 0.0006569
300.7693024 0.0006576
300.7902280 0.0006570
300.8111435 0.0006613
300.8320691 0.0006641
300.8529846 0.0006588
300.8738802 0.0006565
300.8947958 0.0006630
300.9157213 0.0006597
300.9366369 0.0006588
300.9575624 0.0006624
300.9784780 0.0006541
300.9994035 0.0006486
301.0202891 0.0006460
301.0412146 0.0006387
301.0621302 0.0006397
301.0830557 0.0006489
301.1039713 0.0006409
301.1248669 0.0006395
301.1457824 0.0006374
301.1667080 0.0006350
301.1876236 0.0006349
301.2085191 0.0006396
301.2294347 0.0006389
301.2503602 0.0006489
301.2712758 0.0006495
301.2921714 0.0006560
301.3130870 0.0006487
301.3340125 0.0006455
301.3548981 0.0006389
301.3758237 0.0006410
301.3967392 0.0006395
301.4176348 0.0006442
301.4385504 0.0006438
301.4594759 0.0006387
301.4803615 0.0006381
301.5012871 0.0006274
301.5222027 0.0006283
301.5430982 0.0006296
301.5640138 0.0006300
301.5848994 0.0006348
301.6058250 0.0006324
301.6267505 0.0006334
301.6476361 0.0006342
301.6685517 0.0006348
301.6894473 0.0006323
301.7103629 0.0006334
301.7312884 0.0006327
301.7521740 0.0006340
301.7730996 0.0006338
301.7939852 0.0006387
301.8149108 0.0006325
301.8357964 0.0006391
301.8567220 0.0006370
301.8776076 0.0006388
301.8985331 0.0006433
301.9194187 0.0006415
301.9403443 0.0006420
301.9612299 0.0006365
301.9821555 0.0006305
302.0030411 0.0006344
302.0239367 0.0006292
302.0448523 0.0006323
302.0657479 0.0006303
302.0866635 0.0006215
302.1075591 0.0006303
302.1284447 0.0006298
302.1493603 0.0006300
302.1702559 0.0006255
302.1911714 0.0006202
302.2120670 0.0006243
302.2329527 0.0006225
302.2538782 0.0006287
302.2747639 0.0006280
302.2956595 0.0006235
302.3165751 0.0006333
302.3374707 0.0006351
302.3583563 0.0006300
302.3792819 0.0006327
302.4001675 0.0006334
302.4210631 0.0006294
302.4419787 0.0006348
302.4628743 0.0006370
302.4837599 0.0006379
302.5046455 0.0006326
302.5255711 0.0006320
302.5464567 0.0006271
302.5673523 0.0006314
302.5882380 0.0006411
302.6091636 0.0006352
302.6300492 0.0006366
302.6509448 0.0006345
302.6718304 0.0006301
302.6927260 0.0006286
302.7136416 0.0006254
302.7345373 0.0006284
302.7554229 0.0006294
302.7763185 0.0006285
302.7972041 0.0006252
302.8180897 0.0006224
302.8389854 0.0006215
302.8599010 0.0006249
302.8807966 0.0006202
302.9016822 0.0006289
302.9225778 0.0006261
302.9434635 0.0006304
302.9643591 0.0006309
302.9852447 0.0006443
303.0061404 0.0006465
303.0270260 0.0006440
303.0479116 0.0006411
303.0688072 0.0006391
303.0896929 0.0006371
303.1105885 0.0006365
303.1314741 0.0006352
303.1523698 0.0006372
303.1732554 0.0006319
303.1941510 0.0006332
303.2150367 0.0006336
303.2359323 0.0006355
303.2568179 0.0006267
303.2777036 0.0006303
303.2985992 0.0006335
303.3194849 0.0006337
303.3403805 0.0006244
303.3612661 0.0006276
303.3821618 0.0006357
303.4030474 0.0006377
303.4239430 0.0006382
303.4448287 0.0006391
303.4657243 0.0006356
303.4866100 0.0006389
303.5074656 0.0006363
303.5283613 0.0006364
303.5492469 0.0006408
303.5701426 0.0006433
303.5910282 0.0006464
303.6119238 0.0006470
303.6328095 0.0006435
303.6536752 0.0006428
303.6745608 0.0006464
303.6954465 0.0006566
303.7163421 0.0006502
303.7372278 0.0006495
303.7580934 0.0006538
303.7789791 0.0006506
303.7998747 0.0006562
303.8207604 0.0006480
303.8416260 0.0006566
303.8625117 0.0006558
303.8833973 0.0006539
303.9042930 0.0006586
303.9251487 0.0006558
303.9460443 0.0006588
303.9669300 0.0006550
303.9877957 0.0006482
304.0086813 0.0006467
304.0295770 0.0006561
304.0504626 0.0006555
304.0713183 0.0006591
304.0922140 0.0006570
304.1130696 0.0006534
304.1339653 0.0006599
304.1548510 0.0006508
304.1757166 0.0006578
304.1966023 0.0006490
304.2174880 0.0006515
304.2383536 0.0006485
304.2592393 0.0006536
304.2801050 0.0006553
304.3009907 0.0006512
304.3218563 0.0006563
304.3427420 0.0006629
304.3636277 0.0006545
304.3844934 0.0006526
304.4053790 0.0006611
304.4262447 0.0006656
304.4471304 0.0006702
304.4679961 0.0006678
304.4888817 0.0006630
304.5097374 0.0006589
304.5306331 0.0006598
304.5514888 0.0006651
304.5723844 0.0006699
304.5932401 0.0006657
304.6141358 0.0006700
304.6349915 0.0006716
304.6558472 0.0006670
304.6767429 0.0006727
304.6975986 0.0006711
304.7184942 0.0006704
304.7393499 0.0006705
304.7602456 0.0006793
304.7811013 0.0006777
304.8019570 0.0006806
304.8228527 0.0006831
304.8437084 0.0006803
304.8645741 0.0006805
304.8854598 0.0006755
304.9063155 0.0006841
304.9271812 0.0006784
304.9480669 0.0006805
304.9689326 0.0006830
304.9897883 0.0006935
305.0106839 0.0006924
305.0315396 0.0006993
305.0523954 0.0006970
305.0732611 0.0007003
305.0941467 0.0006938
305.1150124 0.0006967
305.1358682 0.0006925
305.1567638 0.0007004
305.1776195 0.0007002
305.1984753 0.0007013
305.2193410 0.0007050
305.2401967 0.0006968
305.2610924 0.0006963
305.2819481 0.0006924
305.3028038 0.0006869
305.3236695 0.0006929
305.3445252 0.0006973
305.3653909 0.0006937
305.3862766 0.0006888
305.4071323 0.0006916
305.4279980 0.0006899
305.4488538 0.0006955
305.4697195 0.0006988
305.4905752 0.0007007
305.5114309 0.0007064
305.5322966 0.0007081
305.5531823 0.0007101
305.5740480 0.0007051
305.5949038 0.0007056
305.6157695 0.0006998
305.6366252 0.0006926
305.6574809 0.0006947
305.6783466 0.0006932
305.6992024 0.0006944
305.7200681 0.0006994
305.7409238 0.0006911
305.7617795 0.0006883
305.7826453 0.0006876
305.8035010 0.0006875
305.8243667 0.0006931
305.8452224 0.0006936
305.8660782 0.0006931
305.8869439 0.0006967
305.9077996 0.0006945
305.9286653 0.0006949
305.9495211 0.0007023
305.9703768 0.0006923
305.9912425 0.0007009
306.0120683 0.0007095
306.0329340 0.0007096
306.0537898 0.0007093
306.0746455 0.0007017
306.0955112 0.0006999
306.1163670 0.0007076
306.1372327 0.0007090
306.1580884 0.0007190
306.1789142 0.0007147
306.1997799 0.0007145
306.2206357 0.0007096
306.2415014 0.0007086
306.2623571 0.0007163
306.2832129 0.0007049
306.3040486 0.0007067
306.3249044 0.0007072
306.3457601 0.0007149
306.3666258 0.0007189
306.3874516 0.0007256
306.4083173 0.0007211
306.4291731 0.0007332
306.4500288 0.0007309
306.4708646 0.0007427
306.4917203 0.0007413
306.5125861 0.0007429
306.5334418 0.0007444
306.5542676 0.0007442
306.5751333 0.0007473
306.5959891 0.0007459
306.6168149 0.0007474
306.6376806 0.0007505
306.6585363 0.0007397
306.6793721 0.0007365
306.7002279 0.0007288
306.7210836 0.0007263
306.7419194 0.0007308
306.7627751 0.0007353
306.7836109 0.0007410
306.8044667 0.0007290
306.8253224 0.0007389
306.8461582 0.0007372
306.8670139 0.0007356
306.8878397 0.0007399
306.9087055 0.0007443
306.9295313 0.0007498
306.9503970 0.0007537
306.9712228 0.0007513
306.9920785 0.0007521
307.0129443 0.0007523
307.0337701 0.0007511
307.0546358 0.0007452
307.0754616 0.0007533
307.0962874 0.0007541
307.1171532 0.0007468
307.1379789 0.0007462
307.1588347 0.0007396
307.1796705 0.0007364
307.2005262 0.0007440
307.2213520 0.0007326
307.2422178 0.0007445
307.2630436 0.0007470
307.2838794 0.0007509
307.3047351 0.0007445
307.3255609 0.0007510
307.3464267 0.0007556
307.3672525 0.0007542
307.3880783 0.0007565
307.4089440 0.0007651
307.4297698 0.0007577
307.4506056 0.0007653
307.4714614 0.0007660
307.4922872 0.0007623
307.5131230 0.0007691
307.5339787 0.0007754
307.5548045 0.0007745
307.5756403 0.0007755
307.5964961 0.0007757
307.6173319 0.0007729
307.6381577 0.0007716
307.6589835 0.0007668
307.6798493 0.0007696
307.7006751 0.0007696
307.7215009 0.0007697
307.7423367 0.0007705
307.7631924 0.0007765
307.7840182 0.0007737
307.8048540 0.0007798
307.8256798 0.0007767
307.8465056 0.0007740
307.8673714 0.0007755
307.8881972 0.0007719
307.9090330 0.0007758
307.9298588 0.0007756
307.9506846 0.0007787
307.9715204 0.0007818
307.9923462 0.0007827
308.0132020 0.0007886
308.0340378 0.0007896
308.0548636 0.0007893
308.0756894 0.0007915
308.0965252 0.0007950
308.1173511 0.0008002
308.1381769 0.0008018
308.1590127 0.0008032
308.1798385 0.0008004
308.2006743 0.0007982
308.2215001 0.0008052
308.2423259 0.0008038
308.2631617 0.0008000
308.2839875 0.0008014
308.3048134 0.0008085
308.3256492 0.0008045
308.3464750 0.0008078
308.3673008 0.0008057
308.3881366 0.0007989
308.4089624 0.0008069
308.4297883 0.0008012
308.4506241 0.0007993
308.4714499 0.0008052
308.4922757 0.0008029
308.5131115 0.0008059
308.5339373 0.0008017
308.5547632 0.0008075
308.5755990 0.0008117
308.5964248 0.0008121
308.6172207 0.0008179
308.6380565 0.0008146
308.6588823 0.0008282
308.6797181 0.0008306
308.7005439 0.0008304
308.7213698 0.0008320
308.7421756 0.0008277
308.7630014 0.0008220
308.7838273 0.0008198
308.8046631 0.0008272
308.8254889 0.0008209
308.8462848 0.0008200
308.8671206 0.0008191
308.8879464 0.0008205
308.9087723 0.0008196
308.9296081 0.0008216
308.9504039 0.0008261
308.9712298 0.0008223
308.9920656 0.0008172
309.0128615 0.0008316
309.0336873 0.0008266
309.0545231 0.0008334
309.0753490 0.0008397
309.0961448 0.0008394
309.1169806 0.0008387
309.1378065 0.0008422
309.1586023 0.0008345
309.1794382 0.0008369
309.2002640 0.0008417
309.2210599 0.0008534
309.2418957 0.0008505
309.2626916 0.0008690
309.2835174 0.0008568
309.3043533 0.0008671
309.3251491 0.0008634
309.3459750 0.0008669
309.3667808 0.0008700
309.3876067 0.0008724
309.4084325 0.0008819
309.4292384 0.0008729
309.4500642 0.0008737
309.4708601 0.0008734
309.4916959 0.0008738
309.5124918 0.0008746
309.5333176 0.0008765
309.5541235 0.0008773
309.5749494 0.0008801
309.5957452 0.0008844
309.6165811 0.0008771
309.6373769 0.0008726
309.6582028 0.0008741
309.6789987 0.0008702
309.6998045 0.0008784
309.7206304 0.0008803
309.7414263 0.0008873
309.7622621 0.0008869
309.7830580 0.0008864
309.8038838 0.0008831
309.8246897 0.0008899
309.8454856 0.0008895
309.8663115 0.0008798
309.8871173 0.0008782
309.9079132 0.0008806
309.9287391 0.0008807
309.9495449 0.0008759
309.9703408 0.0008834
309.9911667 0.0008784
310.0119726 0.0008768
310.0327684 0.0008804
310.0535943 0.0008775
310.0744002 0.0008847
310.0951961 0.0008840
310.1160219 0.0008943
310.1368178 0.0008868
310.1576237 0.0008952
310.1784196 0.0008903
310.1992454 0.0008939
310.2200513 0.0008930
310.2408472 0.0008993
310.2616431 0.0009022
310.2824490 0.0009037
310.3032749 0.0009036
310.3240708 0.0009083
310.3448766 0.0009107
310.3656725 0.0009127
310.3864684 0.0009187
310.4072643 0.0009218
310.4281002 0.0009147
310.4488961 0.0009251
310.4696920 0.0009310
310.4904979 0.0009293
310.5112938 0.0009275
310.5320896 0.0009344
310.5528955 0.0009265
310.5736914 0.0009346
310.5944873 0.0009440
310.6153232 0.0009563
310.6361191 0.0009498
310.6569150 0.0009641
310.6777109 0.0009658
310.6985168 0.0009670
310.7193127 0.0009656
310.7401086 0.0009688
310.7609145 0.0009706
310.7817104 0.0009699
310.8025063 0.0009770
310.8233122 0.0009666
310.8441081 0.0009763
310.8649040 0.0009701
310.8856999 0.0009639
310.9065058 0.0009546
310.9273017 0.0009595
310.9480677 0.0009541
310.9688736 0.0009574
310.9896695 0.0009708
311.0104654 0.0009546
311.0312613 0.0009654
311.0520672 0.0009676
311.0728631 0.0009613
311.0936590 0.0009701
311.1144649 0.0009722
311.1352308 0.0009719
311.1560268 0.0009823
311.1768327 0.0009858
311.1976286 0.0009818
311.2184245 0.0009842
311.2392204 0.0009850
311.2599963 0.0009770
311.2807923 0.0009800
311.3015882 0.0009700
311.3223941 0.0009779
311.3431900 0.0009766
311.3639559 0.0009728
311.3847519 0.0009734
311.4055578 0.0009732
311.4263537 0.0009711
311.4471196 0.0009714
311.4679256 0.0009746
311.4887215 0.0009762
311.5094874 0.0009818
311.5302833 0.0009722
311.5510893 0.0009870
311.5718552 0.0009879
311.5926511 0.0009926
311.6134570 0.0009908
311.6342230 0.0009815
311.6550189 0.0009986
311.6758148 0.0009961
311.6965908 0.0009972
311.7173867 0.0010028
311.7381826 0.0010018
311.7589486 0.0010107
311.7797545 0.0010016
311.8005205 0.0010162
311.8213164 0.0010213
311.8420923 0.0010319
311.8628883 0.0010210
311.8836842 0.0010224
311.9044502 0.0010289
311.9252561 0.0010221
311.9460221 0.0010259
311.9668180 0.0010213
311.9875939 0.0010295
312.0083899 0.0010381
312.0291558 0.0010439
312.0499518 0.0010359
312.0707277 0.0010459
312.0915237 0.0010422
312.1122896 0.0010530
312.1330556 0.0010530
312.1538615 0.0010648
312.1746275 0.0010678
312.1954234 0.0010641
312.2161894 0.0010676
312.2369953 0.0010768
312.2577613 0.0010651
312.2785272 0.0010788
312.2993332 0.0010679
312.3200991 0.0010685
312.3408651 0.0010609
312.3616610 0.0010593
312.3824370 0.0010562
312.4032030 0.0010679
312.4239989 0.0010631
312.4447649 0.0010677
312.4655409 0.0010720
312.4863368 0.0010609
312.5071028 0.0010686
312.5278687 0.0010731
312.5486747 0.0010731
312.5694407 0.0010714
312.5902066 0.0010723
312.6109726 0.0010846
312.6317786 0.0010758
312.6525445 0.0010775
312.6733105 0.0010748
312.6940865 0.0010733
312.7148524 0.0010853
312.7356484 0.0010775
312.7564144 0.0010786
312.7771903 0.0010732
312.7979563 0.0010777
312.8187223 0.0010626
312.8394883 0.0010689
312.8602942 0.0010601
312.8810602 0.0010693
312.9018262 0.0010715
312.9225922 0.0010701
312.9433681 0.0010669
312.9641341 0.0010591
312.9849001 0.0010586
313.0056661 0.0010669
313.0264421 0.0010662
313.0472081 0.0010779
313.0680040 0.0010747
313.0887700 0.0010900
313.1095460 0.0010821
313.1303120 0.0010946
313.1510780 0.0010932
313.1718440 0.0010965
313.1926199 0.0010919
313.2133859 0.0010961
313.2341519 0.0011002
313.2549179 0.0010999
313.2756939 0.0010958
313.2964599 0.0010961
313.3171959 0.0011041
313.3379619 0.0010936
313.3587379 0.0010962
313.3795039 0.0010948
313.4002699 0.0010958
313.4210359 0.0010964
313.4418118 0.0010970
313.4625778 0.0011001
313.4833438 0.0011028
313.5041098 0.0011116
313.5248858 0.0011078
313.5456218 0.0011054
313.5663878 0.0011109
313.5871538 0.0011211
313.6079198 0.0011193
313.6286958 0.0011146
313.6494618 0.0011228
313.6701978 0.0011383
313.6909639 0.0011340
313.7117398 0.0011353
313.7325058 0.0011399
313.7532419 0.0011463
313.7740079 0.0011517
313.7947839 0.0011397
313.8155499 0.0011503
313.8362859 0.0011611
313.8570519 0.0011565
313.8778279 0.0011519
313.8985939 0.0011529
313.9193299 0.0011556
313.9400960 0.0011569
313.9608620 0.0011611
313.9816080 0.0011630
314.0023740 0.0011731
314.0231400 0.0011615
314.0438760 0.0011628
314.0646520 0.0011633
314.0854181 0.0011720
314.1061541 0.0011697
314.1269201 0.0011638
314.1476561 0.0011678
314.1684321 0.0011712
314.1891982 0.0011782
314.2099342 0.0011766
314.2307002 0.0011792
314.2514462 0.0011901
314.2722123 0.0011952
314.2929483 0.0011854
314.3137143 0.0012051
314.3344504 0.0012047
314.3552264 0.0012082
314.3759624 0.0012128
314.3967284 0.0012048
314.4174645 0.0012068
314.4382405 0.0012031
314.4589765 0.0012067
314.4797426 0.0012134
314.5004786 0.0012107
314.5212446 0.0012120
314.5419907 0.0012203
314.5627567 0.0012129
314.5834927 0.0012261
314.6042288 0.0012171
314.6250048 0.0012170
314.6457409 0.0012201
314.6665069 0.0012272
314.6872429 0.0012169
314.7079790 0.0012361
314.7287550 0.0012377
314.7494911 0.0012585
314.7702271 0.0012569
314.7909931 0.0012609
314.8117292 0.0012701
314.8324752 0.0012806
314.8532413 0.0012828
314.8739773 0.0012827
314.8947134 0.0013013
314.9154594 0.0013023
314.9362255 0.0013059
314.9569615 0.0013132
314.9776976 0.0013176
314.9984336 0.0013179
315.0192097 0.0013201
315.0399457 0.0013122
315.0606818 0.0013245
315.0814178 0.0013087
315.1021839 0.0013196
315.1229299 0.0013241
315.1436660 0.0013128
315.1644021 0.0013268
315.1851381 0.0013174
315.2058742 0.0013333
315.2266502 0.0013433
315.2473863 0.0013432
315.2681223 0.0013366
315.2888584 0.0013379
315.3095945 0.0013375
315.3303405 0.0013513
315.3510766 0.0013364
315.3718127 0.0013416
315.3925487 0.0013563
315.4132848 0.0013573
315.4340608 0.0013689
315.4547969 0.0013697
315.4755330 0.0013610
315.4962691 0.0013699
315.5170051 0.0013631
315.5377512 0.0013576
315.5584873 0.0013598
315.5792233 0.0013690
315.5999594 0.0013656
315.6206955 0.0013694
315.6414416 0.0013673
315.6621776 0.0013699
315.6829137 0.0013685
315.7036198 0.0013797
315.7243559 0.0013768
315.7451019 0.0013866
315.7658380 0.0013940
315.7865741 0.0013918
315.8073102 0.0014035
315.8280463 0.0014101
315.8487923 0.0014089
315.8695284 0.0014223
315.8902645 0.0014253
315.9109706 0.0014358
315.9317067 0.0014404
315.9524428 0.0014374
315.9731888 0.0014391
315.9939249 0.0014493
316.0146310 0.0014556
316.0353671 0.0014587
316.0561032 0.0014673
316.0768493 0.0014673
316.0975854 0.0014755
316.1182915 0.0014754
316.1390276 0.0014686
316.1597637 0.0014865
316.1804997 0.0014827
316.2012158 0.0014884
316.2219519 0.0014913
316.2426880 0.0015052
316.2633941 0.0015135
316.2841302 0.0015138
316.3048763 0.0015165
316.3256124 0.0015211
316.3463185 0.0015256
316.3670546 0.0015321
316.3877907 0.0015440
316.4084968 0.0015464
316.4292429 0.0015568
316.4499490 0.0015442
316.4706851 0.0015495
316.4914212 0.0015543
316.5121273 0.0015587
316.5328634 0.0015496
316.5535796 0.0015619
316.5743157 0.0015542
316.5950218 0.0015703
316.6157579 0.0015623
316.6364940 0.0015737
316.6572101 0.0015866
316.6779462 0.0016032
316.6986523 0.0016059
316.7193884 0.0016165
316.7400945 0.0016063
316.7608306 0.0016279
316.7815468 0.0016320
316.8022829 0.0016557
316.8229890 0.0016802
316.8436951 0.0016671
316.8644312 0.0016679
316.8851374 0.0016839
316.9058835 0.0016909
316.9265896 0.0016719
316.9473257 0.0016623
316.9680318 0.0016684
316.9887380 0.0016845
317.0094741 0.0016780
317.0301802 0.0016867
317.0509263 0.0017026
317.0716324 0.0016994
317.0923386 0.0016988
317.1130747 0.0017030
317.1337808 0.0017207
317.1544870 0.0017299
317.1752031 0.0017326
317.1959392 0.0017348
317.2166453 0.0017497
317.2373515 0.0017665
317.2580876 0.0017643
317.2787937 0.0017675
317.2995099 0.0017690
317.3202160 0.0017898
317.3409521 0.0017918
317.3616583 0.0018063
317.3823644 0.0018207
317.4030706 0.0018226
317.4237767 0.0018180
317.4445228 0.0018233
317.4652290 0.0018283
317.4859351 0.0018498
317.5066413 0.0018525
317.5273474 0.0018427
317.5480535 0.0018669
317.5687997 0.0018757
317.5895058 0.0018907
317.6102120 0.0018861
317.6309181 0.0019008
317.6516243 0.0019176
317.6723304 0.0019244
317.6930366 0.0019269
317.7137527 0.0019502
317.7344588 0.0019683
317.7551650 0.0019673
317.7758712 0.0019722
317.7966073 0.0020101
317.8173134 0.0020351
317.8380296 0.0020464
317.8587357 0.0020569
317.8794419 0.0020793
317.9001480 0.0020712
317.9208542 0.0021031
317.9415604 0.0020968
317.9622365 0.0021349
317.9829427 0.0021491
318.0036588 0.0021667
318.0243650 0.0021834
318.0450712 0.0022082
318.0657773 0.0022437
318.0864835 0.0022864
318.1071896 0.0023131
318.1278958 0.0023574
318.1486120 0.0024039
318.1693181 0.0024603
318.1900243 0.0025196
318.2107005 0.0025955
318.2314066 0.0026315
318.2521128 0.0027163
318.2728190 0.0027780
318.2935351 0.0028478
318.3142413 0.0029201
318.3349175 0.0030065
318.3556236 0.0030964
318.3763298 0.0032126
318.3970360 0.0033275
318.4177122 0.0034456
318.4384183 0.0035519
318.4591345 0.0036809
318.4798407 0.0037919
318.5005169 0.0038953
318.5212230 0.0040092
318.5419292 0.0041204
318.5626354 0.0042607
318.5833116 0.0044076
318.6040277 0.0045489
318.6247339 0.0047058
318.6454101 0.0048880
318.6661163 0.0050648
318.6868225 0.0052606
318.7074987 0.0054816
318.7282048 0.0056939
318.7488810 0.0058782
318.7695972 0.0060593
318.7903034 0.0062785
318.8109796 0.0064783
318.8316858 0.0066634
318.8523620 0.0068783
318.8730682 0.0071299
318.8937743 0.0073518
318.9144505 0.0075969
318.9351567 0.0078381
318.9558429 0.0081562
318.9765491 0.0084327
318.9972253 0.0088523
319.0179315 0.0093010
319.0386077 0.0124852
319.0593139 0.0125375
319.0799901 0.0126555
319.1006963 0.0127384
319.1213825 0.0128049
319.1420887 0.0128653
319.1627649 0.0129165
319.1834411 0.0129603
319.2041473 0.0130018
319.2248235 0.0130374
319.2455297 0.0130689
319.2662059 0.0131056
319.2868821 0.0131470
319.3075983 0.0131843
319.3282745 0.0132316
319.3489507 0.0132772
319.3696569 0.0133204
319.3903331 0.0133623
319.4110094 0.0134052
319.4317156 0.0134332
319.4523918 0.0134530
319.4730680 0.0134758
319.4937842 0.0135000
319.5144604 0.0135245
319.5351366 0.0135598
319.5558428 0.0135790
319.5765190 0.0136027
319.5971953 0.0136154
319.6178715 0.0136153
319.6385477 0.0136192
319.6592539 0.0136244
319.6799301 0.0136372
319.7006163 0.0136630
319.7212926 0.0136986
319.7419988 0.0137241
319.7626750 0.0137416
319.7833512 0.0137302
319.8040275 0.0137299
319.8247037 0.0137184
319.8453799 0.0137217
319.8660561 0.0137402
319.8867623 0.0137673
319.9074486 0.0137840
319.9281248 0.0138187
319.9488010 0.0138323
319.9694773 0.0138383
319.9901535 0.0138087
320.0108297 0.0137974
320.0315060 0.0137961
320.0521822 0.0138080
320.0728584 0.0138197
320.0935347 0.0138560
320.1142209 0.0138564
320.1348971 0.0138828
320.1555734 0.0138740
320.1762496 0.0138650
320.1969258 0.0139073
320.2176021 0.0138847
320.2382783 0.0139050
320.2589545 0.0138602
320.2796308 0.0138388
320.3003070 0.0138427
320.3209833 0.0138418
320.3416695 0.0138526
320.3623457 0.0139018
320.3830220 0.0139977
320.4036682 0.0142545
320.4243445 0.0148374
320.4450207 0.0159307
