# wl 	 %tx
 358.97653  1.64732
 358.99729  1.68447
 359.01802  1.64569
 359.03875  1.63670
 359.05952  1.64227
 359.08025  1.63675
 359.10098  1.64389
 359.12174  1.64809
 359.14247  1.65563
 359.16320  1.66228
 359.18394  1.67124
 359.20470  1.68589
 359.22543  1.70268
 359.24616  1.69463
 359.26689  1.70549
 359.28765  1.70246
 359.30839  1.70317
 359.32912  1.70190
 359.34986  1.70006
 359.37059  1.70447
 359.39135  1.69668
 359.41208  1.69198
 359.43281  1.69836
 359.45355  1.67921
 359.47428  1.66415
 359.49501  1.36384
 359.51577  0.98847
 359.53650  1.00772
 359.55723  0.98491
 359.57796  0.96304
 359.59870  0.95373
 359.61943  0.93777
 359.64016  0.91892
 359.66089  0.89280
 359.68165  0.87419
 359.70238  0.86706
 359.72312  0.87269
 359.74385  0.88601
 359.76458  0.90356
 359.78531  0.88558
 359.80604  0.87303
 359.82677  0.85136
 359.84750  0.85186
 359.86824  0.84995
 359.88897  0.83808
 359.90970  0.82234
 359.93043  0.83710
 359.95116  0.84117
 359.97189  0.81109
 359.99262  0.79755
 360.01336  0.81650
 360.03409  0.82948
 360.05482  0.83265
 360.07555  0.83462
 360.09628  0.86695
 360.11701  0.88239
 360.13774  0.83653
 360.15848  0.82300
 360.17921  0.83533
 360.19994  0.86992
 360.22067  0.83423
 360.24137  0.81334
 360.26210  0.83038
 360.28283  0.84381
 360.30357  0.85687
 360.32430  0.85275
 360.34503  0.85160
 360.36576  0.85155
 360.38649  0.84964
 360.40719  0.85003
 360.42792  0.85828
 360.44865  0.85431
 360.46939  0.84770
 360.49012  0.83809
 360.51083  0.82083
 360.53156  0.79955
 360.55229  0.79735
 360.57302  0.80715
 360.59375  0.81958
 360.61446  0.82149
 360.63519  0.80858
 360.65592  0.80602
 360.67665  0.79820
 360.69735  0.79992
 360.71808  0.79076
 360.73881  0.77344
 360.75954  0.76950
 360.78025  0.79437
 360.80098  0.81472
 360.82171  0.82240
 360.84241  0.81581
 360.86314  0.81563
 360.88387  0.81503
 360.90457  0.81081
 360.92530  0.80770
 360.94604  0.80425
 360.96674  0.80588
 360.98747  0.80678
 361.00820  0.81911
 361.02890  0.83059
 361.04963  0.82326
 361.07036  0.82561
 361.09106  0.83997
 361.11180  0.87162
 361.13250  0.87693
 361.15323  0.86548
 361.17396  0.85927
 361.19466  0.87780
 361.21539  0.88700
 361.23609  0.86102
 361.25682  0.84529
 361.27753  0.85163
 361.29826  0.84249
 361.31896  0.82376
 361.33969  0.82298
 361.36039  0.80575
 361.38112  0.78353
 361.40182  0.78457
 361.42255  0.77840
 361.44325  0.75905
 361.46399  0.74155
 361.48470  0.72725
 361.50543  0.72181
 361.52613  0.72204
 361.54686  0.72573
 361.56756  0.72404
 361.58829  0.73334
 361.60899  0.74308
 361.62970  0.74109
 361.65043  0.73486
 361.67113  0.75228
 361.69186  0.77620
 361.71256  0.77846
 361.73326  0.77593
 361.75399  0.76391
 361.77469  0.75489
 361.79539  0.73335
 361.81613  0.72439
 361.83683  0.71859
 361.85753  0.71670
 361.87826  0.72620
 361.89896  0.73235
 361.91966  0.73160
 361.94039  0.72777
 361.96109  0.74321
 361.98179  0.73913
 362.00253  0.71742
 362.02323  0.71140
 362.04393  0.71169
 362.06463  0.69885
 362.08536  0.68954
 362.10606  0.68158
 362.12676  0.68010
 362.14746  0.67605
 362.16819  0.67583
 362.18889  0.66918
 362.20960  0.65633
 362.23030  0.65599
 362.25100  0.66530
 362.27173  0.66618
 362.29243  0.67425
 362.31313  0.67644
 362.33383  0.68473
 362.35454  0.68456
 362.37527  0.68762
 362.39597  0.67364
 362.41668  0.67037
 362.43738  0.66191
 362.45808  0.65619
 362.47878  0.65418
 362.49948  0.66045
 362.52018  0.68025
 362.54091  0.67129
 362.56161  0.66317
 362.58231  0.65673
 362.60301  0.65719
 362.62372  0.66198
 362.64442  0.66250
 362.66512  0.66307
 362.68582  0.66461
 362.70652  0.66450
 362.72722  0.66492
 362.74792  0.67411
 362.76862  0.66812
 362.78932  0.67435
 362.81002  0.67938
 362.83072  0.67679
 362.85143  0.66483
 362.87213  0.65765
 362.89283  0.67367
 362.91353  0.68092
 362.93423  0.65998
 362.95493  0.62051
 362.97563  0.59746
 362.99633  0.59298
 363.01703  0.59230
 363.03773  0.57358
 363.05843  0.54233
 363.07911  0.53254
 363.09981  0.53823
 363.12051  0.53530
 363.14121  0.53676
 363.16192  0.53062
 363.18262  0.52579
 363.20332  0.52999
 363.22402  0.53330
 363.24469  0.54983
 363.26539  0.55761
 363.28609  0.56790
 363.30679  0.57257
 363.32750  0.58057
 363.34820  0.57665
 363.36887  0.57284
 363.38957  0.57279
 363.41027  0.58911
 363.43097  0.59369
 363.45164  0.58532
 363.47234  0.58217
 363.49304  0.58520
 363.51374  0.57976
 363.53441  0.56754
 363.55511  0.55109
 363.57582  0.54405
 363.59652  0.55013
 363.61719  0.56181
 363.63789  0.55859
 363.65859  0.56277
 363.67926  0.57108
 363.69996  0.56747
 363.72066  0.57504
 363.74133  0.57184
 363.76203  0.57602
 363.78273  0.58245
 363.80340  0.58462
 363.82410  0.58982
 363.84480  0.59119
 363.86548  0.58227
 363.88619  0.57846
 363.90689  0.57091
 363.92756  0.57995
 363.94826  0.57967
 363.96893  0.59038
 363.98963  0.59097
 364.01030  0.57556
 364.03100  0.56913
 364.05170  0.55846
 364.07237  0.56331
 364.09307  0.55668
 364.11374  0.55846
 364.13444  0.55829
 364.15512  0.55209
 364.17582  0.54767
 364.19649  0.55201
 364.21719  0.54801
 364.23786  0.55049
 364.25856  0.55055
 364.27923  0.55599
 364.29993  0.56298
 364.32060  0.56273
 364.34130  0.57827
 364.36197  0.57830
 364.38264  0.56852
 364.40334  0.55129
 364.42401  0.55773
 364.44471  0.55319
 364.46538  0.55261
 364.48609  0.54439
 364.50676  0.53343
 364.52743  0.53090
 364.54813  0.53412
 364.56881  0.53403
 364.58948  0.52840
 364.61018  0.52937
 364.63085  0.52442
 364.65152  0.52480
 364.67222  0.51478
 364.69289  0.51340
 364.71356  0.49967
 364.73426  0.50356
 364.75493  0.50077
 364.77560  0.50066
 364.79630  0.49908
 364.81697  0.49979
 364.83765  0.49696
 364.85832  0.50393
 364.87902  0.50538
 364.89969  0.50168
 364.92036  0.50057
 364.94103  0.49533
 364.96173  0.48917
 364.98240  0.48297
 365.00307  0.47923
 365.02374  0.47630
 365.04444  0.48387
 365.06511  0.48824
 365.08578  0.48443
 365.10645  0.47649
 365.12712  0.46812
 365.14779  0.46721
 365.16849  0.46865
 365.18916  0.47686
 365.20984  0.47436
 365.23051  0.47065
 365.25119  0.45991
 365.27186  0.45662
 365.29253  0.44865
 365.31320  0.45767
 365.33390  0.45508
 365.35457  0.45667
 365.37524  0.45213
 365.39591  0.45979
 365.41658  0.46524
 365.43725  0.47336
 365.45792  0.47738
 365.47859  0.47855
 365.49926  0.47722
 365.51993  0.47167
 365.54060  0.46787
 365.56127  0.46147
 365.58194  0.46012
 365.60261  0.45725
 365.62328  0.45614
 365.64395  0.44983
 365.66462  0.44537
 365.68529  0.44221
 365.70596  0.43954
 365.72663  0.44094
 365.74731  0.44597
 365.76798  0.44683
 365.78865  0.44245
 365.80933  0.44346
 365.82997  0.43697
 365.85064  0.43111
 365.87131  0.42614
 365.89198  0.42883
 365.91265  0.42461
 365.93332  0.42240
 365.95399  0.42048
 365.97466  0.42513
 365.99530  0.42907
 366.01597  0.42930
 366.03664  0.43460
 366.05731  0.43774
 366.07798  0.44766
 366.09865  0.44946
 366.11929  0.45541
 366.13996  0.45512
 366.16063  0.45554
 366.18130  0.45459
 366.20197  0.45592
 366.22261  0.45414
 366.24328  0.45048
 366.26395  0.44528
 366.28462  0.44090
 366.30526  0.43997
 366.32593  0.43422
 366.34660  0.43962
 366.36724  0.43662
 366.38792  0.44556
 366.40859  0.44375
 366.42927  0.44537
 366.44991  0.43596
 366.47058  0.43005
 366.49125  0.42677
 366.51189  0.42937
 366.53256  0.43314
 366.55323  0.43203
 366.57387  0.43598
 366.59454  0.43398
 366.61518  0.43232
 366.63585  0.42110
 366.65652  0.41495
 366.67716  0.41455
 366.69783  0.42149
 366.71847  0.42199
 366.73914  0.42273
 366.75981  0.41925
 366.78045  0.41371
 366.80112  0.41520
 366.82176  0.41286
 366.84243  0.41246
 366.86307  0.40603
 366.88374  0.40473
 366.90438  0.39686
 366.92505  0.39866
 366.94570  0.39636
 366.96637  0.39844
 366.98701  0.39962
 367.00768  0.39979
 367.02832  0.39720
 367.04899  0.39740
 367.06963  0.40198
 367.09030  0.40148
 367.11094  0.40232
 367.13161  0.39753
 367.15225  0.39476
 367.17289  0.39242
 367.19356  0.39307
 367.21420  0.39540
 367.23487  0.39696
 367.25551  0.39215
 367.27615  0.38303
 367.29682  0.38013
 367.31746  0.37796
 367.33810  0.37607
 367.35877  0.37096
 367.37941  0.37198
 367.40005  0.37270
 367.42072  0.37520
 367.44136  0.37187
 367.46200  0.37249
 367.48268  0.37790
 367.50332  0.37897
 367.52396  0.37801
 367.54463  0.37279
 367.56527  0.37387
 367.58591  0.36992
 367.60655  0.37457
 367.62722  0.37064
 367.64786  0.37004
 367.66850  0.36476
 367.68914  0.36145
 367.70981  0.35663
 367.73045  0.35521
 367.75109  0.35430
 367.77173  0.35350
 367.79237  0.35541
 367.81301  0.35750
 367.83368  0.36248
 367.85432  0.36145
 367.87496  0.36448
 367.89560  0.36219
 367.91624  0.35737
 367.93688  0.35917
 367.95755  0.36168
 367.97819  0.36432
 367.99884  0.36452
 368.01948  0.36377
 368.04012  0.35996
 368.06076  0.35763
 368.08140  0.34714
 368.10204  0.34300
 368.12268  0.34306
 368.14332  0.34773
 368.16396  0.34649
 368.18460  0.34244
 368.20524  0.33824
 368.22588  0.33209
 368.24652  0.33284
 368.26716  0.32913
 368.28780  0.32803
 368.30844  0.32225
 368.32908  0.32225
 368.34972  0.31868
 368.37036  0.32164
 368.39100  0.32014
 368.41164  0.32266
 368.43228  0.32351
 368.45292  0.32340
 368.47356  0.32312
 368.49421  0.32278
 368.51485  0.32718
 368.53549  0.32580
 368.55613  0.32657
 368.57677  0.32148
 368.59738  0.31545
 368.61802  0.31279
 368.63866  0.31000
 368.65930  0.30746
 368.67994  0.30428
 368.70058  0.30673
 368.72122  0.30609
 368.74183  0.30566
 368.76247  0.30185
 368.78311  0.30353
 368.80375  0.30081
 368.82439  0.30439
 368.84500  0.30694
 368.86564  0.30713
 368.88628  0.30669
 368.90692  0.30504
 368.92756  0.30428
 368.94816  0.30249
 368.96881  0.30393
 368.98945  0.30369
 369.01009  0.30370
 369.03070  0.30521
 369.05134  0.30678
 369.07198  0.31046
 369.09259  0.31268
 369.11323  0.31422
 369.13387  0.31192
 369.15448  0.31144
 369.17512  0.30680
 369.19576  0.30679
 369.21637  0.30372
 369.23701  0.30584
 369.25765  0.30404
 369.27826  0.30258
 369.29890  0.30240
 369.31954  0.30345
 369.34015  0.30422
 369.36079  0.30106
 369.38140  0.30255
 369.40204  0.30241
 369.42265  0.30464
 369.44330  0.30067
 369.46394  0.29929
 369.48455  0.29955
 369.50519  0.29973
 369.52580  0.29822
 369.54644  0.29685
 369.56705  0.29679
 369.58769  0.29562
 369.60829  0.29695
 369.62893  0.29427
 369.64954  0.29482
 369.67018  0.28907
 369.69079  0.28913
 369.71143  0.28672
 369.73204  0.28403
 369.75268  0.28595
 369.77329  0.28463
 369.79390  0.28548
 369.81454  0.28159
 369.83515  0.28347
 369.85579  0.28354
 369.87640  0.28670
 369.89702  0.28485
 369.91766  0.28191
 369.93827  0.28323
 369.95891  0.28139
 369.97952  0.28063
 370.00013  0.27721
 370.02077  0.27917
 370.04138  0.27843
 370.06199  0.28135
 370.08263  0.28081
 370.10323  0.28166
 370.12384  0.28040
 370.14448  0.27735
 370.16509  0.27900
 370.18570  0.27617
 370.20631  0.27489
 370.22695  0.27254
 370.24756  0.27334
 370.26817  0.27043
 370.28878  0.27253
 370.30942  0.27511
 370.33004  0.27807
 370.35065  0.28063
 370.37126  0.27832
 370.39187  0.27539
 370.41251  0.27421
 370.43312  0.27688
 370.45373  0.27507
 370.47434  0.27595
 370.49494  0.27754
 370.51558  0.27964
 370.53619  0.28220
 370.55680  0.28348
 370.57741  0.28469
 370.59802  0.28197
 370.61863  0.28161
 370.63924  0.28184
 370.65985  0.28567
 370.68046  0.28181
 370.70110  0.27925
 370.72171  0.27748
 370.74232  0.27622
 370.76294  0.27579
 370.78355  0.27234
 370.80416  0.27752
 370.82477  0.27834
 370.84537  0.28100
 370.86598  0.28063
 370.88659  0.27946
 370.90720  0.27852
 370.92781  0.27922
 370.94842  0.28158
 370.96903  0.28166
 370.98964  0.28561
 371.01025  0.28448
 371.03086  0.28708
 371.05147  0.28670
 371.07208  0.28428
 371.09269  0.27994
 371.11330  0.27794
 371.13388  0.28208
 371.15448  0.28192
 371.17510  0.28152
 371.19571  0.27594
 371.21632  0.27335
 371.23693  0.26917
 371.25754  0.26825
 371.27815  0.26696
 371.29876  0.26947
 371.31934  0.27137
 371.33995  0.27180
 371.36056  0.27428
 371.38117  0.27393
 371.40178  0.27633
 371.42236  0.27362
 371.44296  0.27468
 371.46357  0.27483
 371.48418  0.27998
 371.50479  0.28060
 371.52537  0.27875
 371.54598  0.27798
 371.56659  0.27490
 371.58721  0.27510
 371.60779  0.27234
 371.62840  0.27219
 371.64901  0.27382
 371.66962  0.27106
 371.69020  0.26860
 371.71081  0.26672
 371.73141  0.26903
 371.75199  0.26966
 371.77260  0.27231
 371.79321  0.26835
 371.81379  0.26690
 371.83440  0.26353
 371.85501  0.26553
 371.87559  0.26539
 371.89620  0.26454
 371.91678  0.26438
 371.93739  0.26294
 371.95800  0.26276
 371.97858  0.26238
 371.99919  0.26641
 372.01977  0.26668
 372.04038  0.26988
 372.06096  0.26814
 372.08157  0.26631
 372.10218  0.26503
 372.12276  0.26248
 372.14337  0.26387
 372.16395  0.26105
 372.18456  0.26247
 372.20513  0.26116
 372.22574  0.26075
 372.24632  0.26166
 372.26693  0.26147
 372.28751  0.26474
 372.30812  0.26679
 372.32870  0.26768
 372.34928  0.26267
 372.36990  0.26024
 372.39048  0.25763
 372.41109  0.25738
 372.43166  0.25657
 372.45227  0.25711
 372.47285  0.26039
 372.49343  0.25882
 372.51404  0.25858
 372.53462  0.25648
 372.55520  0.25801
 372.57581  0.25759
 372.59639  0.25877
 372.61697  0.25908
 372.63758  0.25790
 372.65815  0.25916
 372.67873  0.26002
 372.69934  0.26519
 372.71992  0.26632
 372.74050  0.26558
 372.76112  0.26240
 372.78170  0.26107
 372.80228  0.26102
 372.82286  0.26134
 372.84347  0.26213
 372.86404  0.26022
 372.88462  0.26228
 372.90520  0.26136
 372.92581  0.26233
 372.94639  0.26127
 372.96697  0.26189
 372.98755  0.26361
 373.00813  0.26255
 373.02874  0.26424
 373.04931  0.26144
 373.06989  0.26344
 373.09047  0.26357
 373.11105  0.26128
 373.13164  0.25847
 373.15225  0.25633
 373.17283  0.25535
 373.19341  0.25258
 373.21399  0.25426
 373.23456  0.25039
 373.25514  0.25094
 373.27572  0.25336
 373.29630  0.25238
 373.31688  0.25209
 373.33746  0.25099
 373.35804  0.25536
 373.37862  0.25238
 373.39920  0.25591
 373.41977  0.25444
 373.44035  0.25564
 373.46093  0.25548
 373.48151  0.25564
 373.50210  0.25652
 373.52268  0.25336
 373.54326  0.25597
 373.56384  0.25741
 373.58442  0.26028
 373.60499  0.25669
 373.62557  0.25354
 373.64615  0.25311
 373.66673  0.25249
 373.68731  0.25354
 373.70789  0.25211
 373.72847  0.25430
 373.74905  0.25157
 373.76962  0.25207
 373.79020  0.24903
 373.81075  0.24647
 373.83133  0.24631
 373.85191  0.24716
 373.87250  0.24666
 373.89308  0.24622
 373.91366  0.24548
 373.93420  0.24367
 373.95478  0.24450
 373.97536  0.24347
 373.99594  0.24357
 374.01652  0.24247
 374.03707  0.24257
 374.05765  0.24492
 374.07823  0.24402
 374.09880  0.24568
 374.11935  0.24710
 374.13993  0.24574
 374.16051  0.24360
 374.18109  0.24106
 374.20164  0.24119
 374.22223  0.23980
 374.24281  0.24114
 374.26335  0.23858
 374.28393  0.23895
 374.30451  0.23792
 374.32509  0.23832
 374.34564  0.24105
 374.36622  0.24179
 374.38677  0.24154
 374.40734  0.24018
 374.42792  0.24182
 374.44847  0.24073
 374.46905  0.24182
 374.48963  0.24251
 374.51018  0.24059
 374.53076  0.24068
 374.55131  0.23986
 374.57189  0.24384
 374.59244  0.24212
 374.61302  0.24248
 374.63360  0.24269
 374.65415  0.24472
 374.67473  0.24595
 374.69528  0.24619
 374.71585  0.24816
 374.73640  0.24614
 374.75698  0.24603
 374.77753  0.24402
 374.79811  0.24381
 374.81866  0.24670
 374.83924  0.24741
 374.85978  0.24852
 374.88033  0.24423
 374.90091  0.24660
 374.92147  0.24302
 374.94205  0.24145
 374.96260  0.24002
 374.98318  0.24144
 375.00372  0.24273
 375.02427  0.24096
 375.04485  0.24375
 375.06540  0.24315
 375.08595  0.24355
 375.10653  0.24553
 375.12708  0.24600
 375.14762  0.24677
 375.16820  0.24494
 375.18875  0.24722
 375.20930  0.24522
 375.22988  0.24618
 375.25044  0.24716
 375.27098  0.24740
 375.29156  0.24557
 375.31211  0.24464
 375.33266  0.24657
 375.35321  0.24625
 375.37379  0.24665
 375.39434  0.24734
 375.41488  0.24638
 375.43543  0.24366
 375.45601  0.24028
 375.47656  0.24043
 375.49711  0.23739
 375.51766  0.23803
 375.53820  0.23691
 375.55875  0.23868
 375.57934  0.23778
 375.59989  0.23466
 375.62044  0.23501
 375.64099  0.23592
 375.66153  0.23614
 375.68208  0.23603
 375.70263  0.23784
 375.72321  0.23627
 375.74376  0.23686
 375.76431  0.23773
 375.78486  0.23673
 375.80540  0.23882
 375.82595  0.23861
 375.84650  0.23731
 375.86705  0.23324
 375.88760  0.23039
 375.90816  0.23210
 375.92870  0.23217
 375.94925  0.23082
 375.96980  0.23066
 375.99035  0.23214
 376.01090  0.23264
 376.03145  0.23346
 376.05199  0.23197
 376.07254  0.23363
 376.09309  0.23406
 376.11364  0.23239
 376.13419  0.23506
 376.15474  0.23392
 376.17528  0.23687
 376.19583  0.23524
 376.21638  0.23451
 376.23694  0.23453
 376.25746  0.23589
 376.27800  0.23792
 376.29855  0.23623
 376.31910  0.23480
 376.33965  0.23242
 376.36020  0.23168
 376.38075  0.23243
 376.40126  0.23411
 376.42181  0.23652
 376.44236  0.23380
 376.46291  0.23418
 376.48346  0.23303
 376.50398  0.23179
 376.52452  0.23225
 376.54507  0.23100
 376.56563  0.23161
 376.58618  0.23023
 376.60670  0.23069
 376.62724  0.22752
 376.64779  0.22551
 376.66831  0.22317
 376.68886  0.22133
 376.70941  0.22206
 376.72996  0.22081
 376.75047  0.22276
 376.77102  0.21986
 376.79157  0.21879
 376.81209  0.21707
 376.83264  0.21772
 376.85318  0.21766
 376.87371  0.21638
 376.89426  0.21921
 376.91481  0.21896
 376.93533  0.21960
 376.95588  0.21987
 376.97639  0.22010
 376.99694  0.22075
 377.01749  0.21945
 377.03801  0.22089
 377.05856  0.22007
 377.07907  0.21890
 377.09962  0.22004
 377.12014  0.22065
 377.14069  0.22207
 377.16121  0.22085
 377.18176  0.22126
 377.20228  0.22067
 377.22283  0.22260
 377.24335  0.22056
 377.26390  0.22118
 377.28441  0.22029
 377.30496  0.21795
 377.32548  0.21858
 377.34603  0.21711
 377.36655  0.21783
 377.38710  0.21623
 377.40761  0.21675
 377.42813  0.21793
 377.44868  0.21821
 377.46920  0.21701
 377.48976  0.21440
 377.51027  0.21519
 377.53079  0.21595
 377.55134  0.21622
 377.57186  0.21595
 377.59238  0.21711
 377.61292  0.21893
 377.63344  0.21923
 377.65396  0.21922
 377.67451  0.22108
 377.69503  0.21928
 377.71554  0.21978
 377.73609  0.21965
 377.75661  0.22193
 377.77713  0.22061
 377.79765  0.21974
 377.81820  0.21832
 377.83872  0.21713
 377.85924  0.21625
 377.87976  0.21373
 377.90030  0.21467
 377.92082  0.21575
 377.94134  0.21475
 377.96186  0.21162
 377.98238  0.21211
 378.00292  0.20847
 378.02344  0.20814
 378.04396  0.20809
 378.06448  0.20684
 378.08500  0.20710
 378.10552  0.20720
 378.12604  0.20638
 378.14659  0.20487
 378.16711  0.20528
 378.18763  0.20491
 378.20814  0.20402
 378.22866  0.20275
 378.24918  0.20334
 378.26970  0.20405
 378.29021  0.20463
 378.31073  0.20451
 378.33125  0.20512
 378.35177  0.20129
 378.37229  0.20124
 378.39281  0.19998
 378.41333  0.20153
 378.43385  0.20229
 378.45437  0.20061
 378.47488  0.20275
 378.49540  0.20343
 378.51592  0.20598
 378.53644  0.20370
 378.55696  0.20371
 378.57747  0.20370
 378.59799  0.20217
 378.61851  0.20199
 378.63903  0.20030
 378.65954  0.20239
 378.68007  0.20215
 378.70059  0.20187
 378.72108  0.20214
 378.74160  0.20149
 378.76211  0.20240
 378.78263  0.20286
 378.80315  0.20219
 378.82367  0.20287
 378.84418  0.20237
 378.86467  0.20405
 378.88519  0.20388
 378.90571  0.20497
 378.92623  0.20556
 378.94674  0.20643
 378.96724  0.20771
 378.98776  0.20703
 379.00828  0.20697
 379.02879  0.20547
 379.04928  0.20601
 379.06980  0.20660
 379.09032  0.20593
 379.11083  0.20506
 379.13132  0.20505
 379.15184  0.20580
 379.17236  0.20608
 379.19284  0.20506
 379.21336  0.20383
 379.23388  0.20359
 379.25438  0.20209
 379.27490  0.20207
 379.29541  0.20296
 379.31590  0.20313
 379.33642  0.20271
 379.35694  0.20295
 379.37742  0.20284
 379.39794  0.20247
 379.41843  0.20152
 379.43895  0.20238
 379.45946  0.20114
 379.47995  0.20106
 379.50047  0.19962
 379.52096  0.19981
 379.54148  0.19937
 379.56197  0.19738
 379.58249  0.19781
 379.60298  0.19604
 379.62349  0.19639
 379.64398  0.19448
 379.66450  0.19487
 379.68499  0.19578
 379.70551  0.19510
 379.72599  0.19492
 379.74651  0.19293
 379.76700  0.19355
 379.78752  0.19366
 379.80800  0.19447
 379.82850  0.19519
 379.84902  0.19441
 379.86950  0.19395
 379.89002  0.19252
 379.91051  0.19357
 379.93100  0.19443
 379.95152  0.19445
 379.97200  0.19568
 379.99249  0.19492
 380.01301  0.19534
 380.03349  0.19373
 380.05398  0.19268
 380.07450  0.19230
 380.09500  0.19293
 380.11548  0.19371
 380.13600  0.19319
 380.15649  0.19237
 380.17698  0.19129
 380.19749  0.19142
 380.21798  0.19148
 380.23847  0.19316
 380.25896  0.19338
 380.27944  0.19352
 380.29996  0.19460
 380.32045  0.19532
 380.34094  0.19226
 380.36142  0.19215
 380.38195  0.19122
 380.40244  0.19381
 380.42293  0.19452
 380.44341  0.19396
 380.46390  0.19296
 380.48439  0.19149
 380.50488  0.19117
 380.52539  0.19010
 380.54588  0.18963
 380.56637  0.19169
 380.58685  0.19062
 380.60734  0.19087
 380.62783  0.19144
 380.64833  0.19140
 380.66881  0.19063
 380.68930  0.19003
 380.70979  0.18964
 380.73028  0.19207
 380.75076  0.19416
 380.77125  0.19341
 380.79174  0.19444
 380.81223  0.19278
 380.83271  0.18951
 380.85320  0.18822
 380.87369  0.18660
 380.89417  0.18698
 380.91467  0.18555
 380.93516  0.18651
 380.95565  0.18671
 380.97613  0.18491
 380.99662  0.18431
 381.01711  0.18272
 381.03760  0.18360
 381.05808  0.18339
 381.07857  0.18269
 381.09906  0.18218
 381.11954  0.18274
 381.14000  0.18434
 381.16049  0.18347
 381.18099  0.18506
 381.20147  0.18381
 381.22196  0.18538
 381.24245  0.18672
 381.26290  0.18744
 381.28339  0.18750
 381.30388  0.18493
 381.32437  0.18506
 381.34485  0.18532
 381.36531  0.18556
 381.38580  0.18639
 381.40629  0.18606
 381.42677  0.18616
 381.44724  0.18511
 381.46773  0.18511
 381.48821  0.18523
 381.50870  0.18464
 381.52916  0.18511
 381.54965  0.18439
 381.57013  0.18463
 381.59059  0.18635
 381.61108  0.18706
 381.63156  0.18712
 381.65202  0.18624
 381.67251  0.18791
 381.69300  0.18621
 381.71346  0.18717
 381.73395  0.18697
 381.75441  0.18706
 381.77489  0.18776
 381.79538  0.18669
 381.81584  0.18657
 381.83632  0.18582
 381.85678  0.18649
 381.87727  0.18444
 381.89773  0.18268
 381.91821  0.18251
 381.93867  0.18291
 381.95917  0.18293
 381.97965  0.18346
 382.00011  0.18355
 382.02057  0.18364
 382.04106  0.18130
 382.06151  0.18128
 382.08200  0.18003
 382.10246  0.18113
 382.12294  0.18157
 382.14340  0.18374
 382.16389  0.18486
 382.18434  0.18421
 382.20483  0.18297
 382.22530  0.18036
 382.24575  0.17915
 382.26624  0.17895
 382.28670  0.17888
 382.30716  0.18039
 382.32764  0.18000
 382.34810  0.17972
 382.36859  0.17737
 382.38904  0.17718
 382.40950  0.17670
 382.42999  0.17724
 382.45044  0.17701
 382.47091  0.17656
 382.49137  0.17704
 382.51186  0.17651
 382.53231  0.17664
 382.55277  0.17741
 382.57326  0.17822
 382.59371  0.17721
 382.61417  0.17618
 382.63463  0.17618
 382.65508  0.17689
 382.67557  0.17702
 382.69603  0.17717
 382.71648  0.17868
 382.73695  0.17830
 382.75741  0.17733
 382.77790  0.17724
 382.79835  0.17585
 382.81881  0.17547
 382.83927  0.17541
 382.85972  0.17426
 382.88018  0.17340
 382.90064  0.17348
 382.92112  0.17469
 382.94158  0.17501
 382.96204  0.17361
 382.98250  0.17366
 383.00296  0.17421
 383.02342  0.17333
 383.04387  0.17286
 383.06433  0.17187
 383.08479  0.17280
 383.10524  0.17243
 383.12570  0.17218
 383.14616  0.17402
 383.16661  0.17228
 383.18707  0.17235
 383.20753  0.17254
 383.22799  0.17287
 383.24845  0.17174
 383.26891  0.17089
 383.28937  0.16999
 383.30982  0.17246
 383.33028  0.17215
 383.35074  0.17238
 383.37119  0.17053
 383.39165  0.17101
 383.41208  0.16985
 383.43253  0.17076
 383.45299  0.16992
 383.47346  0.17012
 383.49391  0.17246
 383.51437  0.17138
 383.53483  0.17063
 383.55528  0.17039
 383.57571  0.16876
 383.59617  0.17008
 383.61662  0.16827
 383.63708  0.16908
 383.65754  0.16779
 383.67796  0.16713
 383.69842  0.16768
 383.71889  0.16652
 383.73934  0.16677
 383.75977  0.16662
 383.78023  0.16694
 383.80068  0.16686
 383.82114  0.16746
 383.84157  0.16758
 383.86202  0.16847
 383.88248  0.16939
 383.90291  0.16825
 383.92336  0.16774
 383.94382  0.16817
 383.96426  0.16657
 383.98471  0.16664
 384.00517  0.16831
 384.02560  0.16751
 384.04605  0.16713
 384.06648  0.16622
 384.08693  0.16659
 384.10739  0.16499
 384.12782  0.16558
 384.14827  0.16545
 384.16870  0.16500
 384.18916  0.16483
 384.20962  0.16438
 384.23005  0.16549
 384.25051  0.16551
 384.27093  0.16549
 384.29139  0.16567
 384.31182  0.16575
 384.33227  0.16563
 384.35270  0.16481
 384.37316  0.16563
 384.39358  0.16624
 384.41404  0.16624
 384.43447  0.16620
 384.45490  0.16589
 384.47536  0.16717
 384.49579  0.16628
 384.51624  0.16630
 384.53667  0.16640
 384.55713  0.16681
 384.57755  0.16666
 384.59798  0.16574
 384.61843  0.16640
 384.63886  0.16601
 384.65929  0.16531
 384.67975  0.16601
 384.70018  0.16627
 384.72061  0.16704
 384.74106  0.16731
 384.76149  0.16846
 384.78192  0.16817
 384.80237  0.16721
 384.82280  0.16593
 384.84322  0.16547
 384.86365  0.16577
 384.88411  0.16660
 384.90453  0.16587
 384.92497  0.16532
 384.94540  0.16651
 384.96585  0.16592
 384.98628  0.16617
 385.00671  0.16507
 385.02713  0.16441
 385.04756  0.16298
 385.06802  0.16268
 385.08844  0.16401
 385.10887  0.16457
 385.12929  0.16411
 385.14973  0.16426
 385.17016  0.16323
 385.19058  0.16237
 385.21104  0.16228
 385.23147  0.16255
 385.25189  0.16297
 385.27232  0.16499
 385.29274  0.16381
 385.31317  0.16494
 385.33360  0.16457
 385.35402  0.16332
 385.37446  0.16349
 385.39489  0.16284
 385.41531  0.16379
 385.43574  0.16411
 385.45616  0.16309
 385.47659  0.16323
 385.49702  0.16302
 385.51744  0.16472
 385.53787  0.16507
 385.55830  0.16497
 385.57872  0.16458
 385.59915  0.16335
 385.61958  0.16279
 385.64001  0.16264
 385.66044  0.16151
 385.68086  0.16239
 385.70129  0.16023
 385.72169  0.16075
 385.74211  0.16181
 385.76254  0.16223
 385.78296  0.16361
 385.80339  0.16384
 385.82382  0.16448
 385.84425  0.16510
 385.86465  0.16296
 385.88508  0.16266
 385.90550  0.16162
 385.92593  0.16023
 385.94635  0.16101
 385.96675  0.16132
 385.98718  0.16141
 386.00760  0.16166
 386.02803  0.16209
 386.04842  0.16128
 386.06886  0.16054
 386.08929  0.16130
 386.10971  0.16002
 386.13011  0.16135
 386.15053  0.16030
 386.17096  0.15978
 386.19136  0.15963
 386.21178  0.15885
 386.23221  0.15824
 386.25261  0.15798
 386.27303  0.15741
 386.29347  0.15958
 386.31386  0.15899
 386.33429  0.15976
 386.35469  0.15886
 386.37511  0.15856
 386.39554  0.15794
 386.41593  0.15637
 386.43636  0.15674
 386.45676  0.15759
 386.47718  0.15891
 386.49758  0.15887
 386.51801  0.15934
 386.53844  0.15813
 386.55884  0.15621
 386.57926  0.15629
 386.59966  0.15591
 386.62008  0.15624
 386.64048  0.15498
 386.66091  0.15490
 386.68130  0.15524
 386.70170  0.15513
 386.72212  0.15577
 386.74253  0.15541
 386.76296  0.15475
 386.78335  0.15574
 386.80378  0.15614
 386.82417  0.15597
 386.84457  0.15739
 386.86500  0.15673
 386.88539  0.15629
 386.90579  0.15633
 386.92621  0.15644
 386.94661  0.15662
 386.96705  0.15632
 386.98744  0.15719
 387.00784  0.15617
 387.02823  0.15520
 387.04866  0.15545
 387.06905  0.15458
 387.08945  0.15476
 387.10988  0.15507
 387.13027  0.15551
 387.15067  0.15531
 387.17106  0.15611
 387.19150  0.15530
 387.21190  0.15585
 387.23229  0.15537
 387.25269  0.15642
 387.27308  0.15752
 387.29351  0.15790
 387.31391  0.15683
 387.33430  0.15715
 387.35470  0.15616
 387.37509  0.15640
 387.39550  0.15660
 387.41592  0.15605
 387.43632  0.15529
 387.45672  0.15535
 387.47711  0.15520
 387.49751  0.15393
 387.51790  0.15388
 387.53830  0.15544
 387.55869  0.15520
 387.57909  0.15379
 387.59949  0.15473
 387.61989  0.15405
 387.64029  0.15329
 387.66068  0.15328
 387.68108  0.15390
 387.70151  0.15407
 387.72190  0.15492
 387.74227  0.15333
 387.76266  0.15394
 387.78306  0.15394
 387.80345  0.15323
 387.82385  0.15327
 387.84426  0.15501
 387.86465  0.15399
 387.88505  0.15449
 387.90544  0.15400
 387.92584  0.15117
 387.94623  0.15258
 387.96663  0.15256
 387.98703  0.15159
 388.00742  0.15234
 388.02779  0.15221
 388.04819  0.15133
 388.06859  0.15106
 388.08898  0.15141
 388.10938  0.15181
 388.12977  0.15175
 388.15014  0.15237
 388.17054  0.15096
 388.19093  0.15058
 388.21133  0.15158
 388.23169  0.15191
 388.25209  0.15186
 388.27249  0.15258
 388.29289  0.15278
 388.31326  0.15171
 388.33365  0.15188
 388.35405  0.15188
 388.37444  0.15029
 388.39481  0.15005
 388.41520  0.15040
 388.43560  0.14935
 388.45596  0.14899
 388.47637  0.14991
 388.49677  0.14894
 388.51713  0.14853
 388.53753  0.14796
 388.55792  0.14807
 388.57829  0.14807
 388.59868  0.14798
 388.61905  0.14782
 388.63944  0.14738
 388.65981  0.14745
 388.68022  0.14752
 388.70061  0.14696
 388.72098  0.14751
 388.74137  0.14768
 388.76174  0.14803
 388.78213  0.14756
 388.80250  0.14800
 388.82289  0.14756
 388.84326  0.14669
 388.86365  0.14788
 388.88402  0.14847
 388.90443  0.14822
 388.92479  0.14753
 388.94519  0.14755
 388.96555  0.14691
 388.98592  0.14695
 389.00631  0.14534
 389.02668  0.14630
 389.04707  0.14605
 389.06744  0.14613
 389.08780  0.14609
 389.10821  0.14596
 389.12858  0.14519
 389.14897  0.14599
 389.16934  0.14582
 389.18970  0.14554
 389.21010  0.14584
 389.23046  0.14532
 389.25083  0.14557
 389.27119  0.14438
 389.29159  0.14519
 389.31196  0.14540
 389.33233  0.14511
 389.35272  0.14482
 389.37309  0.14576
 389.39346  0.14643
 389.41382  0.14817
 389.43419  0.14783
 389.45458  0.14658
 389.47495  0.14728
 389.49531  0.14621
 389.51569  0.14539
 389.53605  0.14566
 389.55645  0.14489
 389.57681  0.14668
 389.59718  0.14502
 389.61754  0.14628
 389.63791  0.14441
 389.65827  0.14468
 389.67864  0.14474
 389.69904  0.14405
 389.71941  0.14491
 389.73978  0.14520
 389.76014  0.14611
 389.78051  0.14467
 389.80087  0.14417
 389.82124  0.14279
 389.84160  0.14302
 389.86197  0.14343
 389.88233  0.14263
 389.90270  0.14340
 389.92307  0.14425
 389.94344  0.14518
 389.96380  0.14408
 389.98417  0.14585
 390.00453  0.14456
 390.02490  0.14486
 390.04526  0.14435
 390.06563  0.14373
 390.08599  0.14527
 390.10636  0.14378
 390.12674  0.14368
 390.14707  0.14380
 390.16743  0.14452
 390.18780  0.14458
 390.20817  0.14284
 390.22853  0.14167
 390.24890  0.14194
 390.26926  0.14199
 390.28960  0.14183
 390.30996  0.14147
 390.33034  0.14093
 390.35070  0.14130
 390.37107  0.14013
 390.39140  0.14019
 390.41177  0.14060
 390.43213  0.14057
 390.45250  0.14235
 390.47286  0.14098
 390.49320  0.14251
 390.51356  0.14094
 390.53394  0.14058
 390.55427  0.14008
 390.57464  0.13884
 390.59500  0.13817
 390.61537  0.13799
 390.63570  0.13847
 390.65607  0.13829
 390.67643  0.13863
 390.69677  0.13852
 390.71713  0.13808
 390.73748  0.13857
 390.75784  0.13858
 390.77821  0.13925
 390.79854  0.13901
 390.81891  0.13912
 390.83924  0.13896
 390.85961  0.13856
 390.87997  0.13797
 390.90031  0.13780
 390.92068  0.13767
 390.94102  0.13826
 390.96138  0.13807
 390.98172  0.13853
 391.00208  0.13771
 391.02242  0.13770
 391.04278  0.13883
 391.06312  0.13883
 391.08348  0.13799
 391.10382  0.13943
 391.12419  0.13859
 391.14453  0.13854
 391.16486  0.13782
 391.18523  0.13738
 391.20556  0.13728
 391.22593  0.13726
 391.24626  0.13691
 391.26660  0.13736
 391.28696  0.13867
 391.30730  0.13793
 391.32767  0.13814
 391.34801  0.13856
 391.36834  0.13868
 391.38871  0.13875
 391.40904  0.13855
 391.42938  0.13860
 391.44971  0.13858
 391.47008  0.13946
 391.49041  0.13906
 391.51076  0.13915
 391.53112  0.13938
 391.55146  0.13994
 391.57179  0.13817
 391.59212  0.13850
 391.61246  0.13840
 391.63282  0.13880
 391.65316  0.13837
 391.67349  0.13974
 391.69383  0.13836
 391.71417  0.13999
 391.73454  0.14021
 391.75487  0.13975
 391.77521  0.14015
 391.79554  0.14120
 391.81588  0.14027
 391.83621  0.14186
 391.85655  0.14160
 391.87691  0.14282
 391.89726  0.14298
 391.91759  0.14275
 391.93793  0.14251
 391.95826  0.14236
 391.97860  0.14364
 391.99893  0.14301
 392.01927  0.14266
 392.03960  0.14322
 392.05993  0.14176
 392.08027  0.14248
 392.10061  0.14269
 392.12095  0.14135
 392.14128  0.14345
 392.16162  0.14218
 392.18195  0.14293
 392.20229  0.14266
 392.22262  0.14184
 392.24296  0.14216
 392.26329  0.14202
 392.28364  0.14305
 392.30394  0.14178
 392.32428  0.14279
 392.34461  0.14242
 392.36494  0.14239
 392.38528  0.14373
 392.40561  0.14382
 392.42595  0.14338
 392.44625  0.14318
 392.46659  0.14440
 392.48693  0.14358
 392.50727  0.14406
 392.52760  0.14336
 392.54791  0.14293
 392.56824  0.14288
 392.58858  0.14263
 392.60891  0.14401
 392.62924  0.14242
 392.64955  0.14411
 392.66989  0.14280
 392.69023  0.14317
 392.71053  0.14343
 392.73087  0.14290
 392.75120  0.14215
 392.77151  0.14363
 392.79184  0.14309
 392.81218  0.14434
 392.83248  0.14386
 392.85282  0.14429
 392.87316  0.14412
 392.89346  0.14327
 392.91380  0.14321
 392.93413  0.14341
 392.95444  0.14305
 392.97477  0.14315
 392.99508  0.14208
 393.01541  0.14307
 393.03571  0.14256
 393.05606  0.14313
 393.07639  0.14331
 393.09670  0.14342
 393.11703  0.14306
 393.13734  0.14312
 393.15767  0.14305
 393.17798  0.14210
 393.19831  0.14123
 393.21861  0.14137
 393.23896  0.14120
 393.25926  0.14201
 393.27957  0.14129
 393.29990  0.14139
 393.32021  0.14053
 393.34054  0.13988
 393.36085  0.14007
 393.38118  0.13933
 393.40148  0.13993
 393.42180  0.13925
 393.44213  0.13994
 393.46244  0.13973
 393.48274  0.13858
 393.50308  0.13786
 393.52338  0.13818
 393.54369  0.13795
 393.56402  0.13725
 393.58432  0.13694
 393.60464  0.13583
 393.62497  0.13529
 393.64528  0.13636
 393.66558  0.13474
 393.68589  0.13683
 393.70622  0.13543
 393.72652  0.13581
 393.74683  0.13552
 393.76713  0.13653
 393.78745  0.13564
 393.80778  0.13688
 393.82809  0.13601
 393.84839  0.13548
 393.86869  0.13433
 393.88900  0.13401
 393.90930  0.13374
 393.92964  0.13338
 393.94994  0.13402
 393.97026  0.13334
 393.99056  0.13384
 394.01086  0.13440
 394.03117  0.13370
 394.05147  0.13267
 394.07178  0.13329
 394.09208  0.13193
 394.11238  0.13274
 394.13269  0.13308
 394.15300  0.13242
 394.17331  0.13276
 394.19361  0.13164
 394.21392  0.13261
 394.23422  0.13108
 394.25452  0.13200
 394.27483  0.13140
 394.29513  0.13261
 394.31544  0.13290
 394.33575  0.13338
 394.35606  0.13213
 394.37636  0.13314
 394.39666  0.13407
 394.41697  0.13304
 394.43727  0.13285
 394.45758  0.13274
 394.47788  0.13215
 394.49815  0.13257
 394.51847  0.13242
 394.53877  0.13107
 394.55908  0.13118
 394.57938  0.13208
 394.59969  0.13165
 394.61996  0.13257
 394.64026  0.13191
 394.66057  0.13275
 394.68087  0.13249
 394.70119  0.13240
 394.72146  0.13169
 394.74176  0.13104
 394.76207  0.13221
 394.78237  0.13138
 394.80265  0.13102
 394.82295  0.13128
 394.84325  0.13130
 394.86353  0.13243
 394.88384  0.13221
 394.90415  0.13170
 394.92442  0.13199
 394.94472  0.13181
 394.96503  0.13172
 394.98530  0.13202
 395.00561  0.13195
 395.02591  0.13165
 395.04618  0.13113
 395.06650  0.13223
 395.08677  0.13251
 395.10708  0.13322
 395.12738  0.13330
 395.14765  0.13301
 395.16796  0.13292
 395.18823  0.13307
 395.20854  0.13262
 395.22881  0.13272
 395.24912  0.13182
 395.26940  0.13232
 395.28970  0.13169
 395.30997  0.13204
 395.33028  0.13194
 395.35055  0.13333
 395.37086  0.13237
 395.39113  0.13293
 395.41141  0.13309
 395.43172  0.13195
 395.45199  0.13235
 395.47230  0.13190
 395.49257  0.13223
 395.51284  0.13175
 395.53315  0.13261
 395.55342  0.13149
 395.57373  0.13191
 395.59401  0.13139
 395.61428  0.13122
 395.63459  0.13041
 395.65486  0.13019
 395.67513  0.13060
 395.69544  0.13158
 395.71571  0.12990
 395.73599  0.13004
 395.75626  0.12929
 395.77657  0.12706
 395.79685  0.12714
 395.81712  0.12822
 395.83740  0.12736
 395.85770  0.12762
 395.87797  0.12693
 395.89825  0.12745
 395.91852  0.12773
 395.93879  0.12758
 395.95908  0.12618
 395.97938  0.12662
 395.99966  0.12611
 396.01993  0.12637
 396.04020  0.12591
 396.06048  0.12505
 396.08075  0.12569
 396.10102  0.12544
 396.12131  0.12436
 396.14161  0.12374
 396.16189  0.12484
 396.18216  0.12487
 396.20243  0.12351
 396.22271  0.12395
 396.24298  0.12349
 396.26325  0.12424
 396.28353  0.12323
 396.30381  0.12363
 396.32408  0.12281
 396.34436  0.12270
 396.36463  0.12239
 396.38491  0.12357
 396.40518  0.12304
 396.42545  0.12312
 396.44573  0.12386
 396.46598  0.12375
 396.48625  0.12283
 396.50653  0.12294
 396.52680  0.12323
 396.54707  0.12171
 396.56735  0.12251
 396.58762  0.12264
 396.60790  0.12229
 396.62817  0.12251
 396.64842  0.12285
 396.66870  0.12245
 396.68897  0.12133
 396.70924  0.12087
 396.72952  0.12216
 396.74976  0.12260
 396.77003  0.12267
 396.79031  0.12102
 396.81059  0.12197
 396.83083  0.12206
 396.85111  0.12204
 396.87138  0.12091
 396.89166  0.12195
 396.91190  0.12164
 396.93217  0.12145
 396.95245  0.12215
 396.97269  0.12166
 396.99297  0.12183
 397.01325  0.11999
 397.03349  0.12145
 397.05376  0.12085
 397.07404  0.12111
 397.09428  0.12061
 397.11455  0.12044
 397.13480  0.11937
 397.15508  0.11994
 397.17535  0.11673
 397.19560  0.11911
 397.21587  0.11953
 397.23611  0.12030
 397.25639  0.11965
 397.27663  0.12020
 397.29690  0.12008
 397.31715  0.11949
 397.33743  0.11875
 397.35767  0.11806
 397.37795  0.11901
 397.39819  0.11795
 397.41847  0.11773
 397.43871  0.11861
 397.45898  0.11832
 397.47923  0.11802
 397.49951  0.11747
 397.51975  0.11718
 397.54000  0.11854
 397.56027  0.11742
 397.58051  0.11625
 397.60079  0.11675
 397.62103  0.11699
 397.64127  0.11653
 397.66156  0.11598
 397.68180  0.11572
 397.70204  0.11555
 397.72232  0.11563
 397.74256  0.11429
 397.76280  0.11501
 397.78305  0.11549
 397.80332  0.11506
 397.82356  0.11510
 397.84382  0.11399
 397.86409  0.11513
 397.88433  0.11454
 397.90458  0.11404
 397.92482  0.11540
 397.94506  0.11546
 397.96534  0.11384
 397.98558  0.11407
 398.00583  0.11367
 398.02607  0.11446
 398.04632  0.11489
 398.06656  0.11371
 398.08683  0.11370
 398.10708  0.11450
 398.12732  0.11342
 398.14756  0.11289
 398.16782  0.11336
 398.18806  0.11298
 398.20830  0.11281
 398.22855  0.11266
 398.24879  0.11367
 398.26903  0.11348
 398.28928  0.11335
 398.30952  0.11321
 398.32976  0.11378
 398.35002  0.11343
 398.37026  0.11350
 398.39050  0.11310
 398.41074  0.11511
 398.43099  0.11333
 398.45123  0.11453
 398.47147  0.11286
 398.49172  0.11373
 398.51197  0.11226
 398.53221  0.11355
 398.55246  0.11286
 398.57270  0.11346
 398.59294  0.11313
 398.61319  0.11414
 398.63340  0.11390
 398.65364  0.11387
 398.67390  0.11346
 398.69414  0.11311
 398.71438  0.11358
 398.73462  0.11341
 398.75484  0.11010
 398.77508  0.11471
 398.79532  0.11364
 398.81557  0.11409
 398.83582  0.11359
 398.85603  0.11444
 398.87628  0.11436
 398.89652  0.11404
 398.91676  0.11410
 398.93697  0.11383
 398.95722  0.11336
 398.97746  0.11346
 398.99768  0.11372
 399.01793  0.11392
 399.03817  0.11365
 399.05838  0.11295
 399.07863  0.11434
 399.09887  0.11457
 399.11908  0.11349
 399.13932  0.11341
 399.15958  0.11433
 399.17979  0.11398
 399.20003  0.11456
 399.22025  0.11413
 399.24049  0.11411
 399.26070  0.11407
 399.28095  0.11470
 399.30119  0.11449
 399.32141  0.11528
 399.34165  0.11461
 399.36187  0.11484
 399.38211  0.11404
 399.40232  0.11440
 399.42257  0.11329
 399.44278  0.11445
 399.46299  0.11368
 399.48324  0.11515
 399.50346  0.11319
 399.52370  0.11279
 399.54391  0.11460
 399.56416  0.11363
 399.58437  0.11334
 399.60458  0.11300
 399.62482  0.11349
 399.64504  0.11244
 399.66526  0.11257
 399.68550  0.11236
 399.70572  0.11281
 399.72596  0.11283
 399.74617  0.11220
 399.76638  0.11218
 399.78660  0.11267
 399.80684  0.11211
 399.82706  0.11218
 399.84727  0.11232
 399.86752  0.11078
 399.88773  0.11167
 399.90794  0.11238
 399.92816  0.11098
 399.94837  0.11083
 399.96862  0.11084
 399.98883  0.11010
 400.00905  0.10960
 400.02926  0.11033
 400.04947  0.10946
 400.06972  0.11026
 400.08993  0.10978
 400.11014  0.10997
 400.13036  0.10911
 400.15058  0.10900
 400.17079  0.10839
 400.19100  0.10839
 400.21121  0.10862
 400.23143  0.10775
 400.25167  0.10827
 400.27188  0.10728
 400.29211  0.10759
 400.31232  0.10730
 400.33253  0.10739
 400.35274  0.10724
 400.37296  0.10750
 400.39317  0.10633
 400.41338  0.10686
 400.43359  0.10630
 400.45382  0.10668
 400.47403  0.10626
 400.49424  0.10707
 400.51442  0.10608
 400.53464  0.10598
 400.55485  0.10569
 400.57506  0.10581
 400.59527  0.10500
 400.61550  0.10684
 400.63571  0.10530
 400.65592  0.10519
 400.67613  0.10615
 400.69632  0.10474
 400.71653  0.10580
 400.73674  0.10522
 400.75695  0.10523
 400.77718  0.10557
 400.79739  0.10531
 400.81757  0.10529
 400.83778  0.10553
 400.85800  0.10464
 400.87821  0.10471
 400.89839  0.10547
 400.91860  0.10776
