# wl 	 tx
255.4974422 0.0000140
255.5186963 0.0000132
255.5399703 0.0000173
255.5612244 0.0000155
255.5824785 0.0000154
255.6037325 0.0000166
255.6249866 0.0000150
255.6462407 0.0000150
255.6674948 0.0000153
255.6887488 0.0000190
255.7100029 0.0000156
255.7312570 0.0000142
255.7525110 0.0000167
255.7737651 0.0000137
255.7950192 0.0000165
255.8162933 0.0000148
255.8375373 0.0000148
255.8587914 0.0000160
255.8800455 0.0000150
255.9012996 0.0000168
255.9225537 0.0000164
255.9438077 0.0000144
255.9650618 0.0000151
255.9863159 0.0000149
256.0075700 0.0000132
256.0288241 0.0000133
256.0500781 0.0000148
256.0713322 0.0000159
256.0925763 0.0000173
256.1138304 0.0000147
256.1350845 0.0000159
256.1563386 0.0000134
256.1775926 0.0000165
256.1988467 0.0000173
256.2201008 0.0000149
256.2413649 0.0000150
256.2625890 0.0000143
256.2838431 0.0000150
256.3050972 0.0000152
256.3263513 0.0000149
256.3476054 0.0000143
256.3688595 0.0000162
256.3901136 0.0000148
256.4113377 0.0000147
256.4325918 0.0000133
256.4538459 0.0000142
256.4750999 0.0000140
256.4963540 0.0000156
256.5175782 0.0000144
256.5388323 0.0000146
256.5600863 0.0000144
256.5813504 0.0000153
256.6026045 0.0000146
256.6238287 0.0000134
256.6450828 0.0000153
256.6663369 0.0000136
256.6875910 0.0000145
256.7088151 0.0000142
256.7300692 0.0000137
256.7513233 0.0000141
256.7725774 0.0000147
256.7938015 0.0000155
256.8150556 0.0000153
256.8363097 0.0000157
256.8575638 0.0000159
256.8787879 0.0000146
256.9000420 0.0000149
256.9213061 0.0000149
256.9425303 0.0000151
256.9637844 0.0000139
256.9850385 0.0000155
257.0062626 0.0000140
257.0275167 0.0000136
257.0487708 0.0000143
257.0699950 0.0000141
257.0912491 0.0000143
257.1125032 0.0000141
257.1337273 0.0000161
257.1549814 0.0000154
257.1762356 0.0000147
257.1974597 0.0000143
257.2187138 0.0000142
257.2399379 0.0000080
257.2611921 0.0000118
257.2824562 0.0000122
257.3036803 0.0000147
257.3249344 0.0000140
257.3461586 0.0000153
257.3674127 0.0000156
257.3886368 0.0000145
257.4098909 0.0000142
257.4311451 0.0000151
257.4523692 0.0000146
257.4736233 0.0000146
257.4948475 0.0000143
257.5161016 0.0000152
257.5373257 0.0000150
257.5585799 0.0000137
257.5798040 0.0000098
257.6010581 0.0000160
257.6222823 0.0000137
257.6435364 0.0000129
257.6647606 0.0000138
257.6860147 0.0000140
257.7072488 0.0000154
257.7285030 0.0000133
257.7497271 0.0000144
257.7709812 0.0000140
257.7922054 0.0000140
257.8134295 0.0000129
257.8346837 0.0000154
257.8559078 0.0000133
257.8771620 0.0000133
257.8983861 0.0000140
257.9196402 0.0000139
257.9408644 0.0000140
257.9620886 0.0000159
257.9833427 0.0000142
258.0045669 0.0000129
258.0258210 0.0000131
258.0470451 0.0000156
258.0682693 0.0000130
258.0895234 0.0000153
258.1107476 0.0000140
258.1319718 0.0000159
258.1532259 0.0000128
258.1744501 0.0000106
258.1956842 0.0000135
258.2169384 0.0000133
258.2381625 0.0000141
258.2593867 0.0000142
258.2806408 0.0000134
258.3018650 0.0000132
258.3230892 0.0000139
258.3443433 0.0000144
258.3655675 0.0000133
258.3867917 0.0000131
258.4080158 0.0000138
258.4292700 0.0000141
258.4504941 0.0000150
258.4717183 0.0000130
258.4929425 0.0000148
258.5141966 0.0000147
258.5354208 0.0000141
258.5566450 0.0000136
258.5778692 0.0000131
258.5991233 0.0000124
258.6203475 0.0000151
258.6415717 0.0000140
258.6627958 0.0000145
258.6840200 0.0000156
258.7052742 0.0000139
258.7264984 0.0000125
258.7477225 0.0000126
258.7689567 0.0000141
258.7901809 0.0000131
258.8114051 0.0000142
258.8326592 0.0000143
258.8538834 0.0000146
258.8751076 0.0000149
258.8963318 0.0000131
258.9175560 0.0000139
258.9387801 0.0000136
258.9600043 0.0000137
258.9812585 0.0000141
259.0024827 0.0000142
259.0237069 0.0000137
259.0449310 0.0000141
259.0661552 0.0000138
259.0873794 0.0000116
259.1086036 0.0000121
259.1298278 0.0000138
259.1510520 0.0000133
259.1722762 0.0000128
259.1935004 0.0000138
259.2147246 0.0000138
259.2359488 0.0000128
259.2571729 0.0000136
259.2783971 0.0000129
259.2996213 0.0000144
259.3208455 0.0000134
259.3420697 0.0000123
259.3632939 0.0000137
259.3845181 0.0000130
259.4057423 0.0000125
259.4269665 0.0000122
259.4481907 0.0000126
259.4694149 0.0000126
259.4906391 0.0000135
259.5118633 0.0000135
259.5330875 0.0000137
259.5543117 0.0000130
259.5755359 0.0000133
259.5967701 0.0000127
259.6179943 0.0000129
259.6392185 0.0000123
259.6604427 0.0000131
259.6816669 0.0000131
259.7028911 0.0000140
259.7241153 0.0000135
259.7453096 0.0000134
259.7665338 0.0000124
259.7877580 0.0000131
259.8089822 0.0000139
259.8302064 0.0000125
259.8514306 0.0000135
259.8726548 0.0000122
259.8938490 0.0000137
259.9150732 0.0000127
259.9362975 0.0000121
259.9575217 0.0000136
259.9787459 0.0000117
259.9999701 -0.0000033
260.0211643 -0.0000018
260.0423885 0.0000127
260.0636128 0.0000130
260.0848370 0.0000134
260.1060612 0.0000132
260.1272554 0.0000138
260.1484797 0.0000124
260.1697039 0.0000134
260.1909281 0.0000134
260.2121223 0.0000020
260.2333465 0.0000132
260.2545708 0.0000139
260.2757950 0.0000138
260.2969892 0.0000131
260.3182135 0.0000133
260.3394377 0.0000135
260.3606619 0.0000135
260.3818561 0.0000124
260.4030804 0.0000125
260.4243046 0.0000136
260.4454988 0.0000128
260.4667231 0.0000127
260.4879473 0.0000128
260.5091415 0.0000132
260.5303658 0.0000115
260.5515900 0.0000125
260.5727843 0.0000126
260.5940085 0.0000133
260.6152327 0.0000128
260.6364270 0.0000125
260.6576512 0.0000138
260.6788455 0.0000126
260.7000697 0.0000124
260.7212939 0.0000127
260.7424882 0.0000129
260.7637124 0.0000132
260.7849067 0.0000133
260.8061309 0.0000119
260.8273551 0.0000109
260.8485494 0.0000122
260.8697736 0.0000135
260.8909679 0.0000123
260.9121921 0.0000124
260.9333864 0.0000121
260.9546106 0.0000123
260.9758049 0.0000129
260.9970291 0.0000131
261.0182534 0.0000123
261.0394476 0.0000122
261.0606719 0.0000116
261.0818662 0.0000126
261.1030904 0.0000124
261.1242847 0.0000134
261.1454789 0.0000121
261.1667032 0.0000120
261.1878974 0.0000138
261.2091217 0.0000128
261.2303160 0.0000120
261.2515402 0.0000134
261.2727345 0.0000131
261.2939587 0.0000134
261.3151530 0.0000128
261.3363772 0.0000129
261.3575715 0.0000132
261.3787658 0.0000137
261.3999900 0.0000124
261.4211843 0.0000127
261.4424086 0.0000128
261.4636028 0.0000132
261.4847971 0.0000122
261.5060214 0.0000132
261.5272157 0.0000122
261.5484099 0.0000127
261.5696342 0.0000130
261.5908285 0.0000125
261.6120228 0.0000136
261.6332470 0.0000124
261.6544413 0.0000126
261.6756356 0.0000138
261.6968598 0.0000134
261.7180541 0.0000132
261.7392484 0.0000139
261.7604727 0.0000127
261.7816669 0.0000128
261.8028612 0.0000115
261.8240855 0.0000129
261.8452798 0.0000131
261.8664741 0.0000134
261.8876684 0.0000125
261.9088926 0.0000141
261.9300869 0.0000134
261.9512812 0.0000121
261.9724755 0.0000126
261.9936998 0.0000122
262.0148940 0.0000128
262.0360883 0.0000128
262.0572826 0.0000132
262.0784769 0.0000136
262.0997012 0.0000169
262.1208955 0.0000136
262.1420898 0.0000126
262.1632841 0.0000134
262.1844784 0.0000126
262.2057026 0.0000143
262.2268969 0.0000130
262.2480912 0.0000122
262.2692755 0.0000133
262.2904698 0.0000134
262.3116641 0.0000128
262.3328584 0.0000133
262.3540827 0.0000138
262.3752770 0.0000119
262.3964713 0.0000133
262.4176656 0.0000169
262.4388599 0.0000227
262.4600542 0.0000172
262.4812485 0.0000152
262.5024428 0.0000170
262.5236371 0.0000164
262.5448315 0.0000138
262.5660258 0.0000163
262.5872201 0.0000160
262.6084144 0.0000138
262.6296387 0.0000145
262.6508330 0.0000135
262.6720273 0.0000139
262.6932216 0.0000130
262.7144159 0.0000134
262.7356102 0.0000123
262.7568045 0.0000137
262.7779988 0.0000124
262.7991931 0.0000129
262.8203875 0.0000129
262.8415818 0.0000096
262.8627761 0.0000077
262.8839704 0.0000145
262.9051347 0.0000127
262.9263291 0.0000132
262.9475234 0.0000137
262.9687177 0.0000138
262.9899120 0.0000138
263.0111063 0.0000139
263.0323006 0.0000127
263.0534850 0.0000133
263.0746793 0.0000143
263.0958736 0.0000159
263.1170679 0.0000127
263.1382623 0.0000126
263.1594266 0.0000124
263.1806209 0.0000141
263.2018152 0.0000131
263.2230096 0.0000146
263.2442039 0.0000149
263.2653982 0.0000150
263.2865925 0.0000154
263.3077569 0.0000140
263.3289512 0.0000137
263.3501455 0.0000141
263.3713399 0.0000137
263.3925342 0.0000136
263.4137285 0.0000127
263.4348929 0.0000132
263.4560872 0.0000120
263.4772815 0.0000141
263.4984759 0.0000147
263.5196402 0.0000137
263.5408346 0.0000131
263.5620289 0.0000134
263.5832232 0.0000154
263.6043776 0.0000144
263.6255719 0.0000136
263.6467663 0.0000141
263.6679606 0.0000136
263.6891250 0.0000138
263.7103193 0.0000141
263.7315136 0.0000133
263.7526780 0.0000145
263.7738723 0.0000131
263.7950667 0.0000139
263.8162610 0.0000130
263.8374254 0.0000145
263.8586197 0.0000076
263.8798141 0.0000130
263.9009784 0.0000144
263.9221728 0.0000139
263.9433671 0.0000148
263.9645315 0.0000148
263.9857258 0.0000138
264.0068902 0.0000145
264.0280845 0.0000140
264.0492789 0.0000135
264.0704333 0.0000143
264.0916276 0.0000145
264.1127920 0.0000154
264.1339863 0.0000146
264.1551807 0.0000142
264.1763451 0.0000141
264.1975394 0.0000138
264.2187038 0.0000144
264.2398981 0.0000150
264.2610625 0.0000153
264.2822569 0.0000144
264.3034212 0.0000146
264.3246156 0.0000153
264.3457800 0.0000141
264.3669743 0.0000147
264.3881687 0.0000142
264.4093331 0.0000152
264.4305274 0.0000145
264.4516918 0.0000156
264.4728462 0.0000147
264.4940406 0.0000146
264.5152049 0.0000149
264.5363993 0.0000155
264.5575637 0.0000145
264.5787580 0.0000158
264.5999224 0.0000150
264.6211168 0.0000146
264.6422812 0.0000151
264.6634755 0.0000147
264.6846399 0.0000143
264.7058043 0.0000150
264.7269987 0.0000142
264.7481631 0.0000141
264.7693574 0.0000160
264.7905218 0.0000212
264.8116862 0.0000158
264.8328806 0.0000149
264.8540350 0.0000178
264.8751994 0.0000155
264.8963937 0.0000147
264.9175581 0.0000120
264.9387225 0.0000156
264.9599169 0.0000138
264.9810813 0.0000159
265.0022457 0.0000155
265.0234401 0.0000160
265.0446045 0.0000148
265.0657689 0.0000152
265.0869632 0.0000160
265.1081276 0.0000148
265.1292920 0.0000163
265.1504564 0.0000183
265.1716508 0.0000157
265.1928052 0.0000174
265.2139696 0.0000152
265.2351340 0.0000162
265.2563284 0.0000140
265.2774928 0.0000157
265.2986572 0.0000154
265.3198216 0.0000152
265.3410160 0.0000147
265.3621804 0.0000159
265.3833448 0.0000150
265.4045092 0.0000161
265.4256736 0.0000162
265.4468680 0.0000161
265.4680324 0.0000148
265.4891868 0.0000159
265.5103512 0.0000162
265.5315156 0.0000163
265.5526801 0.0000179
265.5738445 0.0000161
265.5950389 0.0000162
265.6162033 0.0000166
265.6373677 0.0000153
265.6585321 0.0000156
265.6796965 0.0000152
265.7008609 0.0000163
265.7220253 0.0000162
265.7431897 0.0000159
265.7643442 0.0000164
265.7855386 0.0000158
265.8067030 0.0000155
265.8278674 0.0000159
265.8490318 0.0000157
265.8701962 0.0000158
265.8913607 0.0000153
265.9125251 0.0000164
265.9336895 0.0000171
265.9548539 0.0000156
265.9760183 0.0000171
265.9971828 0.0000155
266.0183472 0.0000169
266.0395016 0.0000171
266.0606660 0.0000160
266.0818305 0.0000164
266.1029949 0.0000162
266.1241593 0.0000141
266.1453237 0.0000146
266.1664882 0.0000163
266.1876526 0.0000171
266.2088170 0.0000164
266.2299815 0.0000141
266.2511459 0.0000170
266.2722803 0.0000176
266.2934348 0.0000167
266.3145992 0.0000164
266.3357636 0.0000175
266.3569281 0.0000169
266.3780925 0.0000176
266.3992569 0.0000167
266.4204214 0.0000254
266.4415858 0.0000169
266.4627203 0.0000166
266.4838847 0.0000171
266.5050491 0.0000166
266.5262136 0.0000167
266.5473680 0.0000180
266.5685325 0.0000168
266.5896969 0.0000166
266.6108314 0.0000169
266.6319958 0.0000166
266.6531602 0.0000164
266.6743247 0.0000171
266.6954891 0.0000168
266.7166236 0.0000180
266.7377880 0.0000168
266.7589525 0.0000167
266.7801069 0.0000176
266.8012414 0.0000150
266.8224058 0.0000168
266.8435703 0.0000168
266.8647347 0.0000170
266.8858692 0.0000176
266.9070336 0.0000172
266.9281981 0.0000175
266.9493625 0.0000175
266.9704970 0.0000181
266.9916615 0.0000178
267.0128159 0.0000199
267.0339504 0.0000176
267.0551149 0.0000175
267.0762793 0.0000174
267.0974138 0.0000174
267.1185782 0.0000178
267.1397427 0.0000175
267.1608772 0.0000179
267.1820416 0.0000183
267.2032061 0.0000186
267.2243306 0.0000174
267.2454950 0.0000183
267.2666295 0.0000186
267.2877940 0.0000200
267.3089584 0.0000193
267.3300929 0.0000175
267.3512574 0.0000193
267.3723918 0.0000208
267.3935563 0.0000189
267.4146908 0.0000180
267.4358452 0.0000191
267.4570097 0.0000182
267.4781442 0.0000186
267.4993087 0.0000185
267.5204431 0.0000196
267.5416076 0.0000187
267.5627421 0.0000184
267.5839066 0.0000185
267.6050411 0.0000186
267.6262055 0.0000193
267.6473300 0.0000186
267.6684945 0.0000190
267.6896290 0.0000211
267.7107934 0.0000207
267.7319279 0.0000186
267.7530924 0.0000188
267.7742269 0.0000189
267.7953614 0.0000192
267.8165259 0.0000190
267.8376504 0.0000197
267.8588148 0.0000201
267.8799493 0.0000197
267.9011138 0.0000190
267.9222483 0.0000195
267.9433828 0.0000188
267.9645473 0.0000192
267.9856818 0.0000199
268.0068463 0.0000192
268.0279708 0.0000203
268.0491053 0.0000195
268.0702698 0.0000188
268.0914043 0.0000191
268.1125388 0.0000195
268.1337032 0.0000196
268.1548377 0.0000199
268.1759723 0.0000200
268.1971367 0.0000200
268.2182612 0.0000204
268.2393958 0.0000200
268.2605602 0.0000202
268.2816947 0.0000202
268.3028293 0.0000241
268.3239638 0.0000205
268.3451282 0.0000206
268.3662628 0.0000209
268.3873873 0.0000204
268.4085218 0.0000205
268.4296863 0.0000203
268.4508208 0.0000205
268.4719553 0.0000212
268.4930898 0.0000199
268.5142543 0.0000210
268.5353888 0.0000209
268.5565133 0.0000207
268.5776479 0.0000208
268.5987824 0.0000204
268.6199469 0.0000203
268.6410814 0.0000192
268.6622159 0.0000186
268.6833504 0.0000207
268.7044849 0.0000205
268.7256095 0.0000208
268.7467440 0.0000210
268.7679085 0.0000211
268.7890430 0.0000205
268.8101775 0.0000210
268.8313121 0.0000198
268.8524466 0.0000145
268.8735811 0.0000190
268.8947056 0.0000214
268.9158402 0.0000211
268.9369747 0.0000215
268.9581092 0.0000205
268.9792737 0.0000218
269.0004082 0.0000215
269.0215428 0.0000218
269.0426773 0.0000216
269.0638018 0.0000210
269.0849364 0.0000216
269.1060709 0.0000213
269.1272054 0.0000221
269.1483399 0.0000220
269.1694745 0.0000215
269.1906090 0.0000216
269.2117435 0.0000225
269.2328681 0.0000219
269.2540026 0.0000216
269.2751372 0.0000223
269.2962717 0.0000219
269.3174062 0.0000225
269.3385408 0.0000220
269.3596453 0.0000220
269.3807699 0.0000216
269.4019044 0.0000229
269.4230389 0.0000221
269.4441735 0.0000221
269.4653080 0.0000223
269.4864426 0.0000221
269.5075771 0.0000229
269.5287116 0.0000220
269.5498362 0.0000229
269.5709707 0.0000229
269.5920753 0.0000228
269.6132098 0.0000230
269.6343444 0.0000232
269.6554789 0.0000232
269.6766135 0.0000228
269.6977380 0.0000225
269.7188426 0.0000219
269.7399772 0.0000238
269.7611117 0.0000232
269.7822462 0.0000233
269.8033808 0.0000235
269.8244854 0.0000226
269.8456099 0.0000228
269.8667445 0.0000236
269.8878790 0.0000232
269.9090136 0.0000226
269.9301182 0.0000226
269.9512527 0.0000236
269.9723873 0.0000245
269.9935118 0.0000245
270.0146164 0.0000236
270.0357510 0.0000246
270.0568855 0.0000237
270.0779901 0.0000241
270.0991246 0.0000242
270.1202592 0.0000242
270.1413538 0.0000238
270.1624884 0.0000246
270.1836229 0.0000245
270.2047575 0.0000254
270.2258621 0.0000250
270.2469966 0.0000244
270.2680912 0.0000251
270.2892258 0.0000250
270.3103603 0.0000249
270.3314649 0.0000253
270.3525995 0.0000245
270.3737340 0.0000256
270.3948386 0.0000258
270.4159632 0.0000252
270.4370678 0.0000258
270.4582024 0.0000254
270.4793369 0.0000264
270.5004415 0.0000255
270.5215761 0.0000253
270.5426707 0.0000257
270.5638053 0.0000261
270.5849098 0.0000258
270.6060444 0.0000264
270.6271490 0.0000267
270.6482836 0.0000263
270.6693882 0.0000270
270.6905128 0.0000264
270.7116174 0.0000264
270.7327519 0.0000264
270.7538565 0.0000273
270.7749911 0.0000265
270.7960957 0.0000272
270.8172203 0.0000270
270.8383249 0.0000270
270.8594595 0.0000269
270.8805641 0.0000271
270.9016986 0.0000265
270.9228032 0.0000273
270.9438979 0.0000273
270.9650324 0.0000270
270.9861370 0.0000266
271.0072716 0.0000254
271.0283762 0.0000170
271.0494808 0.0000288
271.0706154 0.0000276
271.0917100 0.0000281
271.1128446 0.0000288
271.1339492 0.0000285
271.1550538 0.0000292
271.1761884 0.0000286
271.1972930 0.0000287
271.2183876 0.0000288
271.2395222 0.0000285
271.2606268 0.0000294
271.2817315 0.0000298
271.3028660 0.0000292
271.3239707 0.0000299
271.3450653 0.0000299
271.3661699 0.0000293
271.3873045 0.0000285
271.4084091 0.0000302
271.4295137 0.0000304
271.4506483 0.0000308
271.4717429 0.0000303
271.4928475 0.0000309
271.5139522 0.0000315
271.5350568 0.0000312
271.5561914 0.0000321
271.5772860 0.0000312
271.5983906 0.0000323
271.6194952 0.0000329
271.6406298 0.0000338
271.6617345 0.0000326
271.6828391 0.0000333
271.7039337 0.0000329
271.7250383 0.0000335
271.7461430 0.0000332
271.7672776 0.0000341
271.7883822 0.0000343
271.8094868 0.0000342
271.8305815 0.0000339
271.8516861 0.0000345
271.8727907 0.0000348
271.8938953 0.0000341
271.9150000 0.0000351
271.9361246 0.0000353
271.9572292 0.0000352
271.9783338 0.0000346
271.9994385 0.0000347
272.0205431 0.0000356
272.0416477 0.0000357
272.0627424 0.0000355
272.0838470 0.0000357
272.1049516 0.0000373
272.1260563 0.0000374
272.1471609 0.0000365
272.1682556 0.0000378
272.1893602 0.0000380
272.2104648 0.0000375
272.2315695 0.0000370
272.2526741 0.0000376
272.2737787 0.0000378
272.2948734 0.0000386
272.3159780 0.0000385
272.3370827 0.0000386
272.3581873 0.0000387
272.3792920 0.0000382
272.4003866 0.0000384
272.4214913 0.0000383
272.4425959 0.0000397
272.4637005 0.0000395
272.4847752 0.0000383
272.5058699 0.0000403
272.5269745 0.0000404
272.5480791 0.0000406
272.5691838 0.0000412
272.5902884 0.0000406
272.6113931 0.0000419
272.6324877 0.0000421
272.6535924 0.0000418
272.6746671 0.0000416
272.6957717 0.0000431
272.7168764 0.0000435
272.7379710 0.0000441
272.7590757 0.0000434
272.7801803 0.0000447
272.8012550 0.0000451
272.8223597 0.0000449
272.8434543 0.0000451
272.8645590 0.0000455
272.8856337 0.0000447
272.9067383 0.0000465
272.9278430 0.0000458
272.9489376 0.0000465
272.9700423 0.0000464
272.9911170 0.0000473
273.0122216 0.0000479
273.0333263 0.0000479
273.0543910 0.0000485
273.0754956 0.0000492
273.0966003 0.0000502
273.1177050 0.0000504
273.1387796 0.0000513
273.1598743 0.0000518
273.1809790 0.0000515
273.2020537 0.0000528
273.2231583 0.0000528
273.2442630 0.0000545
273.2653277 0.0000535
273.2864324 0.0000538
273.3075370 0.0000544
273.3286117 0.0000556
273.3497164 0.0000548
273.3707811 0.0000558
273.3918857 0.0000565
273.4129904 0.0000570
273.4340651 0.0000574
273.4551698 0.0000586
273.4762345 0.0000581
273.4973392 0.0000584
273.5184138 0.0000590
273.5395185 0.0000600
273.5606232 0.0000616
273.5816879 0.0000624
273.6027926 0.0000633
273.6238673 0.0000630
273.6449719 0.0000629
273.6660466 0.0000628
273.6871413 0.0000681
273.7082160 0.0000660
273.7293207 0.0000621
273.7503954 0.0000625
273.7715001 0.0000675
273.7925648 0.0000671
273.8136695 0.0000677
273.8347442 0.0000677
273.8558489 0.0000749
273.8769136 0.0000762
273.8979883 0.0000713
273.9190930 0.0000718
273.9401677 0.0000716
273.9612724 0.0000725
273.9823371 0.0000741
274.0034118 0.0000746
274.0245165 0.0000766
274.0455912 0.0000777
274.0666959 0.0000785
274.0877606 0.0000794
274.1088353 0.0000796
274.1299400 0.0000814
274.1510147 0.0000826
274.1720794 0.0000831
274.1931841 0.0000844
274.2142588 0.0000864
274.2353335 0.0000865
274.2564382 0.0000874
274.2775029 0.0000883
274.2985777 0.0000902
274.3196824 0.0000906
274.3407571 0.0000929
274.3618218 0.0000936
274.3828965 0.0000941
274.4040012 0.0000948
274.4250759 0.0000978
274.4461506 0.0000994
274.4672154 0.0001010
274.4883201 0.0001020
274.5093948 0.0001044
274.5304695 0.0001059
274.5515343 0.0001058
274.5726390 0.0001075
274.5937137 0.0001104
274.6147884 0.0001122
274.6358631 0.0001143
274.6569279 0.0001165
274.6780026 0.0001183
274.6991073 0.0001212
274.7201820 0.0001224
274.7412468 0.0001244
274.7623215 0.0001269
274.7833962 0.0001297
274.8044709 0.0001322
274.8255357 0.0001354
274.8466404 0.0001377
274.8677151 0.0001411
274.8887898 0.0001444
274.9098646 0.0001457
274.9309293 0.0001506
274.9520041 0.0001560
274.9730788 0.0001581
274.9941535 0.0001628
275.0152183 0.0001674
275.0362930 0.0001733
275.0573677 0.0001787
275.0784425 0.0001853
275.0995072 0.0001912
275.1205820 0.0001986
275.1416567 0.0002054
275.1627314 0.0002145
275.1838062 0.0002229
275.2048709 0.0002318
275.2259457 0.0002432
275.2470204 0.0002539
275.2680952 0.0002670
275.2891599 0.0002790
275.3102346 0.0002941
275.3313094 0.0003116
275.3523841 0.0003262
275.3734489 0.0003422
275.3945236 0.0003608
275.4155984 0.0003789
275.4366731 0.0004018
275.4577379 0.0004246
275.4787827 0.0004455
275.4998574 0.0004717
275.5209322 0.0004997
275.5419969 0.0005201
275.5630717 0.0005595
275.5841464 0.0005961
275.6052212 0.0006295
275.6262559 0.0006667
275.6473307 0.0007078
275.6684054 0.0007508
275.6894802 0.0007985
275.7105550 0.0008481
275.7316197 0.0009058
275.7526645 0.0009580
275.7737393 0.0010158
275.7948140 0.0010800
275.8158788 0.0011480
275.8369535 0.0012202
275.8579983 0.0012898
275.8790731 0.0013688
275.9001378 0.0014610
275.9212126 0.0015587
275.9422574 0.0016446
275.9633321 0.0017330
275.9843969 0.0018237
276.0054417 0.0019139
276.0265165 0.0020161
276.0475912 0.0021134
276.0686260 0.0022236
276.0897008 0.0023305
276.1107755 0.0024418
276.1318203 0.0025514
276.1528851 0.0026648
276.1739599 0.0027782
276.1950047 0.0030038
276.2160794 0.0031435
276.2371442 0.0031648
276.2581890 0.0031690
276.2792638 0.0031713
276.3003385 0.0031717
276.3213733 0.0031883
276.3424481 0.0032026
276.3634929 0.0032209
276.3845677 0.0032461
276.4056025 0.0032507
276.4266773 0.0032334
276.4477520 0.0032243
276.4687868 0.0032233
276.4898616 0.0032038
276.5109064 0.0031743
276.5319812 0.0031577
276.5530160 0.0031777
276.5740908 0.0031973
276.5951356 0.0032062
276.6162103 0.0032152
276.6372452 0.0032188
276.6583199 0.0032213
276.6793647 0.0032021
276.7004395 0.0031931
276.7214743 0.0031968
276.7425491 0.0032060
276.7635939 0.0032069
276.7846387 0.0032049
276.8057035 0.0032046
276.8267483 0.0031974
276.8478231 0.0031865
276.8688579 0.0031940
276.8899327 0.0032007
276.9109775 0.0032063
276.9320223 0.0031878
276.9530871 0.0031814
276.9741319 0.0031848
276.9951767 0.0031833
277.0162515 0.0031686
277.0372864 0.0031841
277.0583611 0.0032021
277.0794060 0.0032040
277.1004508 0.0031907
277.1214856 0.0031836
277.1425604 0.0031717
277.1636052 0.0031642
277.1846400 0.0031572
277.2057148 0.0031393
277.2267596 0.0031282
277.2478045 0.0031171
277.2688693 0.0031112
277.2899141 0.0031224
277.3109589 0.0031286
277.3320037 0.0031268
277.3530685 0.0031295
277.3741134 0.0031408
277.3951582 0.0031340
277.4161930 0.0031186
277.4372378 0.0031098
277.4583126 0.0031025
277.4793575 0.0031197
277.5003923 0.0031265
277.5214371 0.0031176
277.5424819 0.0031110
277.5635168 0.0030827
277.5845916 0.0030446
277.6056364 0.0030144
277.6266812 0.0030106
277.6477161 0.0030263
277.6687609 0.0030231
277.6898057 0.0030090
277.7108506 0.0030041
277.7319154 0.0030031
277.7529602 0.0029923
277.7740050 0.0029788
277.7950399 0.0029677
277.8160847 0.0029641
277.8371296 0.0029550
277.8581744 0.0029276
277.8792092 0.0027449
277.9002541 0.0011896
277.9212989 0.0011674
277.9423337 0.0010671
277.9633786 0.0009788
277.9844234 0.0009030
278.0054683 0.0008364
278.0265031 0.0007772
278.0475479 0.0007215
278.0685928 0.0006697
278.0896276 0.0006230
278.1106725 0.0005840
278.1317173 0.0005456
278.1527622 0.0005144
278.1737970 0.0004822
278.1948419 0.0004547
278.2158867 0.0004301
278.2369216 0.0004068
278.2579664 0.0003851
278.2790112 0.0003647
278.3000561 0.0003457
278.3210610 0.0003299
278.3421058 0.0003156
278.3631507 0.0003016
278.3841855 0.0002862
278.4052304 0.0002745
278.4262752 0.0002637
278.4473101 0.0002520
278.4683250 0.0002418
278.4893698 0.0002326
278.5104147 0.0002247
278.5314495 0.0002154
278.5524944 0.0002079
278.5735392 0.0001999
278.5945441 0.0001928
278.6155890 0.0001861
278.6366338 0.0001798
278.6576687 0.0001739
278.6786836 0.0001684
278.6997284 0.0001654
278.7207733 0.0001672
278.7418082 0.0001558
278.7628230 0.0001510
278.7838679 0.0001469
278.8049028 0.0001429
278.8259476 0.0001394
278.8469625 0.0001351
278.8679974 0.0001317
278.8890422 0.0001294
278.9100571 0.0001264
278.9311020 0.0001221
278.9521369 0.0001200
278.9731517 0.0001169
278.9941966 0.0001143
279.0152315 0.0001110
279.0362464 0.0001080
279.0572912 0.0001059
279.0783261 0.0001039
279.0993410 0.0001016
279.1203859 0.0000995
279.1413908 0.0000972
279.1624356 0.0000963
279.1834805 0.0000938
279.2044954 0.0000914
279.2255303 0.0000895
279.2465452 0.0000885
279.2675901 0.0000864
279.2885950 0.0000861
279.3096398 0.0000843
279.3306847 0.0000822
279.3516896 0.0000804
279.3727345 0.0000792
279.3937494 0.0000778
279.4147843 0.0000769
279.4357992 0.0000756
279.4568440 0.0000745
279.4778589 0.0000727
279.4988938 0.0000717
279.5199087 0.0000708
279.5409236 0.0000688
279.5619585 0.0000677
279.5829734 0.0000670
279.6040183 0.0000656
279.6250232 0.0000649
279.6460681 0.0000635
279.6670830 0.0000636
279.6880879 0.0000620
279.7091328 0.0000615
279.7301477 0.0000602
279.7511826 0.0000594
279.7721975 0.0000582
279.7932124 0.0000583
279.8142473 0.0000570
279.8352622 0.0000571
279.8562772 0.0000562
279.8773120 0.0000552
279.8983270 0.0000549
279.9193419 0.0000546
279.9403868 0.0000527
279.9613917 0.0000528
279.9824066 0.0000518
280.0034515 0.0000506
280.0244564 0.0000503
280.0454713 0.0000499
280.0664862 0.0000492
280.0875212 0.0000484
280.1085361 0.0000475
280.1295510 0.0000471
280.1505559 0.0000457
280.1716008 0.0000465
280.1926157 0.0000460
280.2136207 0.0000449
280.2346356 0.0000444
280.2556805 0.0000442
280.2766854 0.0000431
280.2977003 0.0000427
280.3187153 0.0000424
280.3397202 0.0000393
280.3607351 0.0000422
280.3817800 0.0000418
280.4027850 0.0000410
280.4237999 0.0000406
280.4448148 0.0000410
280.4658197 0.0000403
280.4868347 0.0000398
280.5078496 0.0000396
280.5288545 0.0000390
280.5498994 0.0000387
280.5709144 0.0000388
280.5919193 0.0000379
280.6129342 0.0000374
280.6339492 0.0000377
280.6549541 0.0000366
280.6759690 0.0000356
280.6969840 0.0000366
280.7179889 0.0000361
280.7390039 0.0000354
280.7600188 0.0000354
280.7810237 0.0000351
280.8020387 0.0000352
280.8230536 0.0000343
280.8440586 0.0000336
280.8650735 0.0000339
280.8860884 0.0000329
280.9070934 0.0000330
280.9281083 0.0000327
280.9491233 0.0000336
280.9701282 0.0000319
280.9911431 0.0000308
281.0121581 0.0000318
281.0331630 0.0000319
281.0541480 0.0000313
281.0751530 0.0000313
281.0961679 0.0000310
281.1171828 0.0000308
281.1381878 0.0000296
281.1592027 0.0000302
281.1802177 0.0000296
281.2012227 0.0000291
281.2222076 0.0000297
281.2432226 0.0000289
281.2642275 0.0000287
281.2852425 0.0000278
281.3062574 0.0000288
281.3272624 0.0000279
281.3482474 0.0000278
281.3692623 0.0000273
281.3902673 0.0000267
281.4112822 0.0000267
281.4322672 0.0000267
281.4532722 0.0000268
281.4742871 0.0000262
281.4953021 0.0000260
281.5162771 0.0000255
281.5372920 0.0000257
281.5582970 0.0000253
281.5793119 0.0000265
281.6002969 0.0000255
281.6213019 0.0000251
281.6423168 0.0000250
281.6633018 0.0000252
281.6843068 0.0000240
281.7053218 0.0000244
281.7263067 0.0000243
281.7473117 0.0000240
281.7683267 0.0000247
281.7893117 0.0000236
281.8103166 0.0000240
281.8313316 0.0000241
281.8523066 0.0000237
281.8733215 0.0000229
281.8943065 0.0000233
281.9153115 0.0000234
281.9363265 0.0000233
281.9573115 0.0000230
281.9783164 0.0000231
281.9993014 0.0000206
282.0203164 0.0000226
282.0412914 0.0000227
282.0623064 0.0000230
282.0832814 0.0000226
282.1042963 0.0000230
282.1253113 0.0000229
282.1462863 0.0000228
282.1673013 0.0000231
282.1882863 0.0000224
282.2092613 0.0000214
282.2302763 0.0000228
282.2512613 0.0000228
282.2722663 0.0000234
282.2932513 0.0000237
282.3142662 0.0000235
282.3352412 0.0000239
282.3562562 0.0000238
282.3772312 0.0000243
282.3982162 0.0000240
282.4192312 0.0000244
282.4402062 0.0000258
282.4612212 0.0000247
282.4822062 0.0000245
282.5031812 0.0000240
282.5241962 0.0000238
282.5451712 0.0000235
282.5661862 0.0000236
282.5871712 0.0000231
282.6081462 0.0000228
282.6291612 0.0000231
282.6501462 0.0000228
282.6711212 0.0000228
282.6921062 0.0000222
282.7131112 0.0000219
282.7340962 0.0000208
282.7550813 0.0000209
282.7760863 0.0000202
282.7970713 0.0000202
282.8180563 0.0000193
282.8390313 0.0000164
282.8600463 0.0000175
282.8810213 0.0000184
282.9020063 0.0000181
282.9229913 0.0000182
282.9439664 0.0000183
282.9649814 0.0000177
282.9859664 0.0000172
283.0069414 0.0000175
283.0279264 0.0000172
283.0489015 0.0000171
283.0699165 0.0000171
283.0909015 0.0000172
283.1118765 0.0000165
283.1328615 0.0000168
283.1538366 0.0000167
283.1748216 0.0000165
283.1958066 0.0000162
283.2167816 0.0000162
283.2377966 0.0000159
283.2587817 0.0000158
283.2797567 0.0000158
283.3007417 0.0000154
283.3217168 0.0000157
283.3427018 0.0000146
283.3636868 0.0000154
283.3846618 0.0000151
283.4056469 0.0000153
283.4266219 0.0000150
283.4476069 0.0000149
283.4685920 0.0000147
283.4895670 0.0000144
283.5105520 0.0000145
283.5315271 0.0000145
283.5525121 0.0000145
283.5734971 0.0000147
283.5944722 0.0000144
283.6154572 0.0000147
283.6364423 0.0000142
283.6574173 0.0000143
283.6784023 0.0000137
283.6993774 0.0000139
283.7203624 0.0000140
283.7413475 0.0000136
283.7623225 0.0000133
283.7832776 0.0000134
283.8042526 0.0000135
283.8252377 0.0000135
283.8462227 0.0000134
283.8671977 0.0000134
283.8881828 0.0000130
283.9091578 0.0000136
283.9301129 0.0000131
283.9510979 0.0000129
283.9720730 0.0000132
283.9930580 0.0000132
284.0140331 0.0000129
284.0350181 0.0000126
284.0559732 0.0000132
284.0769483 0.0000128
284.0979333 0.0000129
284.1189084 0.0000127
284.1398634 0.0000128
284.1608485 0.0000127
284.1818235 0.0000129
284.2028086 0.0000126
284.2237537 0.0000128
284.2447387 0.0000128
284.2657238 0.0000124
284.2866988 0.0000122
284.3076539 0.0000122
284.3286290 0.0000122
284.3496140 0.0000123
284.3705591 0.0000120
284.3915442 0.0000120
284.4125292 0.0000124
284.4334743 0.0000127
284.4544594 0.0000118
284.4754344 0.0000121
284.4963895 0.0000123
284.5173746 0.0000118
284.5383197 0.0000124
284.5593047 0.0000119
284.5802798 0.0000120
284.6012349 0.0000119
284.6222199 0.0000118
284.6431650 0.0000119
284.6641501 0.0000118
284.6850952 0.0000117
284.7060802 0.0000119
284.7270653 0.0000117
284.7480104 0.0000112
284.7689955 0.0000114
284.7899406 0.0000115
284.8109256 0.0000113
284.8318707 0.0000114
284.8528558 0.0000118
284.8738109 0.0000115
284.8947860 0.0000110
284.9157411 0.0000115
284.9366862 0.0000113
284.9576712 0.0000114
284.9786163 0.0000112
284.9996014 0.0000116
285.0205565 0.0000116
285.0415316 0.0000109
285.0624867 0.0000111
285.0834318 0.0000108
285.1044169 0.0000109
285.1253720 0.0000107
285.1463470 0.0000112
285.1673021 0.0000110
285.1882472 0.0000111
285.2092323 0.0000111
285.2301774 0.0000106
285.2511325 0.0000105
285.2721176 0.0000107
285.2930627 0.0000104
285.3140178 0.0000107
285.3349929 0.0000107
285.3559480 0.0000105
285.3768931 0.0000103
285.3978782 0.0000104
285.4188333 0.0000102
285.4397784 0.0000103
285.4607335 0.0000102
285.4817086 0.0000105
285.5026637 0.0000103
285.5236088 0.0000104
285.5445640 0.0000101
285.5655490 0.0000104
285.5864942 0.0000105
285.6074493 0.0000102
285.6283944 0.0000102
285.6493495 0.0000105
285.6703246 0.0000105
285.6912797 0.0000100
285.7122348 0.0000100
285.7331799 0.0000098
285.7541351 0.0000102
285.7750802 0.0000100
285.7960353 0.0000099
285.8170104 0.0000096
285.8379655 0.0000099
285.8589206 0.0000102
285.8798658 0.0000096
285.9008209 0.0000098
285.9217660 0.0000097
285.9427211 0.0000097
285.9636662 0.0000099
285.9846214 0.0000095
286.0055665 0.0000101
286.0265216 0.0000099
286.0474767 0.0000101
286.0684219 0.0000100
286.0893770 0.0000099
286.1103221 0.0000103
286.1312772 0.0000100
286.1522224 0.0000100
286.1731775 0.0000101
286.1941226 0.0000100
286.2150778 0.0000101
286.2360329 0.0000095
286.2569780 0.0000099
286.2779332 0.0000098
286.2988783 0.0000100
286.3198334 0.0000096
286.3407786 0.0000097
286.3617337 0.0000096
286.3826788 0.0000096
286.4036340 0.0000094
286.4245891 0.0000093
286.4455342 0.0000091
286.4664594 0.0000092
286.4874045 0.0000091
286.5083597 0.0000085
286.5293048 0.0000089
286.5502599 0.0000090
286.5712051 0.0000087
286.5921302 0.0000088
286.6130754 0.0000087
286.6340305 0.0000086
286.6549857 0.0000087
286.6759308 0.0000086
286.6968560 0.0000085
286.7178011 0.0000083
286.7387563 0.0000082
286.7597014 0.0000082
286.7806566 0.0000084
286.8015717 0.0000081
286.8225269 0.0000083
286.8434820 0.0000083
286.8643972 0.0000089
286.8853523 0.0000081
286.9062975 0.0000077
286.9272526 0.0000081
286.9481678 0.0000079
286.9691230 0.0000080
286.9900681 0.0000080
287.0109933 0.0000075
287.0319384 0.0000075
287.0528936 0.0000077
287.0738088 0.0000076
287.0947639 0.0000077
287.1156891 0.0000076
287.1366342 0.0000079
287.1575894 0.0000074
287.1785046 0.0000077
287.1994597 0.0000076
287.2203749 0.0000074
287.2413301 0.0000073
287.2622752 0.0000068
287.2832004 0.0000041
287.3041456 0.0000054
287.3250708 0.0000076
287.3460159 0.0000075
287.3669411 0.0000076
287.3878963 0.0000074
287.4088114 0.0000074
287.4297666 0.0000074
287.4506818 0.0000074
287.4716370 0.0000073
287.4925521 0.0000076
287.5135073 0.0000073
287.5344225 0.0000071
287.5553777 0.0000071
287.5762929 0.0000071
287.5972180 0.0000071
287.6181632 0.0000076
287.6390884 0.0000072
287.6600336 0.0000070
287.6809588 0.0000074
287.7019039 0.0000070
287.7228291 0.0000068
287.7437443 0.0000069
287.7646995 0.0000069
287.7856247 0.0000068
287.8065399 0.0000089
287.8274951 0.0000084
287.8484102 0.0000068
287.8693354 0.0000068
287.8902806 0.0000065
287.9112058 0.0000064
287.9321210 0.0000069
287.9530762 0.0000067
287.9739914 0.0000065
287.9949166 0.0000068
288.0158318 0.0000066
288.0367870 0.0000066
288.0577022 0.0000066
288.0786274 0.0000066
288.0995426 0.0000065
288.1204978 0.0000063
288.1414130 0.0000064
288.1623382 0.0000060
288.1832534 0.0000063
288.2042086 0.0000064
288.2251238 0.0000065
288.2460490 0.0000064
288.2669642 0.0000063
288.2878894 0.0000060
288.3088046 0.0000067
288.3297598 0.0000070
288.3506850 0.0000057
288.3716002 0.0000063
288.3925254 0.0000061
288.4134406 0.0000064
288.4343658 0.0000062
288.4552811 0.0000062
288.4762063 0.0000059
288.4971215 0.0000064
288.5180467 0.0000089
288.5389919 0.0000064
288.5599171 0.0000062
288.5808323 0.0000060
288.6017575 0.0000062
288.6226728 0.0000060
288.6435980 0.0000058
288.6645132 0.0000060
288.6854384 0.0000059
288.7063536 0.0000060
288.7272788 0.0000058
288.7481941 0.0000060
288.7691193 0.0000059
288.7900345 0.0000061
288.8109597 0.0000059
288.8318750 0.0000059
288.8528002 0.0000058
288.8736854 0.0000060
288.8946106 0.0000056
288.9155259 0.0000058
288.9364511 0.0000057
288.9573663 0.0000056
288.9782915 0.0000060
288.9992068 0.0000057
289.0201320 0.0000056
289.0410472 0.0000055
289.0619725 0.0000054
289.0828577 0.0000058
289.1037829 0.0000055
289.1246982 0.0000056
289.1456234 0.0000057
289.1665386 0.0000057
289.1874339 0.0000055
289.2083491 0.0000052
289.2292744 0.0000059
289.2501896 0.0000055
289.2711148 0.0000055
289.2920001 0.0000056
289.3129253 0.0000054
289.3338406 0.0000055
289.3547658 0.0000055
289.3756511 0.0000055
289.3965763 0.0000052
289.4174915 0.0000055
289.4384168 0.0000055
289.4593020 0.0000052
289.4802273 0.0000054
289.5011425 0.0000053
289.5220378 0.0000051
289.5429530 0.0000055
289.5638783 0.0000052
289.5847635 0.0000052
289.6056888 0.0000051
289.6266040 0.0000054
289.6474893 0.0000052
289.6684145 0.0000050
289.6892998 0.0000050
289.7102250 0.0000049
289.7311403 0.0000049
289.7520356 0.0000047
289.7729508 0.0000050
289.7938461 0.0000051
289.8147613 0.0000048
289.8356566 0.0000051
289.8565718 0.0000051
289.8774971 0.0000051
289.8983824 0.0000049
289.9193076 0.0000049
289.9401929 0.0000047
289.9611181 0.0000048
289.9820034 0.0000048
290.0029287 0.0000048
290.0238140 0.0000050
290.0447392 0.0000049
290.0656245 0.0000051
290.0865198 0.0000049
290.1074350 0.0000047
290.1283303 0.0000047
290.1492456 0.0000047
290.1701408 0.0000049
290.1910561 0.0000048
290.2119414 0.0000049
290.2328367 0.0000049
290.2537519 0.0000047
290.2746472 0.0000047
290.2955325 0.0000049
290.3164578 0.0000046
290.3373430 0.0000045
290.3582683 0.0000047
290.3791536 0.0000049
290.4000489 0.0000048
290.4209641 0.0000048
290.4418594 0.0000048
290.4627447 0.0000046
290.4836400 0.0000048
290.5045553 0.0000046
290.5254506 0.0000049
290.5463359 0.0000045
290.5672611 0.0000046
290.5881464 0.0000047
290.6090317 0.0000042
290.6299270 0.0000048
290.6508123 0.0000045
290.6717376 0.0000046
290.6926229 0.0000044
290.7135182 0.0000042
290.7344035 0.0000041
290.7552988 0.0000042
290.7762140 0.0000045
290.7971093 0.0000040
290.8179946 0.0000044
290.8388899 0.0000043
290.8597752 0.0000036
290.8806605 0.0000036
290.9015858 0.0000043
290.9224711 0.0000042
290.9433664 0.0000040
290.9642517 0.0000039
290.9851470 0.0000041
291.0060323 0.0000040
291.0269276 0.0000040
291.0478129 0.0000040
291.0687082 0.0000037
291.0895935 0.0000039
291.1104788 0.0000038
291.1313741 0.0000039
291.1522595 0.0000039
291.1731548 0.0000037
291.1940401 0.0000041
291.2149354 0.0000040
291.2358207 0.0000044
291.2567160 0.0000040
291.2776013 0.0000040
291.2984966 0.0000042
291.3193819 0.0000040
291.3402672 0.0000037
291.3611626 0.0000038
291.3820479 0.0000036
291.4029432 0.0000039
291.4238285 0.0000041
291.4447238 0.0000038
291.4656091 0.0000040
291.4865044 0.0000038
291.5073598 0.0000039
291.5282551 0.0000038
291.5491404 0.0000038
291.5700257 0.0000038
291.5909211 0.0000037
291.6118064 0.0000039
291.6327017 0.0000039
291.6535570 0.0000039
291.6744524 0.0000036
291.6953377 0.0000036
291.7162330 0.0000037
291.7371183 0.0000034
291.7579737 0.0000032
291.7788690 0.0000037
291.7997543 0.0000038
291.8206496 0.0000038
291.8415050 0.0000037
291.8624003 0.0000038
291.8832856 0.0000040
291.9041810 0.0000040
291.9250363 0.0000037
291.9459217 0.0000037
291.9668170 0.0000037
291.9876723 0.0000036
292.0085677 0.0000038
292.0294530 0.0000039
292.0503183 0.0000038
292.0712037 0.0000038
292.0920890 0.0000036
292.1129544 0.0000039
292.1338397 0.0000035
292.1547350 0.0000038
292.1755904 0.0000037
292.1964857 0.0000035
292.2173411 0.0000030
292.2382264 0.0000036
292.2591218 0.0000033
292.2799771 0.0000037
292.3008725 0.0000034
292.3217278 0.0000035
292.3426232 0.0000034
292.3634785 0.0000034
292.3843739 0.0000036
292.4052292 0.0000031
292.4261146 0.0000034
292.4469799 0.0000037
292.4678653 0.0000035
292.4887306 0.0000036
292.5096160 0.0000034
292.5304713 0.0000036
292.5513667 0.0000033
292.5722221 0.0000035
292.5931174 0.0000035
292.6139728 0.0000031
292.6348381 0.0000035
292.6557235 0.0000033
292.6765789 0.0000034
292.6974742 0.0000033
292.7183296 0.0000034
292.7391949 0.0000035
292.7600803 0.0000031
292.7809457 0.0000033
292.8018010 0.0000033
292.8226864 0.0000036
292.8435518 0.0000036
292.8644071 0.0000034
292.8853025 0.0000027
292.9061579 0.0000023
292.9270133 0.0000033
292.9479086 0.0000037
292.9687640 0.0000035
292.9896294 0.0000034
293.0105147 0.0000035
293.0313801 0.0000035
293.0522355 0.0000034
293.0730909 0.0000033
293.0939862 0.0000035
293.1148416 0.0000035
293.1357070 0.0000032
293.1565624 0.0000033
293.1774178 0.0000034
293.1983131 0.0000033
293.2191685 0.0000036
293.2400339 0.0000033
293.2608893 0.0000033
293.2817547 0.0000031
293.3026100 0.0000034
293.3234954 0.0000035
293.3443608 0.0000035
293.3652162 0.0000034
293.3860816 0.0000033
293.4069370 0.0000034
293.4277924 0.0000030
293.4486577 0.0000032
293.4695131 0.0000034
293.4903785 0.0000033
293.5112339 0.0000032
293.5320893 0.0000032
293.5529547 0.0000035
293.5738401 0.0000031
293.5947055 0.0000033
293.6155609 0.0000029
293.6364163 0.0000031
293.6572817 0.0000028
293.6781371 0.0000032
293.6990025 0.0000031
293.7198579 0.0000033
293.7406833 0.0000032
293.7615487 0.0000031
293.7824041 0.0000032
293.8032695 0.0000030
293.8241249 0.0000033
293.8449803 0.0000030
293.8658457 0.0000032
293.8867011 0.0000032
293.9075665 0.0000033
293.9284219 0.0000031
293.9492773 0.0000031
293.9701427 0.0000033
293.9909681 0.0000031
294.0118335 0.0000031
294.0326889 0.0000032
294.0535444 0.0000032
294.0744098 0.0000032
294.0952652 0.0000028
294.1161006 0.0000029
294.1369560 0.0000028
294.1578114 0.0000030
294.1786768 0.0000033
294.1995322 0.0000031
294.2203677 0.0000033
294.2412231 0.0000037
294.2620785 0.0000033
294.2829439 0.0000029
294.3037693 0.0000031
294.3246248 0.0000030
294.3454902 0.0000032
294.3663156 0.0000030
294.3871810 0.0000029
294.4080364 0.0000032
294.4288919 0.0000029
294.4497273 0.0000030
294.4705827 0.0000031
294.4914481 0.0000028
294.5122736 0.0000030
294.5331290 0.0000034
294.5539644 0.0000029
294.5748199 0.0000027
294.5956853 0.0000032
294.6165107 0.0000031
294.6373662 0.0000029
294.6582016 0.0000030
294.6790570 0.0000031
294.6999124 0.0000029
294.7207479 0.0000030
294.7416033 0.0000027
294.7624388 0.0000029
294.7832942 0.0000028
294.8041196 0.0000027
294.8249851 0.0000029
294.8458105 0.0000027
294.8666660 0.0000030
294.8875014 0.0000030
294.9083568 0.0000027
294.9291923 0.0000029
294.9500477 0.0000029
294.9708732 0.0000028
294.9917386 0.0000025
295.0125641 0.0000012
295.0334195 0.0000025
295.0542549 0.0000026
295.0750804 0.0000030
295.0959458 0.0000028
295.1167713 0.0000029
295.1376267 0.0000030
295.1584622 0.0000029
295.1792876 0.0000029
295.2001431 0.0000028
295.2209785 0.0000028
295.2418040 0.0000029
295.2626694 0.0000025
295.2834949 0.0000028
295.3043204 0.0000029
295.3251858 0.0000025
295.3460113 0.0000029
295.3668367 0.0000028
295.3877022 0.0000026
295.4085276 0.0000027
295.4293531 0.0000017
295.4501886 0.0000027
295.4710440 0.0000027
295.4918795 0.0000028
295.5127050 0.0000028
295.5335304 0.0000023
295.5543659 0.0000027
295.5752213 0.0000026
295.5960468 0.0000027
295.6168823 0.0000027
295.6377078 0.0000026
295.6585332 0.0000028
295.6793987 0.0000026
295.7002242 0.0000026
295.7210496 0.0000027
295.7418851 0.0000025
295.7627106 0.0000025
295.7835460 0.0000026
295.8043715 0.0000028
295.8251970 0.0000025
295.8460625 0.0000026
295.8668879 0.0000028
295.8877134 0.0000026
295.9085489 0.0000028
295.9293744 0.0000027
295.9501999 0.0000028
295.9710353 0.0000026
295.9918608 0.0000025
296.0126863 0.0000026
296.0335218 0.0000026
296.0543473 0.0000028
296.0751727 0.0000028
296.0960082 0.0000026
296.1168337 0.0000026
296.1376692 0.0000027
296.1584947 0.0000027
296.1793202 0.0000028
296.2001557 0.0000028
296.2209811 0.0000026
296.2418066 0.0000029
296.2626121 0.0000027
296.2834376 0.0000025
296.3042631 0.0000027
296.3250986 0.0000028
296.3459241 0.0000025
296.3667496 0.0000028
296.3875851 0.0000029
296.4084106 0.0000082
296.4292061 0.0000023
296.4500416 0.0000026
296.4708671 0.0000027
296.4916926 0.0000026
296.5125281 0.0000025
296.5333536 0.0000028
296.5541491 0.0000025
296.5749846 0.0000024
296.5958101 0.0000024
296.6166356 0.0000025
296.6374411 0.0000024
296.6582666 0.0000026
296.6790921 0.0000024
296.6999276 0.0000023
296.7207231 0.0000024
296.7415486 0.0000023
296.7623841 0.0000023
296.7831796 0.0000024
296.8040051 0.0000024
296.8248406 0.0000021
296.8456362 0.0000025
296.8664617 0.0000024
296.8872972 0.0000025
296.9080927 0.0000023
296.9289182 0.0000016
296.9497537 0.0000020
296.9705492 0.0000024
296.9913748 0.0000021
297.0121803 0.0000021
297.0330058 0.0000021
297.0538313 0.0000024
297.0746368 0.0000022
297.0954623 0.0000024
297.1162579 0.0000020
297.1370934 0.0000022
297.1578889 0.0000021
297.1787144 0.0000022
297.1995200 0.0000023
297.2203455 0.0000024
297.2411410 0.0000020
297.2619765 0.0000022
297.2827721 0.0000019
297.3035976 0.0000021
297.3244031 0.0000020
297.3452286 0.0000022
297.3660242 0.0000022
297.3868597 0.0000022
297.4076552 0.0000028
297.4284808 0.0000021
297.4492863 0.0000021
297.4700818 0.0000022
297.4909074 0.0000021
297.5117129 0.0000021
297.5325085 0.0000020
297.5533340 0.0000022
297.5741295 0.0000020
297.5949650 0.0000023
297.6157606 0.0000021
297.6365561 0.0000020
297.6573917 0.0000020
297.6781872 0.0000021
297.6989828 0.0000020
297.7197883 0.0000008
297.7406138 0.0000021
297.7614094 0.0000021
297.7822149 0.0000021
297.8030405 0.0000021
297.8238360 0.0000016
297.8446416 0.0000018
297.8654371 0.0000021
297.8862327 0.0000020
297.9070682 0.0000022
297.9278638 0.0000021
297.9486593 0.0000019
297.9694549 0.0000022
297.9902604 0.0000020
298.0110860 0.0000020
298.0318815 0.0000023
298.0526871 0.0000021
298.0734826 0.0000019
298.0942782 0.0000021
298.1150838 0.0000020
298.1358793 0.0000021
298.1567049 0.0000020
298.1775104 0.0000019
298.1983060 0.0000020
298.2191015 0.0000020
298.2398971 0.0000020
298.2607027 0.0000018
298.2814982 0.0000019
298.3022938 0.0000020
298.3230994 0.0000018
298.3438949 0.0000019
298.3646905 0.0000020
298.3854961 0.0000019
298.4062916 0.0000020
298.4270872 0.0000020
298.4478828 0.0000020
298.4686883 0.0000021
298.4894839 0.0000019
298.5102795 0.0000017
298.5310850 0.0000020
298.5518806 0.0000023
298.5726762 0.0000024
