# wl 	 %tx
 255.54304 -0.00198
 255.56430  0.00625
 255.58557  0.01458
 255.60682  0.00966
 255.62808  0.00000
 255.64933  0.00813
 255.67059  0.01564
 255.69184  0.01635
 255.71309  0.00272
 255.73435  0.01223
 255.75560  0.00272
 255.77686  0.00548
 255.79811  0.00410
 255.81937  0.01155
 255.84062  0.00542
 255.86189  0.00067
 255.88314  0.00676
 255.90439  0.01676
 255.92565  0.01538
 255.94690  0.00404
 255.96815 -0.00203
 255.98941  0.00202
 256.01066 -0.00134
 256.03192 -0.00536
 256.05317 -0.00202
 256.07442  0.01280
 256.09568  0.00674
 256.11693  0.00611
 256.13818  0.01218
 256.15943 -0.00402
 256.18068  0.00399
 256.20194  0.00066
 256.22319 -0.00264
 256.24445  0.00066
 256.26570  0.01199
 256.28696  0.00730
 256.30819 -0.00329
 256.32944  0.00065
 256.35070  0.00453
 256.37195 -0.00194
 256.39321  0.00452
 256.41446 -0.00194
 256.43571  0.00322
 256.45694  0.00322
 256.47819  0.00193
 256.49945  0.00829
 256.52070 -0.00383
 256.54195  0.00127
 256.56318  0.00192
 256.58443  0.00000
 256.60569  0.00447
 256.62695  0.00064
 256.64820  0.00064
 256.66943  0.01018
 256.69068  0.00191
 256.71194 -0.00446
 256.73319 -0.00127
 256.75442  0.00636
 256.77567  0.00570
 256.79692  0.00315
 256.81818  0.00501
 256.83940  0.01430
 256.86066 -0.00435
 256.88191  0.00062
 256.90316  0.00873
 256.92439  0.00435
 256.94564  0.00124
 256.96691 -0.00062
 256.98813  0.01368
 257.00938  0.01554
 257.03064  0.00618
 257.05186  0.01304
 257.07312  0.00438
 257.09437  0.01126
 257.11559  0.00250
 257.13685  0.00935
 257.15810  0.00623
 257.17933  0.00873
 257.20058 -0.00311
 257.22184  0.00062
 257.24306  0.00312
 257.26431  0.00000
 257.28554  0.00557
 257.30679  0.00185
 257.32806  0.00490
 257.34928  0.00183
 257.37053  0.00792
 257.39176 -0.00061
 257.41301  0.00185
 257.43424  0.00492
 257.45549  0.00123
 257.47675 -0.00489
 257.49797  0.00304
 257.51922  0.00122
 257.54045 -0.00976
 257.56170  0.01468
 257.58293  0.00183
 257.60418  0.00305
 257.62540  0.00241
 257.64666  0.00542
 257.66788  0.00060
 257.68914  0.00841
 257.71036  0.00000
 257.73161  0.00180
 257.75285  0.01192
 257.77410 -0.00832
 257.79533  0.01118
 257.81658  0.00000
 257.83781  0.00293
 257.85903  0.00059
 257.88028 -0.00525
 257.90151 -0.00405
 257.92276  0.00463
 257.94399  0.00405
 257.96524  0.00290
 257.98646  0.00174
 258.00769 -0.00058
 258.02894  0.00174
 258.05017  0.00406
 258.07142 -0.00116
 258.09265  0.00753
 258.11387 -0.00349
 258.13512  0.00000
 258.15635 -0.00174
 258.17757  0.00058
 258.19883  0.00288
 258.22005  0.00517
 258.24128  0.01559
 258.26254  0.00173
 258.28376  0.00114
 258.30499  0.00000
 258.32624  0.00854
 258.34747  0.00227
 258.36869  0.01073
 258.38994  0.00452
 258.41117  0.00960
 258.43239  0.00340
 258.45362  0.00169
 258.47487  0.00169
 258.49609  0.00622
 258.51732  0.00396
 258.53854  0.00565
 258.55980  0.00394
 258.58102  0.01338
 258.60224  0.00779
 258.62347 -0.00278
 258.64472 -0.00222
 258.66595  0.00445
 258.68717 -0.00112
 258.70840  0.00225
 258.72962  0.00616
 258.75087  0.01001
 258.77210  0.00110
 258.79332  0.01209
 258.81456  0.00493
 258.83578  0.00603
 258.85701  0.00771
 258.87826  0.00000
 258.89948  0.00824
 258.92071  0.00110
 258.94193  0.00764
 258.96316  0.01136
 258.98438 -0.00162
 259.00560  0.00324
 259.02686  0.00054
 259.04808  0.00375
 259.06931  0.00802
 259.09053  0.00912
 259.11176  0.00957
 259.13298 -0.00159
 259.15420  0.00638
 259.17543  0.00585
 259.19665 -0.00160
 259.21788  0.00848
 259.23910  0.00105
 259.26032  0.01314
 259.28155 -0.00735
 259.30277  0.00468
 259.32400  0.00619
 259.34522  0.00257
 259.36645  0.00567
 259.38767  0.00206
 259.40889  0.00309
 259.43012  0.00463
 259.45134  0.00977
 259.47257  0.00461
 259.49379  0.00713
 259.51501  0.01476
 259.53624  0.00614
 259.55746  0.00565
 259.57869  0.00000
 259.59991  0.00818
 259.62114  0.00711
 259.64237  0.00303
 259.66359  0.00654
 259.68482  0.00556
 259.70604  0.00657
 259.72727  0.00151
 259.74849  0.00151
 259.76972  0.00352
 259.79091  0.01101
 259.81213 -0.00647
 259.83336  0.00895
 259.85458  0.00349
 259.87581 -0.00050
 259.89703  0.00250
 259.91825  0.00548
 259.93945  0.00349
 259.96067  0.00448
 259.98190  0.00690
 260.00312  0.00686
 260.02435  0.00684
 260.04557  0.00293
 260.06676  0.00343
 260.08799  0.00000
 260.10921  0.00394
 260.13044  0.00547
 260.15166  0.00200
 260.17286  0.00498
 260.19408  0.00450
 260.21530  0.00499
 260.23653  0.00893
 260.25772  0.00049
 260.27895 -0.00049
 260.30017  0.00988
 260.32139  0.00000
 260.34259  0.01183
 260.36381 -0.00049
 260.38504  0.00538
 260.40626  0.00820
 260.42746  0.00095
 260.44868  0.00000
 260.46990  0.00526
 260.49110  0.00713
 260.51232  0.00047
 260.53355  0.00612
 260.55474  0.00330
 260.57597 -0.00704
 260.59719  0.00280
 260.61838  0.00047
 260.63961  0.01031
 260.66083 -0.00424
 260.68203  0.00566
 260.70325  0.00235
 260.72445  0.00660
 260.74567  0.00749
 260.76689  0.00326
 260.78809 -0.00046
 260.80931  0.00419
 260.83051  0.00279
 260.85173 -0.00046
 260.87296  0.00092
 260.89415  0.00736
 260.91537 -0.00229
 260.93657  0.00820
 260.95779 -0.00045
 260.97899 -0.00546
 261.00021  0.00091
 261.02140  0.00046
 261.04263  0.01186
 261.06385  0.00000
 261.08505 -0.00090
 261.10627  0.00542
 261.12747  0.00999
 261.14869  0.00545
 261.16988 -0.00045
 261.19108 -0.00090
 261.21230  0.00270
 261.23350  0.00900
 261.25472 -0.00091
 261.27592  0.00226
 261.29714  0.00812
 261.31833  0.00452
 261.33956 -0.00045
 261.36075  0.00586
 261.38198  0.00269
 261.40317  0.00848
 261.42437  0.00044
 261.44559 -0.00177
 261.46678  0.00442
 261.48801  0.00620
 261.50920  0.00222
 261.53040 -0.00089
 261.55162  0.00357
 261.57282 -0.00178
 261.59401 -0.00045
 261.61523 -0.00445
 261.63643  0.00578
 261.65762 -0.00045
 261.67885  0.01019
 261.70004  0.00088
 261.72124  0.00352
 261.74246  0.00308
 261.76365  0.00309
 261.78485  0.00088
 261.80607  0.00177
 261.82727  0.00795
 261.84846  0.00176
 261.86969  0.00747
 261.89088  0.00131
 261.91207  0.00395
 261.93327  0.00396
 261.95449  0.00000
 261.97569  0.00000
 261.99688 -0.00348
 262.01808  0.00519
 262.03930  0.00173
 262.06049  0.00259
 262.08169  0.00987
 262.10288  0.00256
 262.12408  0.00085
 262.14530 -0.00128
 262.16650  0.00681
 262.18769  0.00852
 262.20888  0.00509
 262.23008  0.00550
 262.25130  0.01268
 262.27250  0.00169
 262.29369  0.00462
 262.31488 -0.00210
 262.33607  0.01006
 262.35726  0.00460
 262.37846  0.00543
 262.39968  0.00625
 262.42088  0.00126
 262.44207  0.00377
 262.46327  0.00252
 262.48446 -0.00421
 262.50565 -0.00210
 262.52685 -0.00167
 262.54804  0.00544
 262.56924  0.00252
 262.59043 -0.00334
 262.61163 -0.00166
 262.63282  0.00457
 262.65401 -0.00208
 262.67524 -0.00539
 262.69643  0.00739
 262.71763  0.00533
 262.73882 -0.00204
 262.76002  0.00612
 262.78121  0.00203
 262.80240 -0.00162
 262.82360  0.00569
 262.84479  0.00041
 262.86599  0.00122
 262.88718  0.00936
 262.90838  0.00650
 262.92957  0.00491
 262.95073  0.01059
 262.97193  0.00529
 262.99312  0.00367
 263.01432  0.00164
 263.03551 -0.00041
 263.05671  0.00122
 263.07790  0.00162
 263.09908  0.00040
 263.12028  0.00120
 263.14147  0.00683
 263.16267  0.00081
 263.18386  0.00040
 263.20503  0.00121
 263.22622 -0.00321
 263.24742  0.00802
 263.26861 -0.00240
 263.28980  0.00000
 263.31100  0.00040
 263.33219 -0.00161
 263.35336  0.00200
 263.37455  0.00119
 263.39575 -0.00434
 263.41694  0.00394
 263.43813  0.00749
 263.45933  0.00118
 263.48049  0.00317
 263.50169  0.00753
 263.52288 -0.00079
 263.54408  0.00395
 263.56524  0.00668
 263.58643  0.00702
 263.60763  0.00274
 263.62882 -0.00078
 263.64998  0.00503
 263.67117  0.00347
 263.69237  0.00000
 263.71356  0.00154
 263.73472  0.00734
 263.75592 -0.00039
 263.77711  0.00505
 263.79828  0.00386
 263.81947  0.00616
 263.84067  0.00462
 263.86186  0.00695
 263.88303 -0.00116
 263.90422  0.00504
 263.92541  0.00386
 263.94658 -0.00192
 263.96777  0.00306
 263.98897  0.00381
 264.01013  0.00230
 264.03133 -0.00038
 264.05249  0.00872
 264.07368  0.00264
 264.09488 -0.00226
 264.11603  0.00113
 264.13723  0.00226
 264.15839 -0.00263
 264.17959  0.00603
 264.20078  0.00716
 264.22195  0.00151
 264.24314  0.00789
 264.26430  0.00376
 264.28550  0.00113
 264.30666  0.00450
 264.32786  0.00633
 264.34902  0.00074
 264.37022 -0.00074
 264.39138  0.00037
 264.41257  0.00074
 264.43377 -0.00296
 264.45493  0.00112
 264.47613  0.00299
 264.49729  0.00741
 264.51845 -0.00518
 264.53964  0.00074
 264.56080  0.00073
 264.58200  0.00219
 264.60316  0.00404
 264.62436  0.00295
 264.64552  0.00221
 264.66672 -0.00367
 264.68788  0.00147
 264.70908  0.00145
 264.73024 -0.00144
 264.75140  0.00324
 264.77260  0.00252
 264.79376 -0.00253
 264.81496  0.00036
 264.83612  0.00357
 264.85729  0.00394
 264.87848  0.00462
 264.89963 -0.00177
 264.92080  0.00815
 264.94199 -0.00213
 264.96316  0.00142
 264.98432 -0.00285
 265.00552  0.00319
 265.02668  0.00071
 265.04785 -0.00106
 265.06904  0.00526
 265.09020  0.00104
 265.11137  0.00242
 265.13256 -0.00069
 265.15373  0.00830
 265.17489  0.00450
 265.19606 -0.00034
 265.21725  0.00519
 265.23841  0.00000
 265.25957  0.00446
 265.28073  0.00240
 265.30193 -0.00103
 265.32309  0.00481
 265.34426  0.00344
 265.36542 -0.00103
 265.38662  0.00274
 265.40778  0.00611
 265.42894  0.00034
 265.45011  0.00342
 265.47127  0.00171
 265.49247  0.00512
 265.51363  0.00441
 265.53479  0.00102
 265.55595  0.00169
 265.57712  0.00170
 265.59828  0.00711
 265.61944  0.00475
 265.64064  0.00682
 265.66180  0.00102
 265.68297  0.00170
 265.70413  0.00135
 265.72530  0.00505
 265.74646  0.00235
 265.76763  0.00301
 265.78879 -0.00234
 265.80994  0.00501
 265.83114  0.00201
 265.85230  0.00067
 265.87347  0.00473
 265.89463  0.00271
 265.91580  0.00545
 265.93696  0.00477
 265.95813  0.00137
 265.97929  0.00479
 266.00045  0.00169
 266.02162  0.00943
 266.04278  0.00338
 266.06395  0.00406
 266.08510  0.00506
 266.10627  0.00439
 266.12743  0.00775
 266.14859  0.00033
 266.16976  0.00596
 266.19092  0.00296
 266.21209  0.00164
 266.23325  0.00230
 266.25442  0.00723
 266.27558  0.00196
 266.29675  0.00294
 266.31788  0.00557
 266.33903  0.00458
 266.36020  0.00457
 266.38136  0.00163
 266.40253  0.00065
 266.42369  0.00164
 266.44486  0.00033
 266.46602 -0.00132
 266.48719  0.00066
 266.50832  0.00715
 266.52948  0.00161
 266.55065  0.00224
 266.57181  0.00706
 266.59297  0.00647
 266.61413  0.00032
 266.63530  0.00354
 266.65643  0.00160
 266.67760 -0.00032
 266.69876  0.00440
 266.71992  0.00755
 266.74109  0.00189
 266.76222  0.00252
 266.78339  0.00094
 266.80455  0.00284
 266.82571  0.00220
 266.84684 -0.02068
 266.86801 -0.01566
 266.88917 -0.00345
 266.91033  0.00347
 266.93147  0.00316
 266.95263  0.00948
 266.97380  0.00126
 266.99496  0.00474
 267.01610  0.00569
 267.03726  0.00474
 267.05842  0.00126
 267.07955  0.00443
 267.10071  0.00411
 267.12188  0.00189
 267.14301  0.00501
 267.16418 -0.00031
 267.18534  0.00560
 267.20648  0.00124
 267.22764  0.00248
 267.24881  0.00248
 267.26993  0.00373
 267.29110  0.00468
 267.31223  0.00125
 267.33339  0.00219
 267.35456  0.00375
 267.37569  0.00125
 267.39686  0.00949
 267.41799 -0.00095
 267.43916 -0.00032
 267.46029  0.00569
 267.48145 -0.00252
 267.50261  0.00569
 267.52374  0.00884
 267.54491  0.00443
 267.56604  0.00189
 267.58721  0.00188
 267.60834  0.00590
 267.62951  0.00123
 267.65064  0.00522
 267.67181  0.00000
 267.69293  0.00400
 267.71409  0.00463
 267.73523  0.00463
 267.75639  0.00185
 267.77753  0.00092
 267.79869  0.00246
 267.81983 -0.00092
 267.84096  0.00400
 267.86213  0.00432
 267.88325  0.00279
 267.90441  0.00588
 267.92555 -0.00154
 267.94671  0.00274
 267.96785  0.00272
 267.98898  0.00633
 268.01015  0.00122
 268.03128  0.00183
 268.05245  0.00336
 268.07357  0.00244
 268.09471  0.00518
 268.11587  0.00819
 268.13700  0.00000
 268.15814  0.00390
 268.17930  0.00661
 268.20044  0.00332
 268.22157  0.00754
 268.24274  0.00331
 268.26386  0.00180
 268.28500  0.00481
 268.30616 -0.00090
 268.32729  0.00452
 268.34843  0.00302
 268.36956  0.00271
 268.39073  0.00331
 268.41186  0.00392
 268.43299  0.00963
 268.45412  0.00120
 268.47529 -0.00060
 268.49642  0.00539
 268.51756  0.00360
 268.53869  0.00120
 268.55985 -0.00238
 268.58099  0.00356
 268.60211  0.00414
 268.62325  0.00177
 268.64438  0.00264
 268.66555  0.00557
 268.68668  0.00322
 268.70782  0.00322
 268.72895  0.00440
 268.75008  0.00177
 268.77121  0.00207
 268.79234  0.00472
 268.81351 -0.00029
 268.83464  0.00321
 268.85578  0.00377
 268.87691  0.00289
 268.89805  0.00087
 268.91918  0.00581
 268.94031  0.00233
 268.96144  0.00522
 268.98257  0.00348
 269.00371  0.00724
 269.02487  0.00346
 269.04601  0.00661
 269.06714  0.00230
 269.08828  0.00375
 269.10940  0.00259
 269.13054  0.00456
 269.15167  0.00625
 269.17281  0.00085
 269.19394  0.00339
 269.21507 -0.00226
 269.23621  0.00312
 269.25734  0.00594
 269.27847  0.00254
 269.29960  0.00533
 269.32074 -0.00084
 269.34187  0.00419
 269.36301  0.00363
 269.38414  0.00639
 269.40525  0.00527
 269.42637  0.00139
 269.44750  0.00056
 269.46864  0.00333
 269.48977  0.00805
 269.51091  0.00362
 269.53204  0.00334
 269.55318  0.00250
 269.57431  0.00111
 269.59544  0.00585
 269.61657  0.00224
 269.63768  0.00593
 269.65881  0.00197
 269.67994  0.00168
 269.70108  0.00056
 269.72221  0.00361
 269.74334  0.00222
 269.76444  0.00670
 269.78558  0.00753
 269.80671  0.00332
 269.82785  0.00444
 269.84898  0.00249
 269.87009  0.00385
 269.89121  0.00385
 269.91234  0.00549
 269.93348  0.00138
 269.95461  0.00110
 269.97572  0.00684
 269.99685  0.00575
 270.01799  0.00359
 270.03911  0.00526
 270.06022  0.00605
 270.08135  0.00329
 270.10249  0.00520
 270.12359  0.00273
 270.14472  0.00383
 270.16586 -0.00110
 270.18695  0.00414
 270.20809  0.00306
 270.22922  0.00640
 270.25036  0.00333
 270.27146  0.00692
 270.29260  0.00633
 270.31369  0.00385
 270.33483  0.00137
 270.35596  0.00304
 270.37706  0.00028
 270.39820  0.00744
 270.41933  0.00331
 270.44044  0.00357
 270.46156  0.00518
 270.48267  0.00651
 270.50380  0.00732
 270.52494  0.00299
 270.54604  0.00217
 270.56718  0.00324
 270.58827  0.00162
 270.60941  0.00027
 270.63051  0.00402
 270.65164  0.00374
 270.67275  0.00269
 270.69388  0.00540
 270.71499  0.00081
 270.73611  0.00457
 270.75722  0.00241
 270.77835  0.00509
 270.79946  0.00641
 270.82059  0.00635
 270.84170  0.00447
 270.86282  0.00473
 270.88392 -0.00185
 270.90506  0.00211
 270.92616  0.00473
 270.94730  0.00499
 270.96840  0.00157
 270.98950  0.00000
 271.01063  0.00440
 271.03174  0.00338
 271.05287 -0.00183
 271.07398  0.00705
 271.09508  0.00156
 271.11622  0.00677
 271.13731  0.00207
 271.15844  0.00489
 271.17955  0.00464
 271.20065  0.00467
 271.22179  0.00599
 271.24289  0.00674
 271.26399  0.00259
 271.28512  0.00026
 271.30623  0.00439
 271.32733  0.00518
 271.34847  0.00414
 271.36957  0.00829
 271.39067  0.00648
 271.41177  0.00078
 271.43290  0.00466
 271.45401  0.00491
 271.47511  0.00309
 271.49625  0.00435
 271.51734  0.00511
 271.53845  0.00231
 271.55955  0.00231
 271.58066  0.00644
 271.60179  0.00465
 271.62289  0.00958
 271.64399  0.00444
 271.66510  0.00339
 271.68623  0.00000
 271.70733  0.00497
 271.72844  0.00496
 271.74953  0.00570
 271.77064  0.00541
 271.79174  0.00207
 271.81288  0.00934
 271.83398  0.00571
 271.85509  0.00363
 271.87618  0.00440
 271.89729  0.00718
 271.91839  0.00380
 271.93950  0.00378
 271.96060  0.00355
 271.98172  0.00404
 272.00283  0.00704
 272.02393  0.00376
 272.04504  0.00327
 272.06614  0.00429
 272.08725  0.00379
 272.10834  0.00656
 272.12945  0.00708
 272.15055  0.00607
 272.17166  0.00685
 272.19276  0.00228
 272.21386  0.00356
 272.23496  0.00634
 272.25606  0.00476
 272.27717  0.00348
 272.29827  0.00322
 272.31938  0.00574
 272.34047  0.00275
 272.36158  0.00899
 272.38268  0.00447
 272.40379  0.00494
 272.42489  0.00466
 272.44599  0.00537
 272.46709  0.00561
 272.48820  0.00000
 272.50930  0.00391
 272.53038  0.00613
 272.55147  0.00172
 272.57257  0.00419
 272.59368  0.00392
 272.61478  0.00147
 272.63589  0.00270
 272.65699  0.00688
 272.67809  0.00196
 272.69919  0.00759
 272.72027  0.00513
 272.74137  0.00441
 272.76248  0.00444
 272.78357  0.00939
 272.80468  0.00521
 272.82578  0.00841
 272.84686  0.00223
 272.86796  0.00444
 272.88905  0.00562
 272.91016  0.00389
 272.93123  0.00508
 272.95234  0.00484
 272.97344  0.00750
 272.99454  0.00532
 273.01564  0.00705
 273.03672  0.00462
 273.05782  0.00438
 273.07893  0.00705
 273.09999  0.00656
 273.12110  0.00854
 273.14220  0.00466
 273.16330  0.00637
 273.18438  0.00587
 273.20547  0.00463
 273.22658  0.00563
 273.24765  0.00663
 273.26876  0.00123
 273.28986  0.00419
 273.31093  0.00540
 273.33203  0.00245
 273.35314  0.00291
 273.37421  0.00312
 273.39532  0.00530
 273.41638  0.00773
 273.43749  0.00626
 273.45859  0.00629
 273.47967  0.00800
 273.50077  0.00798
 273.52183  0.00796
 273.54294  0.00459
 273.56401  0.01064
 273.58512  0.01018
 273.60622  0.00854
 273.62729  0.00929
 273.64839  0.00537
 273.66947  0.00605
 273.69057  0.00885
 273.71165  0.00692
 273.73274  0.00812
 273.75382  0.00674
 273.77492  0.00917
 273.79600  0.00769
 273.81710  0.01049
 273.83816  0.00782
 273.85927  0.00728
 273.88034  0.01054
 273.90145  0.01148
 273.92251  0.00871
 273.94359  0.00986
 273.96469  0.00959
 273.98577  0.00653
 274.00687  0.00814
 274.02794  0.00628
 274.04901  0.00863
 274.07012  0.00538
 274.09119  0.00819
 274.11230  0.00934
 274.13336  0.01051
 274.15444  0.00866
 274.17554  0.01150
 274.19661  0.01054
 274.21768  0.01170
 274.23878  0.01172
 274.25986  0.00864
 274.28093  0.00974
 274.30204  0.01041
 274.32310  0.01387
 274.34418  0.01284
 274.36528  0.01347
 274.38636  0.01093
 274.40742  0.00776
 274.42850  0.01294
 274.44960  0.00771
 274.47068  0.01114
 274.49175  0.01189
 274.51282  0.00961
 274.53392  0.01070
 274.55499  0.01095
 274.57607  0.01537
 274.59713  0.01341
 274.61824  0.00999
 274.63931  0.01410
 274.66039  0.01390
 274.68146  0.01304
 274.70253  0.01144
 274.72360  0.01168
 274.74471  0.01440
 274.76578  0.01324
 274.78685  0.01530
 274.80792  0.01353
 274.82900  0.01449
 274.85007  0.01262
 274.87114  0.01904
 274.89224  0.01561
 274.91332  0.01516
 274.93439  0.01650
 274.95546  0.01919
 274.97653  0.01380
 274.99760  0.01766
 275.01868  0.01692
 275.03975  0.01773
 275.06082  0.01870
 275.08189  0.01672
 275.10297  0.01940
 275.12404  0.01908
 275.14511  0.02051
 275.16618  0.02069
 275.18726  0.02022
 275.20833  0.02261
 275.22941  0.02066
 275.25047  0.02371
 275.27155  0.02522
 275.29262  0.02556
 275.31370  0.02732
 275.33476  0.02536
 275.35583  0.03074
 275.37691  0.03295
 275.39798  0.03101
 275.41905  0.03502
 275.44012  0.03658
 275.46120  0.03678
 275.48227  0.04267
 275.50334  0.03976
 275.52438  0.04508
 275.54546  0.04726
 275.56653  0.04944
 275.58760  0.05137
 275.60867  0.05513
 275.62975  0.06137
 275.65082  0.06485
 275.67186  0.06589
 275.69293  0.07200
 275.71401  0.07450
 275.73508  0.07497
 275.75615  0.08068
 275.77722  0.09222
 275.79826  0.09435
 275.81934  0.09920
 275.84041  0.10730
 275.86148  0.11358
 275.88255  0.12110
 275.90360  0.12767
 275.92467  0.13233
 275.94574  0.14233
 275.96681  0.15034
 275.98786  0.16047
 276.00893  0.16753
 276.03000  0.17918
 276.05104  0.18793
 276.07212  0.19963
 276.09319  0.20540
 276.11423  0.21460
 276.13530  0.22830
 276.15638  0.23483
 276.17742  0.25048
 276.19849  0.25868
 276.21956  0.27229
 276.24060  0.28576
 276.26168  0.29747
 276.28274  0.30772
 276.30379  0.32810
 276.32486  0.34187
 276.34594  0.36272
 276.36697  0.37643
 276.38805  0.39399
 276.40909  0.42350
 276.43017  0.45253
 276.45120  0.48249
 276.47228  0.51629
 276.49335  0.56241
 276.51439  0.60327
 276.53546  0.66290
 276.55651  0.73416
 276.57758  0.81182
 276.59862  0.91003
 276.61969  1.02602
 276.64074  1.17296
 276.66181  1.35732
 276.68285  1.57694
 276.70392  1.86446
 276.72496  2.22062
 276.74604  2.67788
 276.76707  3.23531
 276.78815  3.96223
 276.80919  4.86628
 276.83024  6.03361
 276.85130  7.44385
 276.87235  9.16006
 276.89342  11.10711
 276.91446  13.15570
 276.93553  15.21450
 276.95658  17.02619
 276.97762  18.40503
 276.99869  19.23990
 277.01973  19.58099
 277.04078  19.53885
 277.06185  19.14429
 277.08289  18.70564
 277.10396  18.03407
 277.12501  17.39680
 277.14605  16.65110
 277.16709  15.88465
 277.18816  15.01266
 277.20921  14.05881
 277.23024  12.99619
 277.25131  11.79410
 277.27236  10.54521
 277.29340  9.28155
 277.31447  8.03472
 277.33551  6.85420
 277.35656  5.78850
 277.37760  4.84842
 277.39867  4.05220
 277.41971  3.38552
 277.44076  2.82138
 277.46179  2.35071
 277.48284  1.97753
 277.50391  1.66622
 277.52496  1.40893
 277.54599  1.19020
 277.56704  1.01387
 277.58808  0.87803
 277.60912  0.75628
 277.63019  0.65021
 277.65124  0.57100
 277.67228  0.50188
 277.69332  0.43617
 277.71436  0.38669
 277.73541  0.34483
 277.75645  0.30548
 277.77752  0.27737
 277.79856  0.24190
 277.81961  0.22263
 277.84064  0.19691
 277.86168  0.18276
 277.88273  0.16246
 277.90377  0.14785
 277.92481  0.13328
 277.94585  0.12523
 277.96690  0.11184
 277.98793  0.10572
 278.00898  0.09189
 278.03002  0.08875
 278.05107  0.08508
 278.07210  0.07394
 278.09315  0.07143
 278.11419  0.06743
 278.13523  0.06024
 278.15627  0.05757
 278.17732  0.05586
 278.19836  0.05019
 278.21940  0.04570
 278.24044  0.04148
 278.26149  0.03872
 278.28252  0.04072
 278.30357  0.03575
 278.32461  0.03201
 278.34566  0.03371
 278.36666  0.03108
 278.38771  0.03223
 278.40875  0.02965
 278.42979  0.02774
 278.45083  0.02865
 278.47188  0.02520
 278.49291  0.02494
 278.51392  0.02544
 278.53497  0.02271
 278.55601  0.02299
 278.57705  0.02158
 278.59809  0.02277
 278.61914  0.02063
 278.64014  0.01884
 278.66119  0.01756
 278.68223  0.01686
 278.70327  0.01800
 278.72428  0.01799
 278.74533  0.02046
 278.76637  0.01466
 278.78741  0.01751
 278.80842  0.01626
 278.82947  0.01442
 278.85050  0.01415
 278.87155  0.01424
 278.89256  0.01530
 278.91360  0.01413
 278.93464  0.01408
 278.95566  0.01538
 278.97670  0.01016
 278.99774  0.01662
 279.01875  0.01221
 279.03980  0.01218
 279.06083  0.00976
 279.08185  0.01292
 279.10289  0.01048
 279.12393  0.00923
 279.14494  0.01176
 279.16599  0.00974
 279.18699  0.01116
 279.20804  0.00865
 279.22908  0.00899
 279.25010  0.01041
 279.27113  0.00793
 279.29215  0.00849
 279.31319  0.01106
 279.33419  0.00908
 279.35524  0.01016
 279.37628  0.00830
 279.39729  0.00749
 279.41833  0.00918
 279.43935  0.00635
 279.46038  0.00745
 279.48140  0.00675
 279.50244  0.00711
 279.52346  0.00743
 279.54449  0.00965
 279.56551  0.00750
 279.58652  0.00934
 279.60756  0.00811
 279.62857  0.00796
 279.64962  0.00485
 279.67062  0.00744
 279.69167  0.00655
 279.71268  0.00653
 279.73369  0.00686
 279.75473  0.00651
 279.77575  0.00412
 279.79678  0.00791
 279.81780  0.00566
 279.83881  0.00617
 279.85985  0.00497
 279.88086  0.00569
 279.90188  0.00605
 279.92291  0.00675
 279.94393  0.00761
 279.96494  0.00345
 279.98599  0.00600
 280.00699  0.00375
 280.02801  0.00375
 280.04905  0.00646
 280.07006  0.00692
 280.09107  0.00455
 280.11209  0.00337
 280.13312  0.00504
 280.15414  0.00752
 280.17515  0.00749
 280.19616  0.00466
 280.21720  0.00483
 280.23822  0.00665
 280.25922  0.00431
 280.28024  0.00399
 280.30128  0.00632
 280.32229  0.00413
 280.34330  0.00626
 280.36432  0.00479
 280.38532  0.00415
 280.40634  0.00250
 280.42738  0.00217
 280.44838  0.00467
 280.46940  0.00416
 280.49041  0.00482
 280.51142  0.00416
 280.53243  0.00384
 280.55345  0.00401
 280.57445  0.00033
 280.59550  0.00593
 280.61651  0.00494
 280.63752  0.00280
 280.65853  0.00427
 280.67955  0.00657
 280.70055  0.00444
 280.72157  0.00329
 280.74258  0.00590
 280.76359  0.00309
 280.78460  0.00097
 280.80562  0.00228
 280.82662  0.00178
 280.84764  0.00564
 280.86865  0.00321
 280.88966  0.00306
 280.91067  0.00434
 280.93169  0.00225
 280.95269  0.00400
 280.97371  0.00417
 280.99472  0.00367
 281.01573  0.00477
 281.03674  0.00334
 281.05776  0.00336
 281.07876  0.00499
 281.09975  0.00661
 281.12075  0.00322
 281.14177  0.00321
 281.16278  0.00540
 281.18379  0.00300
 281.20480  0.00587
 281.22582  0.00080
 281.24682  0.00443
 281.26781  0.00410
 281.28882  0.00063
 281.30983  0.00347
 281.33084  0.00297
 281.35186  0.00422
 281.37286  0.00549
 281.39385  0.00440
 281.41486  0.00486
 281.43587  0.00250
 281.45688  0.00455
 281.47787  0.00142
 281.49887  0.00110
 281.51989  0.00282
 281.54090  0.00297
 281.56188  0.00359
 281.58289  0.00358
 281.60390  0.00281
 281.62491  0.00110
 281.64590  0.00365
 281.66690  0.00381
 281.68792  0.00032
 281.70890  0.00222
 281.72991  0.00221
 281.75092  0.00237
 281.77191  0.00330
 281.79291  0.00442
 281.81393  0.00427
 281.83491  0.00142
 281.85592  0.00111
 281.87693  0.00537
 281.89791  0.00188
 281.91892  0.00233
 281.93991  0.00295
 281.96091  0.00140
 281.98193  0.00203
 282.00291  0.00248
 282.02392  0.00309
 282.04490  0.00170
 282.06592  0.00215
 282.08689  0.00337
 282.10791  0.00277
 282.12888  0.00170
 282.14990  0.00217
 282.17091  0.00186
 282.19189  0.00154
 282.21290  0.00353
 282.23389  0.00307
 282.25486  0.00137
 282.27588  0.00195
 282.29686  0.00165
 282.31787  0.00226
 282.33885  0.00196
 282.35987  0.00317
 282.38084  0.00301
 282.40186  0.00075
 282.42283  0.00389
 282.44382  0.00387
 282.46483  0.00446
 282.48581  0.00224
 282.50682  0.00254
 282.52781  0.00240
 282.54878  0.00120
 282.56980  0.00089
 282.59077  0.00311
 282.61179  0.00252
 282.63277  0.00477
 282.65375  0.00224
 282.67476  0.00253
 282.69575  0.00505
 282.71672  0.00178
 282.73771  0.00372
 282.75871  0.00343
 282.77970  0.00238
 282.80068  0.00478
 282.82169  0.00254
 282.84267  0.00135
 282.86366  0.00314
 282.88463  0.00313
 282.90565  0.00148
 282.92662  0.00221
 282.94761  0.00191
 282.96859  0.00396
 282.98957  0.00264
 283.01058  0.00132
 283.03157  0.00309
 283.05254  0.00059
 283.07353  0.00059
 283.09450  0.00222
 283.11552 -0.00119
 283.13650  0.00417
 283.15748  0.00341
 283.17846  0.00295
 283.19944  0.00338
 283.22042  0.00221
 283.24141  0.00059
 283.26238  0.00281
 283.28340  0.00044
 283.30438 -0.00029
 283.32536  0.00160
 283.34634  0.00375
 283.36732  0.00343
 283.38830  0.00157
 283.40929  0.00043
 283.43026  0.00071
 283.45125  0.00328
 283.47222  0.00186
 283.49321  0.00100
 283.51419  0.00229
 283.53517  0.00300
 283.55615  0.00071
 283.57713  0.00101
 283.59811  0.00260
 283.61910  0.00217
 283.64007  0.00376
 283.66106  0.00043
 283.68204  0.00099
 283.70302  0.00085
 283.72400  0.00281
 283.74498  0.00084
 283.76596  0.00184
 283.78695  0.00353
 283.80792  0.00154
 283.82888  0.00167
 283.84985  0.00291
 283.87084  0.00069
 283.89182  0.00413
 283.91280  0.00317
 283.93378  0.00151
 283.95476  0.00192
 283.97571  0.00234
 283.99670  0.00261
 284.01767  0.00467
 284.03866  0.00219
 284.05963  0.00069
 284.08062  0.00193
 284.10157  0.00069
 284.12255  0.00180
 284.14353  0.00193
 284.16451  0.00138
 284.18546  0.00222
 284.20645  0.00248
 284.22742  0.00166
 284.24841  0.00097
 284.26935  0.00249
 284.29034  0.00276
 284.31132  0.00287
 284.33230  0.00027
 284.35325  0.00149
 284.37423 -0.00054
 284.39521  0.00283
 284.41616  0.00081
 284.43714  0.00068
 284.45813  0.00136
 284.47907  0.00204
 284.50006  0.00245
 284.52103  0.00150
 284.54199  0.00340
 284.56297  0.00219
 284.58392  0.00123
 284.60490  0.00150
 284.62588  0.00123
 284.64683 -0.00095
 284.66782  0.00327
 284.68877  0.00163
 284.70975  0.00300
 284.73070  0.00355
 284.75168  0.00285
 284.77267  0.00296
 284.79361  0.00013
 284.81460  0.00160
 284.83554  0.00093
 284.85653  0.00280
 284.87747  0.00146
 284.89846  0.00387
 284.91941  0.00093
 284.94039  0.00133
 284.96134  0.00173
 284.98229  0.00213
 285.00327  0.00067
 285.02422  0.00013
 285.04520  0.00094
 285.06616  0.00161
 285.08713  0.00080
 285.10809  0.00290
 285.12903  0.00066
 285.15002  0.00026
 285.17097  0.00211
 285.19195  0.00079
 285.21290  0.00224
 285.23385  0.00013
 285.25483  0.00248
 285.27578  0.00143
 285.29673  0.00233
 285.31772 -0.00064
 285.33866  0.00285
 285.35962  0.00103
 285.38059  0.00129
 285.40155  0.00180
 285.42249  0.00154
 285.44348  0.00064
 285.46443  0.00180
 285.48538  0.00129
 285.50633  0.00129
 285.52731  0.00295
 285.54826  0.00269
 285.56921  0.00282
 285.59016  0.00271
 285.61115  0.00195
 285.63209  0.00297
 285.65305  0.00298
 285.67399  0.00373
 285.69495  0.00115
 285.71592  0.00089
 285.73688  0.00165
 285.75783  0.00164
 285.77878 -0.00038
 285.79974  0.00050
 285.82068  0.00139
 285.84164  0.00113
 285.86261  0.00176
 285.88357  0.00013
 285.90452  0.00238
 285.92547  0.00125
 285.94642  0.00200
 285.96737  0.00337
 285.98832  0.00163
 286.00927  0.00199
 286.03022  0.00074
 286.05117  0.00050
 286.07212  0.00476
 286.09308  0.00114
 286.11402  0.00063
 286.13498  0.00278
 286.15592  0.00164
 286.17688  0.00266
 286.19782 -0.00063
 286.21878  0.00229
 286.23972  0.00128
 286.26068  0.00230
 286.28163  0.00203
 286.30258  0.00151
 286.32353  0.00314
 286.34448  0.00125
 286.36543  0.00225
 286.38638  0.00050
 286.40733  0.00150
 286.42828  0.00326
 286.44923  0.00300
 286.47019  0.00186
 286.49113  0.00260
 286.51206  0.00422
 286.53300  0.00136
 286.55396  0.00342
 286.57490  0.00122
 286.59586  0.00085
 286.61681  0.00049
 286.63773 -0.00037
 286.65868  0.00220
 286.67963  0.00037
 286.70059  0.00159
 286.72153  0.00049
 286.74246  0.00073
 286.76340  0.00012
 286.78436  0.00183
 286.80530 -0.00098
 286.82626  0.00244
 286.84717  0.00000
 286.86813  0.00109
 286.88908 -0.00036
 286.91000  0.00206
 286.93095  0.00194
 286.95190  0.00000
 286.97285 -0.00048
 286.99377  0.00048
 287.01472  0.00012
 287.03567  0.00239
 287.05659 -0.00167
 287.07754  0.00095
 287.09849  0.00227
 287.11941  0.00311
 287.14036  0.00036
 287.16129  0.00119
 287.18223  0.00036
 287.20319 -0.00071
 287.22410  0.00036
 287.24506  0.00071
 287.26597  0.00190
 287.28693  0.00143
 287.30788  0.00000
 287.32880  0.00217
 287.34975  0.00122
 287.37067  0.00085
 287.39162  0.00171
 287.41254  0.00146
 287.43350  0.00402
 287.45441  0.00182
 287.47537  0.00097
 287.49628  0.00061
 287.51724  0.00145
 287.53815  0.00109
 287.55911  0.00073
 287.58002  0.00109
 287.60098  0.00036
 287.62189  0.00131
 287.64282  0.00202
 287.66376  0.00167
 287.68469  0.00215
 287.70563  0.00048
 287.72656 -0.00036
 287.74750  0.00036
 287.76843  0.00213
 287.78934  0.00177
 287.81030  0.00035
 287.83122  0.00189
 287.85214  0.00274
 287.87310  0.00000
 287.89401  0.00284
 287.91494  0.00106
 287.93588  0.00189
 287.95681 -0.00164
 287.97772  0.00116
 287.99868  0.00256
 288.01959  0.00187
 288.04052  0.00117
 288.06143  0.00151
 288.08239  0.00035
 288.10330  0.00000
 288.12423  0.00103
 288.14514  0.00091
 288.16610  0.00057
 288.18701  0.00057
 288.20794  0.00068
 288.22885 -0.00034
 288.24981  0.00137
 288.27072  0.00297
 288.29165  0.00147
 288.31256  0.00068
 288.33349  0.00217
 288.35440  0.00137
 288.37536  0.00194
 288.39628 -0.00068
 288.41720  0.00272
 288.43813  0.00103
 288.45904  0.00114
 288.47997  0.00297
 288.50088  0.00252
 288.52181  0.00241
 288.54272  0.00241
 288.56365  0.00126
 288.58459  0.00126
 288.60552  0.00011
 288.62643  0.00113
 288.64736  0.00124
 288.66827  0.00102
 288.68920  0.00215
 288.71011  0.00171
 288.73104  0.00126
 288.75195  0.00171
 288.77288  0.00046
 288.79379  0.00034
 288.81472  0.00229
 288.83563 -0.00069
 288.85656  0.00160
 288.87747  0.00194
 288.89840  0.00011
 288.91929  0.00023
 288.94021 -0.00103
 288.96113  0.00069
 288.98205 -0.00091
 289.00297  0.00091
 289.02389 -0.00056
 289.04481  0.00100
 289.06573 -0.00011
 289.08665  0.00022
 289.10757  0.00256
 289.12846  0.00044
 289.14938  0.00111
 289.17030  0.00188
 289.19122  0.00144
 289.21214  0.00266
 289.23303  0.00100
 289.25395  0.00122
 289.27487  0.00123
 289.29579  0.00324
 289.31671  0.00201
 289.33760  0.00156
 289.35853  0.00188
 289.37944  0.00132
 289.40037  0.00055
 289.42125  0.00153
 289.44218  0.00208
 289.46309  0.00186
 289.48402  0.00033
 289.50490  0.00011
 289.52583 -0.00011
 289.54674  0.00064
 289.56764 -0.00032
 289.58855  0.00021
 289.60948  0.00202
 289.63036  0.00021
 289.65129  0.00160
 289.67220  0.00043
 289.69309  0.00203
 289.71401  0.00149
 289.73490  0.00021
 289.75583  0.00139
 289.77674  0.00053
 289.79764  0.00032
 289.81855  0.00127
 289.83945  0.00106
 289.86036  0.00075
 289.88126  0.00053
 289.90217  0.00118
 289.92310  0.00161
 289.94398  0.00128
 289.96491 -0.00107
 289.98579  0.00170
 290.00672  0.00233
 290.02760  0.00178
 290.04853  0.00251
 290.06941  0.00136
 290.09034  0.00094
 290.11122  0.00104
 290.13212  0.00052
 290.15304  0.00021
 290.17393  0.00021
 290.19485 -0.00063
 290.21574  0.00198
 290.23666  0.00031
 290.25754  0.00063
 290.27844  0.00284
 290.29935 -0.00126
 290.32025 -0.00010
 290.34113  0.00074
 290.36206  0.00084
 290.38294  0.00084
 290.40387  0.00200
 290.42475  0.00179
 290.44565  0.00000
 290.46656  0.00073
 290.48746  0.00052
 290.50834  0.00154
 290.52924  0.00196
 290.55016  0.00144
 290.57105  0.00124
 290.59194  0.00144
 290.61286  0.00226
 290.63375  0.00072
 290.65463  0.00112
 290.67553  0.00113
 290.69641 -0.00041
 290.71734 -0.00102
 290.73822  0.00093
 290.75912  0.00071
 290.78000 -0.00102
 290.80090  0.00000
 290.82181  0.00060
 290.84271  0.00140
 290.86359 -0.00020
 290.88449  0.00160
 290.90538  0.00079
 290.92626  0.00039
 290.94719  0.00126
 290.96807  0.00115
 290.98897  0.00265
 291.00985  0.00132
 291.03075  0.00094
 291.05163  0.00157
 291.07253  0.00165
 291.09341  0.00119
 291.11431  0.00136
 291.13519 -0.00018
 291.15608 -0.00009
 291.17697  0.00167
 291.19786  0.00074
 291.21875  0.00093
 291.23964  0.00158
 291.26054  0.00094
 291.28142  0.00038
 291.30232  0.00143
 291.32320  0.00085
 291.34410  0.00162
 291.36498  0.00047
 291.38587  0.00085
 291.40676  0.00114
 291.42765  0.00133
 291.44854 -0.00047
 291.46943  0.00132
 291.49032  0.00085
 291.51121  0.00133
 291.53210  0.00028
 291.55296 -0.00075
 291.57386 -0.00019
 291.59474  0.00066
 291.61563  0.00057
 291.63652  0.00170
 291.65741  0.00038
 291.67830  0.00095
 291.69916  0.00103
 291.72005  0.00066
 291.74094 -0.00047
 291.76183 -0.00019
 291.78272  0.00085
 291.80357  0.00057
 291.82447  0.00209
 291.84535  0.00257
 291.86625  0.00057
 291.88710  0.00199
 291.90800 -0.00096
 291.92889  0.00172
 291.94978  0.00077
 291.97064  0.00105
 291.99152 -0.00057
 292.01242  0.00085
 292.03327  0.00113
 292.05417 -0.00009
 292.07505  0.00235
 292.09592  0.00009
 292.11680  0.00038
 292.13769  0.00124
 292.15855  0.00103
 292.17944  0.00056
 292.20034  0.00084
 292.22119  0.00028
 292.24209  0.00149
 292.26294  0.00157
 292.28383  0.00037
 292.30472  0.00000
 292.32558  0.00093
 292.34647  0.00112
 292.36733  0.00112
 292.38822  0.00102
 292.40908  0.00018
 292.42997  0.00018
 292.45083  0.00120
 292.47171  0.00111
 292.49258 -0.00046
 292.51347 -0.00028
 292.53433  0.00102
 292.55522  0.00055
 292.57607  0.00055
 292.59697 -0.00018
 292.61782  0.00018
 292.63872  0.00138
 292.65957  0.00091
 292.68044  0.00138
 292.70132  0.00000
 292.72218  0.00046
 292.74307  0.00109
 292.76393  0.00165
 292.78479  0.00119
 292.80568  0.00174
 292.82655  0.00027
 292.84740  0.00055
 292.86829  0.00073
 292.88915  0.00018
 292.91001  0.00201
 292.93090  0.00220
 292.95176  0.00156
 292.97261  0.00119
 292.99351  0.00083
 293.01436  0.00055
 293.03523  0.00205
 293.05611 -0.00056
 293.07698  0.00047
 293.09784  0.00056
 293.11869  0.00149
 293.13959  0.00121
 293.16044 -0.00028
 293.18131  0.00019
 293.20216  0.00056
 293.22302  0.00065
 293.24391  0.00056
 293.26477  0.00083
 293.28563  0.00212
 293.30649  0.00018
 293.32735  0.00036
 293.34821  0.00055
 293.36910  0.00074
 293.38996  0.00082
 293.41082  0.00091
 293.43168  0.00091
 293.45254  0.00181
 293.47339  0.00208
 293.49426 -0.00027
 293.51511  0.00081
 293.53598  0.00018
 293.55683  0.00045
 293.57769 -0.00036
 293.59855 -0.00046
 293.61944  0.00090
 293.64031  0.00099
 293.66116  0.00036
 293.68202  0.00000
 293.70288  0.00089
 293.72374  0.00071
 293.74460  0.00125
 293.76546  0.00044
 293.78628  0.00000
 293.80715  0.00088
 293.82800  0.00035
 293.84887 -0.00044
 293.86972  0.00105
 293.89058  0.00026
 293.91145  0.00088
 293.93230  0.00140
 293.95317  0.00071
 293.97402  0.00122
 293.99488  0.00131
 294.01574  0.00079
 294.03657  0.00149
 294.05743 -0.00062
 294.07829  0.00114
 294.09914  0.00035
 294.12001  0.00035
 294.14087  0.00009
 294.16170  0.00176
 294.18256  0.00114
 294.20341  0.00132
 294.22428  0.00097
 294.24513  0.00088
 294.26597  0.00017
 294.28682  0.00035
 294.30768  0.00078
 294.32854  0.00069
 294.34937  0.00095
 294.37022  0.00138
 294.39109  0.00131
 294.41192  0.00139
 294.43278  0.00044
 294.45364 -0.00017
 294.47449  0.00026
 294.49533  0.00218
 294.51618  0.00140
 294.53705  0.00044
 294.55787 -0.00105
 294.57873  0.00079
 294.59956  0.00104
 294.62042  0.00148
 294.64129  0.00148
 294.66211 -0.00026
 294.68297 -0.00043
 294.70380  0.00155
 294.72466  0.00085
 294.74551  0.00128
 294.76635 -0.00008
 294.78720  0.00094
 294.80804 -0.00043
 294.82889 -0.00043
 294.84972  0.00154
 294.87059  0.00086
 294.89141  0.00152
 294.91227  0.00119
 294.93310  0.00034
 294.95396  0.00170
 294.97479  0.00086
 294.99565  0.00179
 295.01647  0.00085
 295.03734  0.00102
 295.05816  0.00017
 295.07902  0.00175
 295.09985 -0.00042
 295.12068  0.00059
 295.14155  0.00093
 295.16237  0.00101
 295.18323  0.00167
 295.20406  0.00125
 295.22489  0.00058
 295.24574  0.00132
 295.26658  0.00099
 295.28740  0.00025
 295.30827  0.00000
 295.32909  0.00082
 295.34992  0.00074
 295.37079  0.00090
 295.39161  0.00008
 295.41244  0.00024
 295.43330  0.00065
 295.45413  0.00147
 295.47495 -0.00008
 295.49579  0.00033
 295.51664 -0.00065
 295.53748  0.00049
 295.55830  0.00131
 295.57913 -0.00033
 295.59997 -0.00082
 295.62082  0.00113
 295.64165  0.00057
 295.66248  0.00090
 295.68331  0.00105
 295.70413  0.00032
 295.72500  0.00032
 295.74582  0.00000
 295.76665  0.00127
 295.78749  0.00080
 295.80831  0.00000
 295.82915  0.00185
 295.84997  0.00096
 295.87080  0.00097
 295.89166  0.00105
 295.91249 -0.00056
 295.93331  0.00105
 295.95415  0.00113
 295.97497  0.00154
 295.99580  0.00137
 296.01664  0.00096
 296.03746  0.00040
 296.05829  0.00150
 296.07912  0.00072
 296.09995 -0.00008
 296.12077  0.00040
 296.14161  0.00047
 296.16243  0.00086
 296.18327  0.00102
 296.20409 -0.00039
 296.22492  0.00054
 296.24576  0.00039
 296.26658  0.00101
 296.28741  0.00000
 296.30821 -0.00047
 296.32904  0.00047
 296.34986  0.00055
 296.37070  0.00117
 296.39152  0.00008
 296.41235  0.00015
 296.43319  0.00124
 296.45401  0.00100
 296.47481  0.00168
 296.49564  0.00122
 296.51647  0.00023
 296.53729  0.00092
 296.55813  0.00153
 296.57895  0.00061
 296.59975  0.00107
 296.62058  0.00069
 296.64141  0.00092
 296.66224  0.00053
 296.68304 -0.00023
 296.70387  0.00113
 296.72469 -0.00091
 296.74553  0.00143
 296.76632  0.00045
 296.78715 -0.00045
 296.80798  0.00060
 296.82878  0.00007
 296.84961  0.00097
 296.87044  0.00082
 296.89124  0.00052
 296.91206  0.00105
 296.93290  0.00008
 296.95369  0.00074
 296.97452  0.00112
 296.99535  0.00149
 297.01615  0.00007
 297.03697  0.00000
 297.05778  0.00089
 297.07861  0.00000
 297.09943 -0.00022
 297.12024  0.00066
 297.14106 -0.00044
 297.16186  0.00065
 297.18269 -0.00007
 297.20349  0.00139
 297.22431  0.00094
 297.24512  0.00094
 297.26595 -0.00044
 297.28674  0.00044
 297.30758  0.00087
 297.32837  0.00174
 297.34920  0.00051
 297.37000  0.00051
 297.39083 -0.00058
 297.41162  0.00036
 297.43246  0.00138
 297.45326  0.00102
 297.47408  0.00058
 297.49489  0.00000
 297.51568  0.00051
 297.53651  0.00117
 297.55731  0.00073
 297.57811 -0.00051
 297.59893  0.00044
 297.61973  0.00189
 297.64057  0.00088
 297.66136  0.00138
 297.68216  0.00022
 297.70299  0.00015
 297.72379  0.00102
 297.74458  0.00080
 297.76539  0.00131
 297.78621  0.00160
 297.80701  0.00109
 297.82781  0.00116
 297.84864  0.00073
 297.86944  0.00160
 297.89024  0.00044
 297.91104 -0.00029
 297.93183  0.00152
 297.95267  0.00122
 297.97346  0.00094
 297.99426  0.00180
 298.01505  0.00093
 298.03586  0.00036
 298.05669  0.00007
 298.07748  0.00000
 298.09829  0.00029
 298.11908  0.00101
 298.13988  0.00022
 298.16068  0.00007
 298.18148 -0.00021
 298.20230 -0.00072
 298.22311 -0.00029
 298.24391  0.00007
 298.26470  0.00151
 298.28550  0.00150
 298.30630  0.00129
 298.32710  0.00072
 298.34789 -0.00029
 298.36870  0.00086
 298.38949  0.00043
 298.41029  0.00007
 298.43110  0.00107
 298.45189  0.00071
 298.47269 -0.00007
 298.49348  0.00078
 298.51429  0.00078
 298.53508  0.00029
 298.55588  0.00086
 298.57669  0.00051
 298.59748  0.00061
 298.61828  0.00138
