# wl 	 tx
388.1919303 0.0000026
388.2006950 -0.0000066
388.2094597 -0.0000171
388.2181944 -0.0000052
388.2269591 0.0000157
388.2357238 0.0000208
388.2444885 -0.0000131
388.2532132 -0.0000118
388.2619779 0.0000222
388.2707426 -0.0000013
388.2794773 0.0000039
388.2882420 -0.0000026
388.2970067 0.0000065
388.3057615 -0.0000039
388.3144961 -0.0000039
388.3232609 0.0000104
388.3320256 0.0000092
388.3407603 0.0000078
388.3495250 0.0000052
388.3582797 0.0000169
388.3670144 -0.0000092
388.3757791 -0.0000197
388.3845138 -0.0000013
388.3932785 0.0000131
388.4020432 0.0000119
388.4107679 0.0000238
388.4195326 0.0000066
388.4282973 0.0000000
388.4370320 -0.0000080
388.4457968 0.0000066
388.4545315 -0.0000026
388.4632862 -0.0000079
388.4720509 0.0000105
388.4807856 0.0000026
388.4895503 0.0000331
388.4982850 0.0000185
388.5070497 0.0000120
388.5157744 -0.0000053
388.5245391 0.0000186
388.5332738 0.0000040
388.5420385 0.0000146
388.5507732 -0.0000211
388.5595379 0.0000013
388.5682626 0.0000171
388.5770274 0.0000145
388.5857621 -0.0000026
388.5945268 -0.0000079
388.6032615 0.0000079
388.6120262 0.0000066
388.6207509 0.0000013
388.6295156 0.0000066
388.6382503 0.0000026
388.6470150 0.0000079
388.6557497 0.0000039
388.6645144 0.0000066
388.6732391 0.0000092
388.6820038 -0.0000013
388.6907385 0.0000053
388.6994733 0.0000145
388.7082380 0.0000013
388.7169627 0.0000039
388.7257274 -0.0000093
388.7344621 0.0000000
388.7431968 0.0000000
388.7519615 0.0000105
388.7606962 -0.0000066
388.7694509 0.0000171
388.7781856 0.0000118
388.7869203 0.0000000
388.7956850 -0.0000013
388.8044198 0.0000118
388.8131444 0.0000105
388.8219092 -0.0000132
388.8306439 0.0000133
388.8393786 0.0000000
388.8481433 0.0000066
388.8568780 -0.0000212
388.8656027 0.0000119
388.8743674 -0.0000040
388.8831021 0.0000106
388.8918368 0.0000080
388.9005715 -0.0000107
388.9093363 0.0000160
388.9180610 -0.0000094
388.9267957 0.0000080
388.9355604 0.0000013
388.9442951 0.0000067
388.9530298 0.0000000
388.9617545 -0.0000040
388.9705192 0.0000000
388.9792539 0.0000027
388.9879886 -0.0000013
388.9967233 0.0000067
389.0054480 0.0000013
389.0142127 0.0000146
389.0229475 0.0000000
389.0316822 0.0000119
389.0404169 0.0000093
389.0491516 0.0000159
389.0579063 0.0000027
389.0666410 -0.0000040
389.0753757 -0.0000040
389.0841104 0.0000093
389.0928451 -0.0000080
389.1015698 -0.0000040
389.1103045 0.0000200
389.1190693 0.0000107
389.1278040 -0.0000053
389.1365387 -0.0000053
389.1452634 0.0000000
389.1539981 0.0000145
389.1627328 0.0000052
389.1714675 -0.0000066
389.1802022 -0.0000171
389.1889269 0.0000053
389.1976916 0.0000040
389.2064263 0.0000052
389.2151611 -0.0000013
389.2238958 0.0000013
389.2326305 -0.0000091
389.2413552 0.0000079
389.2500899 0.0000026
389.2588246 -0.0000039
389.2675593 0.0000013
389.2762940 0.0000000
389.2850187 0.0000079
389.2937534 0.0000026
389.3024881 -0.0000039
389.3112228 0.0000066
389.3199576 -0.0000026
389.3286823 0.0000053
389.3374170 0.0000066
389.3461517 -0.0000026
389.3548864 0.0000000
389.3636211 -0.0000144
389.3723458 0.0000040
389.3810805 0.0000132
389.3898152 0.0000093
389.3985499 0.0000093
389.4072847 0.0000040
389.4160094 0.0000053
389.4247141 0.0000026
389.4334488 0.0000040
389.4421835 0.0000013
389.4509182 -0.0000092
389.4596429 0.0000026
389.4683776 0.0000158
389.4771123 -0.0000119
389.4858470 0.0000040
389.4945818 0.0000000
389.5032765 0.0000159
389.5120112 -0.0000079
389.5207459 0.0000013
389.5294806 0.0000106
389.5382153 -0.0000067
389.5469400 0.0000079
389.5556747 0.0000053
389.5643794 0.0000066
389.5731141 0.0000040
389.5818388 -0.0000027
389.5905736 -0.0000040
389.5993083 0.0000105
389.6080130 -0.0000184
389.6167477 0.0000143
389.6254724 -0.0000144
389.6342071 0.0000130
389.6429418 0.0000026
389.6516465 0.0000026
389.6603812 -0.0000013
389.6691060 0.0000184
389.6778407 0.0000078
389.6865454 -0.0000026
389.6952801 -0.0000052
389.7040148 -0.0000145
389.7127095 -0.0000184
389.7214442 0.0000276
389.7301789 0.0000013
389.7389136 0.0000105
389.7476083 0.0000039
389.7563431 -0.0000052
389.7650778 -0.0000091
389.7737825 0.0000105
389.7825172 -0.0000118
389.7912419 0.0000235
389.7999466 0.0000183
389.8086813 0.0000091
389.8174160 -0.0000064
389.8261207 -0.0000026
389.8348455 0.0000155
389.8435802 0.0000000
389.8522849 0.0000000
389.8610196 0.0000143
389.8697143 0.0000013
389.8784490 0.0000013
389.8871837 0.0000039
389.8958884 0.0000078
389.9046231 -0.0000013
389.9133178 0.0000116
389.9220526 -0.0000117
389.9307873 -0.0000117
389.9394920 0.0000156
389.9482267 0.0000157
389.9569214 -0.0000026
389.9656561 0.0000065
389.9743608 0.0000000
389.9830955 -0.0000117
389.9917902 -0.0000039
390.0005250 -0.0000026
390.0092297 -0.0000078
390.0179644 0.0000103
390.0266591 0.0000026
390.0353938 0.0000013
390.0440985 0.0000013
390.0528332 0.0000090
390.0615379 -0.0000078
390.0702627 0.0000013
390.0789674 0.0000142
390.0877021 0.0000130
390.0964068 0.0000052
390.1051315 0.0000117
390.1138362 0.0000052
390.1225709 0.0000105
390.1312756 0.0000013
390.1399803 -0.0000052
390.1487051 0.0000039
390.1574098 0.0000000
390.1661445 -0.0000091
390.1748492 0.0000065
390.1835439 -0.0000104
390.1922786 0.0000209
390.2009833 -0.0000013
390.2097181 -0.0000078
390.2184228 0.0000000
390.2271175 -0.0000194
390.2358522 -0.0000245
390.2445569 0.0000104
390.2532616 0.0000117
390.2619863 -0.0000039
390.2706910 -0.0000090
390.2793957 0.0000131
390.2881305 0.0000156
390.2968252 0.0000078
390.3055299 0.0000078
390.3142646 0.0000325
390.3229693 -0.0000104
390.3316640 0.0000091
390.3403687 -0.0000103
390.3491034 0.0000103
390.3578082 0.0000000
390.3665129 0.0000181
390.3752376 -0.0000052
390.3839423 0.0000156
390.3926470 0.0000103
390.4013517 0.0000168
390.4100764 0.0000039
390.4187811 0.0000064
390.4274859 0.0000103
390.4361906 0.0000052
390.4448853 0.0000270
390.4536200 0.0000065
390.4623247 0.0000077
390.4710294 0.0000051
390.4797241 0.0000051
390.4884288 -0.0000129
390.4971636 0.0000000
390.5058683 0.0000129
390.5145730 -0.0000039
390.5232677 0.0000206
390.5319724 0.0000168
390.5406771 0.0000052
390.5493818 0.0000000
390.5581065 0.0000130
390.5668113 0.0000026
390.5755160 0.0000129
390.5842207 0.0000168
390.5929154 0.0000077
390.6016201 0.0000194
390.6103248 0.0000064
390.6190295 -0.0000116
390.6277242 0.0000141
390.6364289 0.0000051
390.6451637 0.0000013
390.6538684 0.0000141
390.6625631 0.0000064
390.6712678 0.0000038
390.6799725 0.0000205
390.6886772 0.0000218
390.6973719 -0.0000013
390.7060767 0.0000142
390.7147814 0.0000103
390.7234861 0.0000115
390.7321808 -0.0000128
390.7408855 -0.0000052
390.7495902 0.0000078
390.7582949 0.0000142
390.7669897 -0.0000064
390.7756944 0.0000078
390.7843991 0.0000013
390.7931038 0.0000091
390.8017985 0.0000259
390.8105032 -0.0000013
390.8192079 0.0000195
390.8279127 -0.0000078
390.8365774 -0.0000026
390.8452821 -0.0000065
390.8539868 0.0000026
390.8626915 0.0000000
390.8713862 0.0000013
390.8800909 0.0000013
390.8887956 0.0000180
390.8975004 -0.0000143
390.9061951 -0.0000026
390.9148998 0.0000026
390.9235745 0.0000065
390.9322792 -0.0000091
390.9409739 0.0000078
390.9496786 -0.0000051
390.9583834 0.0000181
390.9670881 -0.0000052
390.9757828 0.0000026
390.9844575 -0.0000181
390.9931622 0.0000013
391.0018669 0.0000000
391.0105616 -0.0000039
391.0192664 0.0000193
391.0279411 -0.0000065
391.0366358 -0.0000142
391.0453405 0.0000013
391.0540452 0.0000309
391.0627499 0.0000078
391.0714146 -0.0000064
391.0801193 -0.0000026
391.0888241 -0.0000013
391.0975288 0.0000052
391.1061935 0.0000026
391.1148982 0.0000090
391.1236029 0.0000104
391.1323076 0.0000000
391.1409723 0.0000129
391.1496771 -0.0000155
391.1583818 0.0000117
391.1670565 0.0000246
391.1757512 0.0000026
391.1844559 0.0000103
391.1931306 0.0000000
391.2018253 -0.0000065
391.2105301 0.0000245
391.2192048 -0.0000065
391.2279095 0.0000065
391.2366042 0.0000156
391.2452789 0.0000130
391.2539836 0.0000026
391.2626884 0.0000091
391.2713531 -0.0000026
391.2800578 0.0000065
391.2887625 0.0000091
391.2974372 -0.0000093
391.3061319 -0.0000131
391.3148066 -0.0000039
391.3235114 0.0000052
391.3322061 0.0000118
391.3408808 0.0000092
391.3495855 -0.0000013
391.3582602 -0.0000040
391.3669549 -0.0000053
391.3756296 0.0000078
391.3843344 0.0000118
391.3930091 0.0000091
391.4017038 0.0000026
391.4103785 0.0000091
391.4190832 0.0000183
391.4277779 0.0000092
391.4364526 0.0000223
391.4451574 -0.0000092
391.4538321 -0.0000092
391.4625268 -0.0000066
391.4712015 -0.0000066
391.4798762 0.0000197
391.4885809 -0.0000132
391.4972456 0.0000066
391.5059504 0.0000013
391.5146251 0.0000079
391.5233198 0.0000184
391.5319945 0.0000091
391.5406992 0.0000026
391.5493739 0.0000222
391.5580387 0.0000066
391.5667434 0.0000013
391.5754181 0.0000183
391.5841128 -0.0000078
391.5927875 0.0000026
391.6014622 0.0000013
391.6101670 0.0000274
391.6188317 0.0000013
391.6275364 0.0000052
391.6362111 -0.0000013
391.6448758 -0.0000091
391.6535805 0.0000053
391.6622552 0.0000156
391.6709300 0.0000208
391.6796247 -0.0000039
391.6882994 0.0000105
391.6969741 0.0000144
391.7056788 0.0000091
391.7143435 0.0000299
391.7230183 0.0000052
391.7317230 0.0000013
391.7403877 0.0000013
391.7490624 0.0000066
391.7577371 0.0000118
391.7664418 0.0000105
391.7751066 -0.0000092
391.7837813 -0.0000169
391.7924860 0.0000013
391.8011507 0.0000169
391.8098254 0.0000052
391.8185001 0.0000026
391.8271648 -0.0000052
391.8358696 0.0000091
391.8445443 0.0000092
391.8532190 0.0000118
391.8618837 -0.0000026
391.8705884 0.0000157
391.8792632 0.0000209
391.8879279 -0.0000053
391.8966026 0.0000052
391.9052773 -0.0000078
391.9139520 -0.0000157
391.9226467 0.0000013
391.9313214 0.0000209
391.9399962 0.0000013
391.9486609 0.0000091
391.9573356 0.0000078
391.9660103 -0.0000052
391.9746850 0.0000116
391.9833797 0.0000258
391.9920545 0.0000103
392.0007292 0.0000154
392.0093939 -0.0000013
392.0180686 0.0000013
392.0267433 -0.0000129
392.0354080 -0.0000026
392.0440828 0.0000026
392.0527575 -0.0000052
392.0614322 0.0000052
392.0700969 0.0000103
392.0787716 0.0000039
392.0874463 -0.0000026
392.0961110 0.0000026
392.1047858 -0.0000013
392.1134905 0.0000155
392.1221652 0.0000090
392.1308299 0.0000154
392.1395046 -0.0000129
392.1481794 0.0000091
392.1568441 -0.0000051
392.1655188 0.0000116
392.1741635 -0.0000026
392.1828282 0.0000013
392.1915029 0.0000140
392.2001776 0.0000089
392.2088424 -0.0000153
392.2175171 -0.0000013
392.2261918 0.0000000
392.2348665 -0.0000076
392.2435312 -0.0000064
392.2522060 0.0000076
392.2608807 0.0000076
392.2695454 0.0000154
392.2782201 -0.0000167
392.2868948 -0.0000115
392.2955595 0.0000218
392.3042043 0.0000064
392.3128790 0.0000219
392.3215437 0.0000026
392.3302184 -0.0000039
392.3388931 0.0000026
392.3475679 0.0000065
392.3562326 -0.0000155
392.3648773 0.0000026
392.3735520 0.0000167
392.3822167 0.0000000
392.3908914 -0.0000115
392.3995662 0.0000026
392.4082309 0.0000051
392.4168756 0.0000064
392.4255503 0.0000229
392.4342150 0.0000090
392.4428897 -0.0000077
392.4515645 0.0000089
392.4602092 0.0000038
392.4688739 -0.0000026
392.4775486 0.0000091
392.4862233 0.0000064
392.4948580 0.0000142
392.5035328 -0.0000026
392.5122075 0.0000000
392.5208722 0.0000193
392.5295169 -0.0000103
392.5381916 0.0000141
392.5468563 -0.0000180
392.5555011 0.0000128
392.5641758 0.0000103
392.5728405 -0.0000077
392.5814852 0.0000179
392.5901599 -0.0000166
392.5988347 0.0000204
392.6074694 -0.0000193
392.6161441 -0.0000064
392.6248188 0.0000218
392.6334535 0.0000103
392.6421282 0.0000000
392.6508030 0.0000064
392.6594377 0.0000090
392.6681124 -0.0000026
392.6767871 0.0000143
392.6854218 -0.0000129
392.6940966 0.0000013
392.7027413 0.0000051
392.7114060 0.0000128
392.7200807 -0.0000216
392.7287254 0.0000243
392.7373901 -0.0000026
392.7460348 0.0000309
392.7547096 -0.0000064
392.7633443 0.0000013
392.7720190 0.0000115
392.7806637 -0.0000102
392.7893284 0.0000102
392.7980032 -0.0000013
392.8066479 0.0000026
392.8153126 0.0000114
392.8239573 0.0000127
392.8326320 -0.0000114
392.8412668 -0.0000038
392.8499415 -0.0000241
392.8585862 -0.0000127
392.8672609 -0.0000115
392.8758956 0.0000064
392.8845403 0.0000076
392.8932151 -0.0000051
392.9018498 0.0000220
392.9105245 0.0000052
392.9191592 0.0000103
392.9278339 -0.0000231
392.9364787 0.0000077
392.9451534 0.0000076
392.9537881 0.0000051
392.9624328 0.0000089
392.9711075 0.0000166
392.9797422 -0.0000165
392.9884170 0.0000089
392.9970617 0.0000166
393.0056964 0.0000115
393.0143711 0.0000089
393.0230158 -0.0000242
393.0316506 -0.0000051
393.0403253 0.0000051
393.0489700 0.0000204
393.0576047 0.0000077
393.0662794 0.0000129
393.0749242 0.0000154
393.0835589 0.0000077
393.0922336 0.0000026
393.1008783 0.0000245
393.1095130 -0.0000026
393.1181878 0.0000142
393.1268325 0.0000013
393.1354672 -0.0000026
393.1441419 -0.0000013
393.1527766 0.0000116
393.1614213 0.0000000
393.1700661 0.0000117
393.1787308 0.0000026
393.1873755 0.0000244
393.1960202 0.0000116
393.2046549 -0.0000181
393.2132996 -0.0000013
393.2219744 -0.0000090
393.2306091 0.0000078
393.2392538 -0.0000039
393.2478985 0.0000077
393.2565633 0.0000129
393.2652080 0.0000039
393.2738527 -0.0000091
393.2824874 0.0000128
393.2911321 0.0000090
393.2997768 -0.0000013
393.3084416 -0.0000013
393.3170863 -0.0000026
393.3257310 0.0000052
393.3343657 -0.0000026
393.3430104 0.0000181
393.3516552 -0.0000077
393.3602899 0.0000026
393.3689346 0.0000052
393.3776093 -0.0000051
393.3862440 0.0000103
393.3948888 0.0000181
393.4035335 -0.0000039
393.4121682 0.0000232
393.4208129 0.0000000
393.4294476 0.0000039
393.4380924 0.0000155
393.4467371 0.0000103
393.4553718 -0.0000051
393.4640165 0.0000090
393.4726612 -0.0000039
393.4812959 -0.0000039
393.4899407 0.0000192
393.4985854 0.0000116
393.5072201 -0.0000090
393.5158648 -0.0000051
393.5245095 0.0000154
393.5331443 -0.0000051
393.5417890 0.0000115
393.5504337 -0.0000064
393.5590684 0.0000064
393.5677131 0.0000180
393.5763479 0.0000089
393.5849926 0.0000254
393.5936373 0.0000128
393.6022720 0.0000102
393.6109167 0.0000102
393.6195615 0.0000141
393.6281962 0.0000437
393.6368409 0.0000128
393.6454856 0.0000103
393.6541204 0.0000115
393.6627351 -0.0000013
393.6713798 0.0000026
393.6800145 -0.0000051
393.6886592 -0.0000013
393.6972939 -0.0000194
393.7059387 0.0000103
393.7145834 0.0000051
393.7232181 -0.0000051
393.7318328 0.0000230
393.7404775 0.0000140
393.7491123 0.0000190
393.7577570 0.0000013
393.7664017 -0.0000076
393.7750364 0.0000063
393.7836511 0.0000038
393.7922959 0.0000051
393.8009306 0.0000166
393.8095753 0.0000177
393.8182100 0.0000013
393.8268247 -0.0000114
393.8354695 0.0000243
393.8441042 0.0000178
393.8527489 0.0000217
393.8613636 -0.0000064
393.8699983 0.0000165
393.8786431 0.0000088
393.8872878 -0.0000101
393.8958925 -0.0000013
393.9045372 0.0000191
393.9131720 -0.0000025
393.9217867 -0.0000089
393.9304314 0.0000076
393.9390661 0.0000038
393.9476808 -0.0000025
393.9563256 0.0000265
393.9649603 0.0000114
393.9736050 0.0000051
393.9822097 0.0000051
393.9908544 0.0000204
393.9994691 0.0000216
394.0081039 0.0000101
394.0167486 -0.0000051
394.0253633 -0.0000114
394.0339980 0.0000076
394.0426428 0.0000076
394.0512475 -0.0000114
394.0598922 0.0000165
394.0685069 0.0000076
394.0771416 0.0000088
394.0857864 -0.0000228
394.0944011 0.0000305
394.1030358 0.0000089
394.1116505 -0.0000051
394.1202852 0.0000140
394.1289000 0.0000203
394.1375447 0.0000000
394.1461494 0.0000050
394.1547941 0.0000076
394.1634389 -0.0000101
394.1720436 0.0000278
394.1806883 0.0000114
394.1892930 -0.0000051
394.1979377 0.0000114
394.2065525 0.0000013
394.2151872 -0.0000101
394.2238019 0.0000089
394.2324466 0.0000038
394.2410513 0.0000154
394.2496661 0.0000076
394.2583008 0.0000128
394.2669155 0.0000166
394.2755602 -0.0000051
394.2841649 0.0000230
394.2928097 0.0000025
394.3014244 0.0000103
394.3100591 -0.0000038
394.3186738 0.0000076
394.3272785 0.0000126
394.3359233 -0.0000126
394.3445380 0.0000126
394.3531727 0.0000075
394.3617874 -0.0000051
394.3703921 -0.0000063
394.3790369 0.0000025
394.3876516 -0.0000076
394.3962563 0.0000038
394.4049010 0.0000101
394.4135158 0.0000227
394.4221205 0.0000101
394.4307652 -0.0000114
394.4393699 -0.0000126
394.4479846 0.0000215
394.4566294 0.0000013
394.4652341 0.0000063
394.4738488 -0.0000201
394.4824835 0.0000013
394.4910983 0.0000190
394.4997130 0.0000063
394.5083177 0.0000038
394.5169624 0.0000264
394.5255671 0.0000050
394.5341819 0.0000087
394.5427966 0.0000037
394.5514313 -0.0000037
394.5600460 0.0000187
394.5686607 0.0000100
394.5772655 0.0000286
394.5859102 0.0000311
394.5945149 0.0000174
394.6031296 0.0000224
394.6117444 0.0000000
394.6203491 0.0000200
394.6289638 -0.0000050
394.6375985 0.0000163
394.6462132 0.0000125
394.6548280 -0.0000013
394.6634327 0.0000101
394.6720474 0.0000050
394.6806521 0.0000138
394.6892969 0.0000213
394.6979116 0.0000075
394.7065163 0.0000151
394.7151310 -0.0000025
394.7237357 -0.0000138
394.7323505 0.0000038
394.7409652 0.0000112
394.7495699 -0.0000025
394.7581846 -0.0000012
394.7667893 -0.0000137
394.7754341 0.0000100
394.7840488 0.0000075
394.7926535 0.0000150
394.8012682 -0.0000038
394.8098730 0.0000137
394.8184877 -0.0000050
394.8271024 0.0000038
394.8357071 0.0000075
394.8443218 0.0000212
394.8529266 0.0000236
394.8615413 0.0000050
394.8701560 0.0000237
394.8787607 0.0000025
394.8873755 0.0000249
394.8959802 0.0000113
394.9045949 0.0000339
394.9132096 0.0000149
394.9218143 0.0000125
394.9304291 0.0000250
394.9390338 0.0000000
394.9476485 0.0000112
394.9562632 0.0000249
394.9648680 0.0000213
394.9734527 0.0000037
394.9820574 0.0000113
394.9906721 0.0000299
394.9992768 -0.0000050
395.0078916 0.0000125
395.0165063 0.0000012
395.0251110 0.0000275
395.0337257 0.0000150
395.0423305 0.0000037
395.0509152 0.0000050
395.0595299 0.0000124
395.0681346 0.0000075
395.0767493 0.0000074
395.0853541 0.0000374
395.0939688 0.0000338
395.1025835 0.0000186
395.1111582 0.0000286
395.1197729 0.0000235
395.1283777 0.0000198
395.1369924 0.0000211
395.1455971 0.0000049
395.1541818 0.0000482
395.1627966 0.0000261
395.1714013 0.0000161
395.1800160 0.0000296
395.1885907 0.0000235
395.1972054 0.0000333
395.2058202 0.0000087
395.2144249 0.0000148
395.2230096 0.0000136
395.2316143 0.0000297
395.2402291 0.0000310
395.2488338 0.0000187
395.2574185 0.0000125
395.2660332 0.0000236
395.2746380 0.0000037
395.2832227 0.0000222
395.2918274 0.0000271
395.3004421 0.0000025
395.3090168 0.0000135
395.3176316 0.0000196
395.3262463 0.0000283
395.3348210 0.0000234
395.3434357 0.0000258
395.3520405 0.0000258
395.3606252 0.0000306
395.3692399 0.0000321
395.3778446 0.0000293
395.3864293 0.0000135
395.3950341 0.0000197
395.4036188 0.0000185
395.4122235 0.0000320
395.4208382 0.0000382
395.4294230 0.0000284
395.4380277 0.0000172
395.4466124 0.0000357
395.4552171 0.0000185
395.4638018 0.0000422
395.4724066 0.0000249
395.4809913 0.0000198
395.4896060 0.0000263
395.4982108 0.0000349
395.5067955 0.0000337
395.5154002 0.0000299
395.5239849 0.0000362
395.5325896 0.0000399
395.5411744 0.0000187
395.5497891 0.0000262
395.5583638 0.0000300
395.5669785 0.0000250
395.5755533 0.0000325
395.5841380 0.0000459
395.5927427 0.0000422
395.6013274 0.0000249
395.6099422 0.0000534
395.6185169 0.0000447
395.6271316 0.0000298
395.6357063 0.0000421
395.6443210 0.0000271
395.6528958 0.0000360
395.6614805 0.0000371
395.6700952 0.0000409
395.6786699 0.0000471
395.6872847 0.0000532
395.6958594 0.0000324
395.7044441 0.0000447
395.7130488 0.0000481
395.7216335 0.0000348
395.7302083 0.0000347
395.7388230 0.0000557
395.7474077 0.0000638
395.7559824 0.0000332
395.7645972 0.0000307
395.7731719 0.0000443
395.7817566 0.0000577
395.7903613 0.0000494
395.7989461 0.0000479
395.8075208 0.0000503
395.8161355 0.0000416
395.8247202 0.0000354
395.8332949 0.0000640
395.8418797 0.0000610
395.8504844 0.0000674
395.8590691 0.0000685
395.8676438 0.0000649
395.8762286 0.0000560
395.8848433 0.0000354
395.8934180 0.0000465
395.9020027 0.0000587
395.9105775 0.0000550
395.9191622 0.0000427
395.9277669 0.0000599
395.9363516 0.0000767
395.9449264 0.0000499
395.9535111 0.0000754
395.9620858 0.0000625
395.9707005 0.0000489
395.9792853 0.0000669
395.9878600 0.0000621
395.9964447 0.0000610
396.0050194 0.0000749
396.0136041 0.0000832
396.0222089 0.0000656
396.0307936 0.0000729
396.0393683 0.0000819
396.0479530 0.0000687
396.0565378 0.0000697
396.0651125 0.0000746
396.0736972 0.0000893
396.0822719 0.0000789
396.0908567 0.0000828
396.0994314 0.0000780
396.1080161 0.0000889
396.1166208 0.0000884
396.1252056 0.0000924
396.1337903 0.0000704
396.1423650 0.0000788
396.1509497 0.0000739
396.1595245 0.0000932
396.1681092 0.0000975
396.1766839 0.0001048
396.1852686 0.0000921
396.1938433 0.0001396
396.2024281 0.0001183
396.2110028 0.0001127
396.2195875 0.0001192
396.2281622 0.0001324
396.2367470 0.0001561
396.2453317 0.0001576
396.2539064 0.0001570
396.2624911 0.0001408
396.2710359 0.0001519
396.2796206 0.0001671
396.2881953 0.0001729
396.2967800 0.0001880
396.3053548 0.0001757
396.3139395 0.0001866
396.3225142 0.0002038
396.3310989 0.0002008
396.3396837 0.0002193
396.3482584 0.0002225
396.3568431 0.0002213
396.3653878 0.0002352
396.3739725 0.0002504
396.3825473 0.0002615
396.3911320 0.0002761
396.3997067 0.0002797
396.4082915 0.0003291
396.4168662 0.0003206
396.4254209 0.0003239
396.4339956 0.0003434
396.4425803 0.0003462
396.4511551 0.0003476
396.4597398 0.0003863
396.4682945 0.0003984
396.4768692 0.0004311
396.4854540 0.0004395
396.4940287 0.0004629
396.5025834 0.0004668
396.5111581 0.0005046
396.5197429 0.0005523
396.5283176 0.0005802
396.5368723 0.0005894
396.5454470 0.0006145
396.5540318 0.0006160
396.5626065 0.0006948
396.5711612 0.0007297
396.5797359 0.0007449
396.5883207 0.0007966
396.5968654 0.0008529
396.6054501 0.0008791
396.6140348 0.0009105
396.6226096 0.0009802
396.6311643 0.0010487
396.6397390 0.0011113
396.6482937 0.0011561
396.6568684 0.0012953
396.6654532 0.0013750
396.6739979 0.0014435
396.6825826 0.0015753
396.6911574 0.0017394
396.6997121 0.0019186
396.7082868 0.0021166
396.7168415 0.0023298
396.7254162 0.0026693
396.7340010 0.0029965
396.7425457 0.0033511
396.7511304 0.0038254
396.7596751 0.0044770
396.7682599 0.0052124
396.7768446 0.0060782
396.7853893 0.0072564
396.7939741 0.0090474
396.8025188 0.0111029
396.8111035 0.0132503
396.8196482 0.0169410
396.8282329 0.0220330
396.8367777 0.0279346
396.8453624 0.0350999
396.8539071 0.0461609
396.8624918 0.0597407
396.8710366 0.0722852
396.8796213 0.0876756
396.8881660 0.1059917
396.8967507 0.1201663
396.9052955 0.1304487
396.9138802 0.1407853
396.9224249 0.1492318
396.9309796 0.1516376
396.9395544 0.1522092
396.9481091 0.1508547
396.9566838 0.1437728
396.9652385 0.1262565
396.9737833 0.1073939
396.9823680 0.0897873
396.9909127 0.0702986
396.9994974 0.0528534
397.0080422 0.0407782
397.0165969 0.0316457
397.0251716 0.0235022
397.0337263 0.0175844
397.0422711 0.0138977
397.0508558 0.0112749
397.0594005 0.0087662
397.0679552 0.0067855
397.0765400 0.0057995
397.0850847 0.0047532
397.0936394 0.0039410
397.1022141 0.0033091
397.1107689 0.0028661
397.1193136 0.0024762
397.1278983 0.0021113
397.1364430 0.0018356
397.1449978 0.0016641
397.1535425 0.0014783
397.1621272 0.0012954
397.1706719 0.0011580
397.1792267 0.0010690
397.1877714 0.0009534
397.1963561 0.0008291
397.2049008 0.0007649
397.2134556 0.0007160
397.2220003 0.0006500
397.2305850 0.0005976
397.2391297 0.0005394
397.2476845 0.0005094
397.2562292 0.0004736
397.2647839 0.0004114
397.2733286 0.0003818
397.2819134 0.0003693
397.2904581 0.0003389
397.2990128 0.0003378
397.3075575 0.0002786
397.3161123 0.0002617
397.3246570 0.0002387
397.3332417 0.0002219
397.3417864 0.0002191
397.3503412 0.0002123
397.3588859 0.0001999
397.3674406 0.0001864
397.3759853 0.0001579
397.3845401 0.0001681
397.3930848 0.0001651
397.4016395 0.0001556
397.4101842 0.0001516
397.4187390 0.0001546
397.4272837 0.0001439
397.4358684 0.0001465
397.4444131 0.0001353
397.4529679 0.0001215
397.4615126 0.0001277
397.4700673 0.0001261
397.4786120 0.0001187
397.4871668 0.0001100
397.4957115 0.0001286
397.5042662 0.0001010
397.5128109 0.0001185
397.5213657 0.0001034
397.5299104 0.0001078
397.5384651 0.0001006
397.5470099 0.0001078
397.5555246 0.0001030
397.5640793 0.0001113
397.5726240 0.0000968
397.5811787 0.0001082
397.5897235 0.0001024
397.5982782 0.0000928
397.6068229 0.0000817
397.6153776 0.0000759
397.6239224 0.0000664
397.6324771 0.0000684
397.6410218 0.0000920
397.6495766 0.0000757
397.6580913 0.0000767
397.6666460 0.0000734
397.6751907 0.0000687
397.6837455 0.0000999
397.6922902 0.0000768
397.7008449 0.0000639
397.7093896 0.0000641
397.7179143 0.0000714
397.7264591 0.0000701
397.7350138 0.0000741
397.7435585 0.0000468
397.7521133 0.0000757
397.7606280 0.0000668
397.7691827 0.0000643
397.7777274 0.0000544
397.7862822 0.0000643
397.7948269 0.0000724
397.8033516 0.0000503
397.8118963 0.0000685
397.8204511 0.0000547
397.8289958 0.0000579
397.8375105 0.0000684
397.8460652 0.0000586
397.8546100 0.0000597
397.8631347 0.0000716
397.8716794 0.0000636
397.8802341 0.0000528
397.8887789 0.0000323
397.8973036 0.0000599
397.9058483 0.0000469
397.9144031 0.0000347
397.9229178 0.0000371
397.9314725 0.0000467
397.9400172 0.0000560
397.9485419 0.0000598
397.9570867 0.0000593
397.9656114 0.0000489
397.9741561 0.0000570
397.9827109 0.0000524
397.9912256 0.0000535
397.9997703 0.0000478
398.0083250 0.0000527
398.0168397 0.0000394
398.0253945 0.0000406
398.0339092 0.0000333
398.0424639 0.0000382
398.0509786 0.0000417
398.0595334 0.0000275
398.0680781 0.0000333
398.0766028 0.0000370
398.0851476 0.0000355
398.0936723 0.0000533
398.1022170 0.0000344
398.1107417 0.0000308
398.1192865 0.0000238
398.1278012 0.0000261
398.1363559 0.0000426
398.1448706 0.0000605
398.1534254 0.0000606
398.1619401 0.0000284
398.1704948 0.0000545
398.1790095 0.0000369
398.1875643 0.0000297
398.1960790 0.0000295
398.2046337 0.0000261
398.2131484 0.0000460
398.2216732 0.0000191
398.2302179 0.0000413
398.2387426 0.0000226
398.2472874 0.0000321
398.2558021 0.0000307
398.2643568 0.0000286
398.2728715 0.0000201
398.2813963 0.0000380
398.2899410 0.0000119
398.2984657 0.0000213
398.3069804 0.0000356
398.3155352 0.0000248
398.3240499 0.0000238
398.3326046 0.0000307
398.3411193 0.0000235
398.3496441 0.0000250
398.3581888 0.0000154
398.3667035 0.0000357
398.3752282 0.0000369
398.3837430 0.0000537
398.3922977 0.0000167
398.4008124 0.0000274
398.4093371 0.0000404
398.4178819 0.0000323
398.4264066 0.0000262
398.4349213 0.0000167
398.4434460 0.0000333
398.4519908 0.0000381
398.4605055 0.0000273
398.4690302 0.0000225
398.4775449 0.0000155
398.4860997 0.0000213
398.4946144 0.0000180
398.5031391 0.0000203
398.5116539 0.0000095
398.5201786 0.0000168
398.5287233 0.0000191
398.5372480 0.0000202
398.5457628 0.0000273
398.5542775 0.0000142
398.5628022 0.0000179
398.5713469 0.0000275
398.5798717 0.0000201
398.5883864 0.0000203
398.5969111 0.0000262
398.6054258 0.0000189
398.6139506 0.0000118
398.6224653 0.0000118
398.6309800 0.0000249
398.6395348 0.0000331
398.6480495 0.0000107
398.6565742 0.0000167
398.6650889 -0.0000071
398.6736137 0.0000424
398.6821284 0.0000224
398.6906531 0.0000287
398.6991678 0.0000012
398.7076826 0.0000048
398.7162073 0.0000119
398.7247220 0.0000297
398.7332467 0.0000154
398.7417615 0.0000143
398.7502862 0.0000083
398.7588009 0.0000108
398.7673256 0.0000263
398.7758404 0.0000144
398.7843551 0.0000192
398.7928798 0.0000048
398.8013945 0.0000048
398.8099193 0.0000368
398.8184340 0.0000178
398.8269587 0.0000108
398.8354735 0.0000119
398.8439882 0.0000274
398.8525129 0.0000144
398.8610276 0.0000204
398.8695524 0.0000000
398.8780671 0.0000000
398.8865918 0.0000192
398.8951065 0.0000229
398.9036313 -0.0000084
398.9121160 0.0000036
398.9206307 0.0000217
398.9291554 0.0000192
398.9376702 0.0000217
398.9461949 0.0000096
398.9547096 0.0000109
398.9632344 0.0000108
398.9717491 0.0000230
398.9802338 0.0000204
398.9887585 0.0000155
398.9972733 0.0000155
399.0057980 0.0000287
399.0143127 0.0000132
399.0228074 0.0000311
399.0313222 -0.0000012
399.0398369 0.0000358
399.0483616 0.0000060
399.0568763 0.0000096
399.0653711 0.0000181
399.0738858 0.0000216
399.0824105 0.0000192
399.0909253 0.0000327
399.0994100 0.0000072
399.1079347 0.0000277
399.1164494 0.0000000
399.1249742 0.0000096
399.1334589 0.0000121
399.1419836 0.0000060
399.1504983 0.0000000
399.1589831 0.0000048
399.1675078 -0.0000072
399.1760225 -0.0000096
399.1845172 0.0000119
399.1930320 0.0000072
399.2015567 -0.0000120
399.2100414 0.0000036
399.2185561 -0.0000012
399.2270809 0.0000215
399.2355656 0.0000059
399.2440903 0.0000120
399.2526051 0.0000167
399.2610898 0.0000084
399.2696145 0.0000217
399.2780992 0.0000228
399.2866240 0.0000012
399.2951387 -0.0000024
399.3036334 0.0000121
399.3121481 0.0000193
399.3206329 0.0000183
399.3291576 0.0000024
399.3376423 0.0000181
399.3461670 0.0000073
399.3546818 0.0000180
399.3631765 -0.0000121
399.3716912 0.0000193
399.3801759 0.0000072
399.3887007 0.0000084
399.3971854 0.0000072
399.4057101 0.0000132
399.4141949 0.0000036
399.4227096 0.0000012
399.4312043 0.0000252
399.4397190 0.0000145
399.4482138 -0.0000012
399.4567285 0.0000084
399.4652132 0.0000108
399.4737079 -0.0000121
399.4822227 0.0000024
399.4907174 -0.0000048
399.4992321 0.0000084
399.5077269 0.0000170
399.5162416 0.0000108
399.5247263 -0.0000109
399.5332210 0.0000121
399.5417358 0.0000036
399.5502305 0.0000000
399.5587452 0.0000000
399.5672299 0.0000048
399.5757247 0.0000073
399.5842394 0.0000182
399.5927341 0.0000206
399.6012188 0.0000169
399.6097336 0.0000085
399.6182283 0.0000133
399.6267130 0.0000085
399.6352378 0.0000000
399.6437225 0.0000085
399.6522072 0.0000205
399.6607319 -0.0000024
399.6692167 0.0000037
399.6777114 0.0000000
399.6861961 0.0000061
399.6947209 0.0000061
399.7032056 0.0000096
399.7116903 -0.0000012
399.7201850 0.0000048
399.7286998 0.0000024
399.7371845 0.0000036
399.7456792 0.0000266
399.7541639 0.0000024
399.7626887 -0.0000072
399.7711734 0.0000024
399.7796581 0.0000121
399.7881528 0.0000241
399.7966376 -0.0000012
399.8051623 0.0000133
399.8136470 0.0000048
399.8221317 0.0000000
399.8306265 -0.0000012
399.8391112 0.0000157
399.8476059 0.0000000
399.8561207 -0.0000097
399.8646054 0.0000072
399.8731001 0.0000146
399.8815848 0.0000122
399.8900796 -0.0000109
399.8985643 0.0000109
399.9070490 0.0000024
399.9155437 0.0000170
399.9240285 0.0000048
399.9325232 0.0000085
399.9410379 0.0000205
399.9495227 0.0000109
399.9580174 0.0000109
399.9665021 0.0000000
399.9749968 0.0000060
399.9834816 0.0000193
399.9919663 0.0000085
400.0004610 -0.0000024
400.0089457 -0.0000133
400.0174405 -0.0000072
400.0259252 0.0000158
400.0344099 0.0000205
400.0429046 0.0000122
400.0513894 0.0000182
400.0598741 0.0000109
400.0683688 0.0000037
400.0768536 -0.0000036
400.0853483 0.0000182
400.0938330 0.0000061
400.1023177 0.0000207
400.1108125 -0.0000195
400.1192972 -0.0000110
400.1277619 0.0000210
400.1362466 0.0000049
400.1447314 0.0000183
400.1532261 0.0000271
400.1617108 -0.0000012
400.1701955 0.0000062
400.1786903 0.0000110
400.1871750 0.0000074
400.1956697 0.0000061
400.2041244 0.0000111
400.2126092 0.0000147
400.2211039 0.0000258
400.2295886 0.0000037
400.2380834 0.0000037
400.2465681 0.0000049
400.2550228 0.0000074
400.2635175 0.0000012
400.2720023 0.0000012
400.2804870 -0.0000024
400.2889817 0.0000025
400.2974364 0.0000184
400.3059312 0.0000073
400.3144159 0.0000098
400.3229006 0.0000123
400.3313954 0.0000025
400.3398501 -0.0000012
400.3483348 0.0000208
400.3568295 0.0000160
400.3652843 0.0000074
400.3737790 0.0000012
400.3822637 0.0000024
400.3907484 -0.0000037
400.3992132 0.0000134
400.4076979 0.0000110
400.4161826 0.0000073
400.4246473 -0.0000037
400.4331321 0.0000024
400.4416268 0.0000183
400.4500815 0.0000171
400.4585663 0.0000110
400.4670610 0.0000061
400.4755157 -0.0000037
400.4840004 0.0000233
400.4924952 -0.0000037
400.5009499 0.0000220
400.5094446 -0.0000049
400.5178993 0.0000085
400.5263841 0.0000098
400.5348788 -0.0000037
400.5433335 -0.0000037
400.5518183 0.0000061
400.5602830 0.0000000
400.5687677 0.0000319
400.5772524 0.0000012
400.5857172 -0.0000049
400.5942019 -0.0000061
400.6026666 0.0000232
400.6111514 -0.0000061
400.6196061 0.0000012
400.6281008 0.0000049
400.6365555 0.0000073
400.6450403 0.0000098
400.6535050 -0.0000110
400.6619897 0.0000171
400.6704444 -0.0000025
400.6789392 0.0000172
400.6873939 0.0000136
400.6958886 -0.0000161
400.7043433 -0.0000062
400.7128281 0.0000025
400.7212928 0.0000197
400.7297475 0.0000149
400.7382323 -0.0000074
400.7466970 0.0000111
400.7551817 0.0000173
400.7636364 0.0000000
400.7721312 -0.0000111
400.7805859 -0.0000135
400.7890406 0.0000000
400.7975353 0.0000025
400.8059901 0.0000025
400.8144548 0.0000025
400.8229395 -0.0000025
400.8313942 0.0000050
400.8398890 0.0000037
400.8483437 0.0000000
400.8567984 0.0000049
400.8652932 -0.0000160
400.8737479 -0.0000037
400.8822026 0.0000062
400.8906673 0.0000074
400.8991521 0.0000123
400.9076068 0.0000160
400.9160715 -0.0000110
400.9245563 0.0000037
400.9330110 -0.0000160
400.9414757 -0.0000098
400.9499304 -0.0000159
400.9584252 0.0000012
400.9668799 -0.0000012
400.9753346 0.0000110
400.9837993 -0.0000012
400.9922841 -0.0000025
401.0007388 0.0000110
401.0092035 -0.0000037
401.0176582 0.0000049
401.0261130 0.0000099
401.0346077 0.0000160
401.0430624 0.0000123
401.0515171 -0.0000086
401.0599819 -0.0000295
401.0684366 0.0000062
401.0768913 0.0000185
401.0853861 0.0000136
401.0938408 0.0000049
401.1022955 0.0000147
401.1107602 -0.0000037
401.1192150 -0.0000074
401.1276697 0.0000000
401.1361344 -0.0000061
401.1445891 0.0000258
401.1530839 0.0000074
401.1615386 -0.0000223
401.1699933 -0.0000012
401.1784581 0.0000074
401.1869128 -0.0000086
401.1953675 0.0000074
401.2038322 -0.0000074
401.2122870 0.0000149
401.2207417 0.0000012
401.2292064 -0.0000136
401.2376611 0.0000099
401.2461159 0.0000025
401.2545806 0.0000099
401.2630353 0.0000161
401.2714900 -0.0000086
401.2799548 -0.0000123
401.2884095 0.0000098
401.2968642 -0.0000049
401.3053290 -0.0000037
401.3137837 0.0000235
401.3222384 0.0000147
401.3307031 -0.0000074
401.3391579 0.0000086
401.3476126 0.0000037
401.3560773 0.0000025
401.3645321 0.0000160
401.3729868 0.0000074
401.3814215 0.0000098
401.3898762 -0.0000037
401.3983310 -0.0000098
401.4067957 0.0000049
401.4152504 -0.0000012
401.4237051 -0.0000147
401.4321699 0.0000061
401.4406246 -0.0000037
401.4490493 0.0000246
401.4575140 -0.0000049
401.4659688 0.0000049
401.4744235 -0.0000037
401.4828882 -0.0000049
401.4913430 -0.0000049
401.4997677 0.0000012
401.5082324 -0.0000085
401.5166871 0.0000242
401.5251419 0.0000000
401.5336066 -0.0000169
401.5420313 0.0000171
401.5504860 0.0000061
401.5589408 0.0000183
401.5674055 -0.0000122
401.5758302 0.0000086
401.5842849 0.0000061
401.5927497 0.0000012
401.6012044 0.0000049
401.6096291 0.0000123
401.6180939 0.0000173
401.6265486 -0.0000147
401.6349733 0.0000222
401.6434380 0.0000148
401.6518928 0.0000110
401.6603475 0.0000073
401.6687822 -0.0000025
401.6772370 0.0000024
401.6856917 -0.0000061
401.6941264 0.0000208
401.7025811 0.0000012
401.7110058 -0.0000135
401.7194706 0.0000037
401.7279253 0.0000196
401.7363500 -0.0000085
401.7448148 0.0000123
401.7532695 0.0000220
401.7616942 0.0000012
401.7701489 0.0000085
401.7785837 0.0000012
401.7870384 -0.0000025
401.7954631 0.0000122
401.8039279 -0.0000209
401.8123826 -0.0000024
401.8208073 0.0000172
401.8292720 0.0000208
401.8376968 -0.0000061
401.8461515 0.0000000
401.8545862 0.0000061
401.8630409 0.0000000
401.8714657 -0.0000111
401.8799304 0.0000099
401.8883551 0.0000170
401.8968099 -0.0000110
401.9052346 -0.0000049
401.9136993 0.0000098
401.9221240 0.0000123
401.9305788 0.0000074
401.9390135 0.0000110
401.9474382 0.0000271
401.9558929 0.0000025
401.9643277 0.0000025
401.9727824 0.0000086
401.9812071 -0.0000012
401.9896719 -0.0000024
401.9980966 0.0000148
402.0065213 0.0000172
402.0149760 0.0000000
402.0234108 -0.0000074
402.0318355 0.0000037
402.0402902 0.0000159
402.0487249 0.0000000
402.0571797 -0.0000085
402.0656044 0.0000024
402.0740391 0.0000012
402.0824938 0.0000073
402.0909186 0.0000061
402.0993433 0.0000122
402.1078080 0.0000061
402.1162328 -0.0000037
402.1246575 -0.0000061
402.1330922 0.0000037
402.1415469 0.0000036
402.1499717 0.0000073
402.1584064 -0.0000073
402.1668611 0.0000159
402.1752858 0.0000086
402.1837106 0.0000159
402.1921453 0.0000123
402.2005700 0.0000110
402.2090247 0.0000049
402.2174595 -0.0000086
402.2258842 0.0000037
402.2343089 -0.0000122
402.2427737 0.0000244
402.2511984 -0.0000110
402.2596231 -0.0000049
402.2680478 -0.0000147
402.2764826 0.0000158
402.2849073 0.0000000
402.2933620 -0.0000061
402.3017967 -0.0000073
402.3102215 0.0000037
402.3186462 0.0000183
402.3270709 0.0000122
402.3355056 0.0000000
402.3439304 0.0000147
402.3523551 0.0000025
402.3608198 0.0000098
402.3692446 0.0000171
402.3776693 -0.0000012
402.3861040 0.0000012
402.3945287 -0.0000061
402.4029535 0.0000123
402.4113782 -0.0000049
402.4198129 0.0000012
402.4282376 0.0000012
402.4366624 0.0000235
402.4450971 -0.0000160
402.4535218 0.0000000
402.4619465 0.0000037
402.4703713 -0.0000049
402.4788060 0.0000136
402.4872307 0.0000049
402.4956554 0.0000124
402.5040902 0.0000074
402.5125149 0.0000087
402.5209396 -0.0000062
402.5293644 -0.0000245
402.5377991 0.0000000
402.5462238 -0.0000049
402.5546485 0.0000062
402.5630833 0.0000136
402.5715080 0.0000086
402.5799327 0.0000074
402.5883575 0.0000012
402.5967922 0.0000025
402.6051869 0.0000012
402.6136116 0.0000236
402.6220363 0.0000074
402.6304711 -0.0000074
402.6388958 0.0000259
402.6473205 0.0000037
402.6557553 0.0000112
402.6641800 -0.0000037
402.6725747 -0.0000062
402.6809994 0.0000258
402.6894342 0.0000012
402.6978589 0.0000111
402.7062836 0.0000012
402.7146883 0.0000209
402.7231131 -0.0000012
402.7315378 0.0000012
402.7399625 0.0000049
402.7483973 0.0000111
402.7567920 -0.0000012
402.7652167 0.0000173
402.7736414 0.0000123
402.7820762 0.0000098
402.7904709 0.0000135
402.7988956 0.0000074
402.8073303 -0.0000049
402.8157551 0.0000098
402.8241498 -0.0000062
402.8325745 0.0000037
402.8410093 0.0000061
402.8494040 0.0000111
402.8578287 0.0000061
402.8662534 0.0000073
402.8746581 -0.0000025
402.8830829 -0.0000049
402.8915076 -0.0000037
402.8999023 0.0000012
402.9083371 -0.0000012
402.9167618 0.0000098
402.9251565 -0.0000012
402.9335912 -0.0000135
402.9420160 0.0000024
402.9504107 0.0000098
402.9588354 0.0000110
402.9672401 -0.0000148
402.9756649 -0.0000062
402.9840896 0.0000124
402.9924843 -0.0000049
403.0009191 0.0000074
403.0093138 0.0000000
403.0177385 0.0000000
403.0261332 0.0000136
403.0345680 0.0000161
403.0429627 -0.0000037
403.0513874 0.0000049
403.0598221 0.0000012
403.0682169 -0.0000098
403.0766416 0.0000160
403.0850363 0.0000049
403.0934711 -0.0000086
403.1018658 -0.0000050
403.1102605 -0.0000160
403.1186852 -0.0000087
403.1270899 0.0000000
403.1355147 -0.0000049
403.1439094 0.0000111
403.1523341 -0.0000025
403.1607389 0.0000148
403.1691636 -0.0000062
403.1775583 0.0000174
403.1859530 0.0000099
403.1943878 -0.0000086
403.2027825 0.0000160
403.2112072 0.0000135
403.2196019 -0.0000037
403.2280067 0.0000111
403.2364314 -0.0000037
403.2448261 -0.0000110
403.2532509 -0.0000098
403.2616556 0.0000233
403.2700503 0.0000098
403.2784750 -0.0000073
403.2868698 0.0000369
403.2952745 0.0000025
403.3036992 0.0000307
403.3120939 0.0000061
403.3204887 -0.0000086
403.3288934 0.0000024
403.3373181 -0.0000062
403.3457128 0.0000074
403.3541076 -0.0000086
403.3625423 -0.0000062
403.3709370 0.0000049
403.3793317 -0.0000049
403.3877265 -0.0000074
403.3961312 0.0000086
403.4045559 0.0000062
403.4129506 0.0000037
403.4213454 -0.0000061
403.4297501 -0.0000049
403.4381748 -0.0000049
403.4465696 0.0000025
403.4549643 0.0000049
403.4633690 0.0000062
403.4717637 0.0000012
403.4801584 -0.0000025
403.4885832 0.0000012
403.4969879 0.0000161
403.5053826 -0.0000012
403.5137774 0.0000037
403.5221721 -0.0000050
403.5305668 0.0000260
403.5389715 0.0000037
403.5473963 0.0000075
403.5557910 -0.0000074
403.5641857 0.0000099
403.5725904 0.0000000
403.5809852 0.0000086
403.5893799 0.0000111
403.5977746 0.0000161
403.6061793 0.0000086
403.6145741 0.0000000
403.6229688 -0.0000012
403.6313635 0.0000222
403.6397682 0.0000087
403.6481630 0.0000012
403.6565577 -0.0000123
403.6649524 -0.0000062
403.6733471 -0.0000062
403.6817519 0.0000037
403.6901466 -0.0000012
403.6985413 0.0000000
403.7069361 -0.0000037
403.7153408 -0.0000074
403.7237355 0.0000160
403.7321302 0.0000037
403.7405250 0.0000087
403.7489297 0.0000000
403.7573244 0.0000099
403.7657191 -0.0000185
403.7741139 -0.0000025
403.7825186 0.0000049
403.7909133 0.0000123
403.7993081 0.0000307
403.8076728 -0.0000024
403.8160675 0.0000123
403.8244722 -0.0000037
403.8328669 0.0000025
403.8412617 0.0000061
403.8496564 0.0000061
403.8580611 -0.0000012
403.8664258 0.0000135
403.8748206 -0.0000062
403.8832153 0.0000087
403.8916100 0.0000298
403.9000148 -0.0000074
403.9084095 0.0000062
403.9167742 0.0000173
403.9251689 0.0000198
403.9335737 0.0000025
403.9419684 -0.0000012
403.9503331 0.0000161
403.9587278 0.0000222
403.9671226 -0.0000037
403.9755273 -0.0000136
403.9838920 0.0000222
403.9922867 0.0000025
404.0006815 -0.0000012
404.0090862 0.0000111
404.0174509 0.0000086
404.0258456 -0.0000062
404.0342404 0.0000098
404.0426051 -0.0000135
404.0510098 0.0000049
404.0594046 0.0000111
404.0677993 -0.0000222
404.0761640 -0.0000037
404.0845687 0.0000075
404.0929334 0.0000099
404.1013282 -0.0000049
404.1097229 0.0000050
404.1180876 -0.0000087
404.1264924 0.0000198
404.1348871 0.0000050
404.1432518 0.0000086
404.1516465 0.0000112
404.1600112 0.0000099
404.1684160 0.0000149
404.1768107 -0.0000211
404.1851754 -0.0000050
404.1935702 -0.0000062
404.2019349 0.0000174
404.2103396 0.0000111
404.2187043 0.0000162
404.2270991 -0.0000062
404.2354638 0.0000050
404.2438685 -0.0000063
404.2522332 0.0000099
404.2606280 0.0000186
404.2689927 0.0000075
404.2773874 0.0000037
404.2857621 0.0000049
404.2941569 -0.0000099
404.3025216 0.0000185
404.3109163 0.0000050
404.3192810 0.0000087
404.3276858 0.0000124
404.3360505 0.0000309
404.3444452 0.0000062
404.3528099 -0.0000037
404.3611747 0.0000025
404.3695794 -0.0000050
404.3779441 0.0000062
404.3863389 -0.0000049
404.3947036 0.0000037
404.4030683 0.0000209
404.4114730 0.0000136
404.4198377 -0.0000110
404.4282325 0.0000000
404.4365972 -0.0000111
404.4449619 0.0000037
404.4533667 -0.0000123
404.4617314 0.0000037
404.4700961 0.0000099
404.4784908 0.0000074
404.4868556 -0.0000135
404.4952303 0.0000062
404.5036250 0.0000110
404.5119897 -0.0000037
404.5203545 0.0000197
404.5287192 0.0000024
404.5371239 0.0000086
404.5454886 0.0000221
404.5538534 0.0000135
404.5622181 0.0000086
404.5706128 -0.0000135
404.5789875 0.0000012
404.5873523 0.0000025
404.5957170 0.0000110
404.6041117 0.0000099
404.6124764 0.0000309
404.6208512 0.0000049
404.6292159 -0.0000074
404.6375806 0.0000161
404.6459753 -0.0000087
404.6543401 0.0000037
404.6627048 -0.0000123
404.6710795 -0.0000025
404.6794442 -0.0000073
404.6878090 0.0000025
404.6961737 -0.0000086
404.7045684 0.0000012
404.7129431 0.0000210
404.7213079 -0.0000049
404.7296726 -0.0000025
404.7380373 -0.0000185
404.7464020 0.0000074
404.7547768 0.0000198
404.7631415 0.0000123
404.7715062 -0.0000012
404.7798709 0.0000049
404.7882357 0.0000000
404.7966004 0.0000099
404.8050051 -0.0000012
404.8133698 -0.0000025
404.8217346 0.0000086
404.8300993 0.0000197
404.8384640 -0.0000037
404.8468387 0.0000147
404.8552035 0.0000000
404.8635682 -0.0000024
404.8719329 -0.0000049
404.8802976 0.0000184
404.8886724 -0.0000184
404.8970371 -0.0000025
404.9053718 0.0000012
404.9137365 0.0000037
404.9221013 0.0000025
404.9304660 0.0000123
404.9388407 -0.0000074
404.9472054 0.0000099
404.9555702 -0.0000172
404.9639349 -0.0000061
404.9722996 0.0000158
404.9806643 0.0000086
404.9890391 0.0000122
404.9974038 0.0000098
405.0057385 0.0000159
405.0141032 -0.0000170
405.0224680 0.0000146
405.0308327 -0.0000233
405.0392074 -0.0000073
405.0475721 -0.0000037
405.0559069 0.0000049
405.0642716 0.0000195
405.0726363 0.0000135
405.0810110 0.0000012
405.0893758 0.0000012
405.0977105 -0.0000037
405.1060752 -0.0000012
405.1144399 0.0000184
405.1228047 0.0000085
405.1311794 0.0000000
405.1395141 0.0000208
405.1478788 -0.0000073
405.1562436 0.0000122
405.1646083 -0.0000073
405.1729430 -0.0000085
405.1813177 0.0000048
405.1896825 0.0000048
405.1980172 -0.0000073
405.2063819 0.0000219
405.2147466 -0.0000012
405.2230813 0.0000048
405.2314561 -0.0000194
405.2398208 0.0000037
405.2481555 -0.0000037
405.2565203 0.0000171
405.2648850 0.0000000
405.2732197 0.0000085
405.2815944 0.0000098
405.2899592 -0.0000037
405.2982939 -0.0000037
405.3066586 -0.0000085
405.3149933 0.0000208
405.3233580 0.0000097
405.3317328 0.0000171
405.3400675 0.0000086
405.3484322 0.0000134
405.3567669 0.0000000
405.3651317 -0.0000049
405.3734964 0.0000074
405.3818311 0.0000183
405.3902059 0.0000086
405.3985406 0.0000147
405.4069053 -0.0000074
405.4152400 -0.0000135
405.4236047 -0.0000037
405.4319395 -0.0000135
405.4403142 -0.0000110
405.4486489 -0.0000135
405.4570136 0.0000086
405.4653484 -0.0000049
405.4737131 0.0000024
405.4820478 -0.0000061
405.4904125 0.0000049
405.4987573 0.0000086
405.5070920 0.0000073
405.5154567 0.0000024
405.5237914 0.0000012
405.5321562 -0.0000012
405.5404909 -0.0000037
405.5488356 0.0000122
405.5572003 0.0000049
405.5655351 0.0000086
405.5738998 -0.0000061
405.5822345 0.0000110
405.5905692 0.0000122
405.5989340 -0.0000182
405.6072787 -0.0000037
405.6156134 0.0000000
405.6239781 0.0000037
405.6323128 0.0000061
405.6406476 -0.0000086
405.6490123 -0.0000197
405.6573470 0.0000000
405.6656917 0.0000257
405.6740565 0.0000159
405.6823912 0.0000135
405.6907259 -0.0000136
405.6990606 0.0000000
405.7074254 0.0000067
