# wl 	 %tx
 278.60528  0.00368
 278.62641  0.00363
 278.64755  0.00373
 278.66871  0.00366
 278.68985  0.00361
 278.71097  0.00368
 278.73214  0.00366
 278.75327  0.00365
 278.77441  0.00367
 278.79557  0.00366
 278.81671  0.00364
 278.83784  0.00362
 278.85901  0.00362
 278.88014  0.00363
 278.90127  0.00361
 278.92243  0.00362
 278.94357  0.00361
 278.96470  0.00361
 278.98587  0.00359
 279.00700  0.00365
 279.02814  0.00358
 279.04927  0.00356
 279.07044  0.00357
 279.09156  0.00358
 279.11269  0.00353
 279.13383  0.00355
 279.15499  0.00349
 279.17613  0.00353
 279.19726  0.00347
 279.21840  0.00357
 279.23953  0.00351
 279.26069  0.00352
 279.28182  0.00353
 279.30296  0.00353
 279.32409  0.00350
 279.34523  0.00350
 279.36639  0.00346
 279.38753  0.00344
 279.40866  0.00344
 279.42979  0.00344
 279.45092  0.00342
 279.47206  0.00344
 279.49319  0.00343
 279.51436  0.00343
 279.53549  0.00343
 279.55663  0.00332
 279.57776  0.00339
 279.59889  0.00343
 279.62002  0.00339
 279.64116  0.00344
 279.66229  0.00341
 279.68342  0.00334
 279.70456  0.00342
 279.72572  0.00339
 279.74686  0.00340
 279.76798  0.00333
 279.78912  0.00334
 279.81025  0.00338
 279.83139  0.00336
 279.85252  0.00336
 279.87366  0.00342
 279.89479  0.00337
 279.91593  0.00335
 279.93705  0.00339
 279.95819  0.00333
 279.97932  0.00334
 280.00046  0.00339
 280.02159  0.00330
 280.04273  0.00333
 280.06386  0.00334
 280.08499  0.00337
 280.10612  0.00332
 280.12726  0.00335
 280.14839  0.00336
 280.16950  0.00336
 280.19063  0.00334
 280.21177  0.00330
 280.23289  0.00335
 280.25403  0.00333
 280.27516  0.00333
 280.29629  0.00340
 280.31743  0.00333
 280.33856  0.00337
 280.35970  0.00340
 280.38080  0.00334
 280.40193  0.00332
 280.42306  0.00337
 280.44420  0.00332
 280.46533  0.00331
 280.48647  0.00334
 280.50760  0.00335
 280.52871  0.00334
 280.54983  0.00328
 280.57097  0.00336
 280.59210  0.00334
 280.61324  0.00328
 280.63434  0.00337
 280.65548  0.00332
 280.67661  0.00335
 280.69774  0.00332
 280.71887  0.00334
 280.73998  0.00331
 280.76111  0.00332
 280.78225  0.00330
 280.80338  0.00324
 280.82449  0.00334
 280.84561  0.00330
 280.86675  0.00330
 280.88788  0.00327
 280.90899  0.00333
 280.93012  0.00323
 280.95126  0.00331
 280.97236  0.00327
 280.99349  0.00324
 281.01462  0.00327
 281.03572  0.00326
 281.05686  0.00330
 281.07799  0.00327
 281.09910  0.00322
 281.12022  0.00324
 281.14136  0.00326
 281.16246  0.00322
 281.18360  0.00327
 281.20473  0.00319
 281.22584  0.00319
 281.24697  0.00321
 281.26807  0.00325
 281.28920  0.00320
 281.31034  0.00322
 281.33144  0.00321
 281.35258  0.00320
 281.37368  0.00318
 281.39482  0.00319
 281.41594  0.00313
 281.43705  0.00314
 281.45818  0.00320
 281.47929  0.00315
 281.50042  0.00318
 281.52153  0.00320
 281.54265  0.00319
 281.56376  0.00317
 281.58489  0.00316
 281.60600  0.00315
 281.62713  0.00315
 281.64824  0.00321
 281.66936  0.00313
 281.69047  0.00318
 281.71160  0.00314
 281.73271  0.00315
 281.75384  0.00317
 281.77495  0.00318
 281.79608  0.00305
 281.81718  0.00318
 281.83831  0.00319
 281.85942  0.00313
 281.88052  0.00313
 281.90165  0.00314
 281.92276  0.00316
 281.94388  0.00310
 281.96499  0.00317
 281.98609  0.00303
 282.00723  0.00312
 282.02833  0.00310
 282.04947  0.00309
 282.07056  0.00311
 282.09167  0.00306
 282.11280  0.00312
 282.13391  0.00309
 282.15501  0.00309
 282.17615  0.00308
 282.19724  0.00312
 282.21835  0.00310
 282.23948  0.00307
 282.26059  0.00310
 282.28169  0.00310
 282.30283  0.00306
 282.32392  0.00305
 282.34503  0.00308
 282.36613  0.00313
 282.38727  0.00308
 282.40837  0.00303
 282.42948  0.00307
 282.45057  0.00310
 282.47171  0.00305
 282.49281  0.00303
 282.51392  0.00304
 282.53502  0.00304
 282.55616  0.00302
 282.57725  0.00307
 282.59836  0.00307
 282.61946  0.00304
 282.64057  0.00306
 282.66170  0.00297
 282.68281  0.00303
 282.70390  0.00305
 282.72501  0.00301
 282.74611  0.00301
 282.76722  0.00297
 282.78835  0.00301
 282.80945  0.00303
 282.83055  0.00305
 282.85166  0.00301
 282.87276  0.00300
 282.89387  0.00301
 282.91497  0.00299
 282.93610  0.00300
 282.95720  0.00305
 282.97831  0.00301
 282.99941  0.00296
 283.02052  0.00300
 283.04161  0.00299
 283.06272  0.00299
 283.08382  0.00300
 283.10493  0.00302
 283.12603  0.00300
 283.14713  0.00297
 283.16823  0.00295
 283.18933  0.00299
 283.21044  0.00301
 283.23154  0.00296
 283.25265  0.00294
 283.27374  0.00300
 283.29485  0.00300
 283.31595  0.00296
 283.33706  0.00299
 283.35816  0.00295
 283.37927  0.00305
 283.40036  0.00298
 283.42147  0.00294
 283.44257  0.00298
 283.46368  0.00305
 283.48478  0.00299
 283.50588  0.00299
 283.52698  0.00304
 283.54809  0.00304
 283.56919  0.00303
 283.59030  0.00300
 283.61136  0.00304
 283.63247  0.00305
 283.65357  0.00304
 283.67468  0.00302
 283.69578  0.00302
 283.71689  0.00304
 283.73798  0.00305
 283.75909  0.00303
 283.78016  0.00298
 283.80127  0.00307
 283.82237  0.00304
 283.84347  0.00305
 283.86457  0.00303
 283.88568  0.00307
 283.90675  0.00306
 283.92786  0.00305
 283.94895  0.00305
 283.97006  0.00301
 283.99116  0.00304
 284.01224  0.00310
 284.03334  0.00300
 284.05444  0.00306
 284.07554  0.00310
 284.09662  0.00304
 284.11772  0.00307
 284.13883  0.00310
 284.15993  0.00309
 284.18100  0.00306
 284.20210  0.00308
 284.22321  0.00307
 284.24428  0.00316
 284.26538  0.00310
 284.28648  0.00311
 284.30756  0.00311
 284.32866  0.00315
 284.34977  0.00312
 284.37087  0.00312
 284.39194  0.00316
 284.41304  0.00316
 284.43412  0.00311
 284.45522  0.00314
 284.47632  0.00316
 284.49739  0.00314
 284.51850  0.00318
 284.53960  0.00314
 284.56068  0.00317
 284.58177  0.00315
 284.60285  0.00320
 284.62395  0.00315
 284.64506  0.00317
 284.66613  0.00313
 284.68723  0.00317
 284.70830  0.00321
 284.72941  0.00323
 284.75048  0.00320
 284.77159  0.00317
 284.79265  0.00319
 284.81376  0.00318
 284.83483  0.00322
 284.85594  0.00321
 284.87701  0.00325
 284.89811  0.00321
 284.91918  0.00321
 284.94029  0.00317
 284.96136  0.00329
 284.98247  0.00321
 285.00353  0.00326
 285.02464  0.00319
 285.04571  0.00320
 285.06682  0.00325
 285.08788  0.00323
 285.10899  0.00329
 285.13006  0.00324
 285.15114  0.00328
 285.17224  0.00325
 285.19331  0.00329
 285.21441  0.00328
 285.23549  0.00324
 285.25659  0.00337
 285.27767  0.00325
 285.29873  0.00327
 285.31984  0.00327
 285.34091  0.00327
 285.36199  0.00331
 285.38308  0.00325
 285.40416  0.00329
 285.42523  0.00324
 285.44634  0.00328
 285.46741  0.00329
 285.48848  0.00330
 285.50958  0.00329
 285.53066  0.00326
 285.55173  0.00327
 285.57283  0.00327
 285.59390  0.00331
 285.61498  0.00330
 285.63605  0.00331
 285.65716  0.00327
 285.67822  0.00333
 285.69930  0.00327
 285.72037  0.00328
 285.74148  0.00333
 285.76254  0.00329
 285.78362  0.00335
 285.80469  0.00332
 285.82580  0.00331
 285.84687  0.00332
 285.86794  0.00335
 285.88901  0.00333
 285.91009  0.00338
 285.93116  0.00334
 285.95226  0.00334
 285.97333  0.00337
 285.99441  0.00334
 286.01548  0.00339
 286.03656  0.00336
 286.05762  0.00342
 286.07873  0.00338
 286.09980  0.00341
 286.12088  0.00338
 286.14194  0.00344
 286.16302  0.00342
 286.18409  0.00343
 286.20517  0.00341
 286.22623  0.00342
 286.24731  0.00344
 286.26838  0.00345
 286.28946  0.00341
 286.31056  0.00347
 286.33163  0.00349
 286.35270  0.00345
 286.37378  0.00351
 286.39485  0.00348
 286.41592  0.00349
 286.43699  0.00351
 286.45807  0.00351
 286.47914  0.00352
 286.50021  0.00352
 286.52128  0.00348
 286.54236  0.00353
 286.56343  0.00351
 286.58451  0.00353
 286.60557  0.00351
 286.62665  0.00353
 286.64772  0.00350
 286.66877  0.00358
 286.68983  0.00365
 286.71091  0.00357
 286.73198  0.00362
 286.75306  0.00353
 286.77412  0.00358
 286.79520  0.00355
 286.81627  0.00355
 286.83735  0.00358
 286.85841  0.00354
 286.87949  0.00360
 286.90054  0.00357
 286.92161  0.00361
 286.94268  0.00361
 286.96375  0.00363
 286.98483  0.00359
 287.00590  0.00361
 287.02694  0.00358
 287.04801  0.00358
 287.06909  0.00361
 287.09016  0.00359
 287.11123  0.00363
 287.13230  0.00363
 287.15335  0.00365
 287.17442  0.00364
 287.19549  0.00362
 287.21656  0.00363
 287.23761  0.00362
 287.25868  0.00366
 287.27975  0.00367
 287.30082  0.00370
 287.32187  0.00363
 287.34294  0.00369
 287.36401  0.00366
 287.38508  0.00369
 287.40613  0.00369
 287.42720  0.00360
 287.44827  0.00358
 287.46931  0.00373
 287.49039  0.00374
 287.51146  0.00379
 287.53250  0.00378
 287.55357  0.00379
 287.57465  0.00382
 287.59569  0.00386
 287.61676  0.00387
 287.63783  0.00398
 287.65888  0.00402
 287.67995  0.00407
 287.70099  0.00416
 287.72206  0.00426
 287.74314  0.00438
 287.76418  0.00451
 287.78525  0.00464
 287.80629  0.00489
 287.82737  0.00500
 287.84844  0.00513
 287.86948  0.00528
 287.89055  0.00535
 287.91160  0.00540
 287.93267  0.00547
 287.95371  0.00550
 287.97478  0.00546
 287.99583  0.00539
 288.01690  0.00538
 288.03794  0.00540
 288.05901  0.00514
 288.08006  0.00499
 288.10113  0.00488
 288.12217  0.00474
 288.14325  0.00462
 288.16429  0.00448
 288.18536  0.00445
 288.20640  0.00435
 288.22748  0.00432
 288.24852  0.00426
 288.26956  0.00426
 288.29063  0.00421
 288.31168  0.00421
 288.33275  0.00420
 288.35379  0.00418
 288.37483  0.00422
 288.39591  0.00419
 288.41695  0.00417
 288.43802  0.00420
 288.45906  0.00417
 288.48011  0.00424
 288.50117  0.00422
 288.52222  0.00426
 288.54326  0.00426
 288.56434  0.00433
 288.58537  0.00436
 288.60642  0.00441
 288.62749  0.00442
 288.64854  0.00447
 288.66957  0.00454
 288.69065  0.00455
 288.71169  0.00466
 288.73273  0.00462
 288.75377  0.00473
 288.77485  0.00477
 288.79589  0.00476
 288.81693  0.00486
 288.83797  0.00488
 288.85905  0.00495
 288.88009  0.00498
 288.90113  0.00499
 288.92217  0.00511
 288.94325  0.00509
 288.96428  0.00519
 288.98533  0.00528
 289.00638  0.00531
 289.02742  0.00528
 289.04849  0.00540
 289.06953  0.00539
 289.09058  0.00539
 289.11162  0.00536
 289.13266  0.00535
 289.15370  0.00545
 289.17475  0.00548
 289.19581  0.00538
 289.21686  0.00540
 289.23790  0.00542
 289.25895  0.00540
 289.27998  0.00542
 289.30103  0.00551
 289.32207  0.00543
 289.34311  0.00543
 289.36415  0.00544
 289.38520  0.00550
 289.40624  0.00547
 289.42731  0.00545
 289.44835  0.00546
 289.46940  0.00547
 289.49043  0.00554
 289.51148  0.00553
 289.53252  0.00550
 289.55357  0.00552
 289.57460  0.00551
 289.59565  0.00552
 289.61669  0.00554
 289.63773  0.00554
 289.65877  0.00555
 289.67982  0.00560
 289.70087  0.00554
 289.72190  0.00549
 289.74295  0.00556
 289.76396  0.00556
 289.78500  0.00560
 289.80604  0.00562
 289.82709  0.00561
 289.84813  0.00561
 289.86917  0.00565
 289.89021  0.00566
 289.91126  0.00567
 289.93229  0.00568
 289.95334  0.00569
 289.97435  0.00571
 289.99539  0.00573
 290.01643  0.00570
 290.03748  0.00567
 290.05852  0.00575
 290.07956  0.00574
 290.10060  0.00575
 290.12162  0.00583
 290.14265  0.00583
 290.16370  0.00575
 290.18474  0.00583
 290.20579  0.00579
 290.22679  0.00588
 290.24784  0.00583
 290.26888  0.00586
 290.28992  0.00590
 290.31097  0.00588
 290.33198  0.00593
 290.35302  0.00589
 290.37406  0.00590
 290.39508  0.00593
 290.41612  0.00596
 290.43716  0.00590
 290.45820  0.00592
 290.47922  0.00600
 290.50025  0.00595
 290.52130  0.00595
 290.54231  0.00595
 290.56335  0.00600
 290.58439  0.00603
 290.60541  0.00601
 290.62644  0.00596
 290.64749  0.00602
 290.66850  0.00609
 290.68955  0.00603
 290.71058  0.00601
 290.73160  0.00606
 290.75264  0.00606
 290.77368  0.00607
 290.79469  0.00603
 290.81574  0.00613
 290.83674  0.00607
 290.85779  0.00613
 290.87881  0.00614
 290.89984  0.00610
 290.92089  0.00612
 290.94190  0.00608
 290.96295  0.00616
 290.98395  0.00619
 291.00500  0.00607
 291.02601  0.00610
 291.04705  0.00617
 291.06806  0.00615
 291.08911  0.00610
 291.11011  0.00619
 291.13116  0.00623
 291.15217  0.00618
 291.17321  0.00615
 291.19422  0.00624
 291.21527  0.00629
 291.23627  0.00623
 291.25732  0.00627
 291.27833  0.00626
 291.29935  0.00632
 291.32038  0.00629
 291.34140  0.00637
 291.36245  0.00637
 291.38345  0.00639
 291.40447  0.00639
 291.42551  0.00642
 291.44652  0.00652
 291.46756  0.00648
 291.48858  0.00652
 291.50958  0.00650
 291.53063  0.00655
 291.55164  0.00658
 291.57265  0.00656
 291.59369  0.00663
 291.61471  0.00665
 291.63571  0.00661
 291.65676  0.00668
 291.67777  0.00667
 291.69878  0.00668
 291.71982  0.00670
 291.74084  0.00668
 291.76184  0.00680
 291.78286  0.00679
 291.80390  0.00679
 291.82492  0.00679
 291.84593  0.00683
 291.86694  0.00685
 291.88799  0.00688
 291.90899  0.00692
 291.93001  0.00692
 291.95102  0.00693
 291.97206  0.00699
 291.99307  0.00698
 292.01409  0.00701
 292.03509  0.00706
 292.05611  0.00703
 292.07712  0.00706
 292.09816  0.00710
 292.11917  0.00708
 292.14019  0.00719
 292.16119  0.00718
 292.18221  0.00719
 292.20322  0.00720
 292.22423  0.00722
 292.24527  0.00724
 292.26629  0.00730
 292.28730  0.00730
 292.30831  0.00732
 292.32933  0.00735
 292.35033  0.00734
 292.37135  0.00743
 292.39236  0.00738
 292.41337  0.00746
 292.43438  0.00749
 292.45540  0.00746
 292.47640  0.00755
 292.49742  0.00755
 292.51843  0.00753
 292.53944  0.00760
 292.56045  0.00760
 292.58147  0.00759
 292.60247  0.00765
 292.62349  0.00774
 292.64450  0.00773
 292.66551  0.00770
 292.68653  0.00774
 292.70753  0.00781
 292.72855  0.00778
 292.74956  0.00793
 292.77057  0.00791
 292.79158  0.00794
 292.81260  0.00798
 292.83360  0.00797
 292.85462  0.00810
 292.87563  0.00818
 292.89664  0.00824
 292.91765  0.00828
 292.93864  0.00829
 292.95964  0.00841
 292.98066  0.00845
 293.00167  0.00849
 293.02268  0.00857
 293.04369  0.00869
 293.06471  0.00865
 293.08569  0.00879
 293.10670  0.00884
 293.12772  0.00889
 293.14872  0.00891
 293.16974  0.00906
 293.19072  0.00911
 293.21173  0.00916
 293.23274  0.00924
 293.25376  0.00936
 293.27473  0.00941
 293.29575  0.00939
 293.31675  0.00945
 293.33777  0.00967
 293.35875  0.00969
 293.37976  0.00970
 293.40077  0.00972
 293.42179  0.00993
 293.44277  0.00997
 293.46378  0.00995
 293.48480  0.01004
 293.50577  0.01014
 293.52679  0.01025
 293.54780  0.01024
 293.56878  0.01035
 293.58979  0.01043
 293.61081  0.01041
 293.63178  0.01055
 293.65280  0.01064
 293.67380  0.01075
 293.69479  0.01073
 293.71580  0.01088
 293.73678  0.01094
 293.75779  0.01102
 293.77881  0.01108
 293.79979  0.01131
 293.82080  0.01133
 293.84179  0.01134
 293.86279  0.01150
 293.88381  0.01160
 293.90478  0.01162
 293.92580  0.01178
 293.94678  0.01183
 293.96779  0.01196
 293.98877  0.01203
 294.00979  0.01214
 294.03076  0.01228
 294.05178  0.01246
 294.07276  0.01250
 294.09377  0.01263
 294.11476  0.01267
 294.13576  0.01283
 294.15675  0.01294
 294.17776  0.01303
 294.19874  0.01315
 294.21972  0.01335
 294.24074  0.01334
 294.26171  0.01353
 294.28273  0.01371
 294.30370  0.01385
 294.32472  0.01400
 294.34570  0.01405
 294.36668  0.01429
 294.38769  0.01450
 294.40868  0.01477
 294.42965  0.01468
 294.45067  0.01491
 294.47166  0.01524
 294.49266  0.01543
 294.51365  0.01563
 294.53462  0.01568
 294.55564  0.01606
 294.57662  0.01620
 294.59760  0.01651
 294.61858  0.01657
 294.63960  0.01690
 294.66057  0.01716
 294.68156  0.01732
 294.70256  0.01768
 294.72355  0.01792
 294.74453  0.01823
 294.76551  0.01844
 294.78653  0.01875
 294.80751  0.01896
 294.82849  0.01944
 294.84947  0.01971
 294.87045  0.01995
 294.89146  0.02028
 294.91245  0.02074
 294.93342  0.02091
 294.95441  0.02120
 294.97538  0.02169
 294.99640  0.02206
 295.01738  0.02238
 295.03836  0.02274
 295.05934  0.02333
 295.08033  0.02381
 295.10131  0.02399
 295.12232  0.02438
 295.14330  0.02496
 295.16428  0.02561
 295.18527  0.02588
 295.20624  0.02626
 295.22723  0.02683
 295.24820  0.02736
 295.26919  0.02769
 295.29017  0.02824
 295.31115  0.02887
 295.33213  0.02935
 295.35312  0.02966
 295.37410  0.03023
 295.39508  0.03100
 295.41609  0.03143
 295.43707  0.03186
 295.45806  0.03248
 295.47903  0.03334
 295.50002  0.03362
 295.52099  0.03402
 295.54198  0.03473
 295.56293  0.03557
 295.58391  0.03592
 295.60489  0.03620
 295.62587  0.03698
 295.64685  0.03793
 295.66784  0.03834
 295.68882  0.03853
 295.70980  0.03939
 295.73079  0.04024
 295.75176  0.04061
 295.77275  0.04094
 295.79372  0.04176
 295.81471  0.04256
 295.83565  0.04286
 295.85664  0.04346
 295.87762  0.04429
 295.89860  0.04509
 295.91958  0.04542
 295.94057  0.04577
 295.96155  0.04682
 295.98250  0.04769
 296.00348  0.04799
 296.02446  0.04843
 296.04545  0.04930
 296.06642  0.05001
 296.08738  0.05036
 296.10835  0.05095
 296.12934  0.05187
 296.15032  0.05260
 296.17130  0.05289
 296.19225  0.05344
 296.21323  0.05457
 296.23422  0.05538
 296.25516  0.05578
 296.27615  0.05622
 296.29713  0.05745
 296.31811  0.05814
 296.33906  0.05862
 296.36004  0.05915
 296.38102  0.06023
 296.40198  0.06103
 296.42295  0.06155
 296.44394  0.06231
 296.46488  0.06335
 296.48587  0.06437
 296.50686  0.06486
 296.52780  0.06575
 296.54879  0.06695
 296.56976  0.06796
 296.59072  0.06837
 296.61170  0.06929
 296.63265  0.07056
 296.65363  0.07171
 296.67461  0.07208
 296.69556  0.07313
 296.71655  0.07465
 296.73749  0.07584
 296.75848  0.07661
 296.77943  0.07759
 296.80041  0.07946
 296.82136  0.08066
 296.84234  0.08135
 296.86330  0.08271
 296.88427  0.08433
 296.90523  0.08583
 296.92620  0.08667
 296.94716  0.08818
 296.96814  0.09014
 296.98909  0.09178
 297.01008  0.09301
 297.03102  0.09458
 297.05201  0.09688
 297.07295  0.09857
 297.09394  0.10003
 297.11489  0.10167
 297.13584  0.10425
 297.15682  0.10637
 297.17777  0.10761
 297.19875  0.10957
 297.21970  0.11241
 297.24065  0.11515
 297.26164  0.11683
 297.28259  0.11939
 297.30357  0.12239
 297.32452  0.12498
 297.34547  0.12736
 297.36646  0.12979
 297.38740  0.13316
 297.40836  0.13660
 297.42933  0.13891
 297.45029  0.14215
 297.47123  0.14586
 297.49219  0.14967
 297.51318  0.15293
 297.53412  0.15665
 297.55508  0.16081
 297.57605  0.16596
 297.59701  0.16959
 297.61795  0.17394
 297.63891  0.17907
 297.65989  0.18128
 297.68084  0.18339
 297.70179  0.18599
 297.72274  0.18866
 297.74370  0.19010
 297.76467  0.19023
 297.78563  0.19157
 297.80658  0.19196
 297.82753  0.19260
 297.84848  0.19252
 297.86943  0.19277
 297.89041  0.19369
 297.91136  0.19379
 297.93231  0.19398
 297.95326  0.19434
 297.97422  0.19497
 297.99517  0.19443
 298.01612  0.19433
 298.03707  0.19423
 298.05802  0.19425
 298.07900  0.19413
 298.09995  0.19469
 298.12090  0.19452
 298.14186  0.19532
 298.16280  0.19523
 298.18376  0.19508
 298.20471  0.19519
 298.22566  0.19471
 298.24661  0.19452
 298.26756  0.19422
 298.28851  0.19387
 298.30946  0.19416
 298.33042  0.19446
 298.35136  0.19468
 298.37232  0.19501
 298.39326  0.19523
 298.41422  0.19490
 298.43517  0.19423
 298.45612  0.19407
 298.47707  0.19452
 298.49802  0.19420
 298.51898  0.19391
 298.53989  0.19359
 298.56085  0.19318
 298.58179  0.19275
 298.60275  0.19282
 298.62369  0.19314
 298.64465  0.19285
 298.66560  0.19213
 298.68655  0.19200
 298.70751  0.19162
 298.72842  0.19162
 298.74938  0.19118
 298.77032  0.19100
 298.79128  0.19097
 298.81222  0.19136
 298.83315  0.19124
 298.85409  0.19079
 298.87505  0.19052
 298.89600  0.19011
 298.91695  0.18988
 298.93788  0.18919
 298.95882  0.18922
 298.97978  0.18906
 299.00072  0.18850
 299.02165  0.18850
 299.04259  0.18873
 299.06355  0.18870
 299.08449  0.18872
 299.10542  0.18872
 299.12637  0.18892
 299.14732  0.18868
 299.16824  0.18779
 299.18919  0.18768
 299.21015  0.18735
 299.23106  0.18745
 299.25202  0.18721
 299.27296  0.18712
 299.29389  0.18717
 299.31484  0.18680
 299.33579  0.18655
 299.35671  0.18575
 299.37766  0.18596
 299.39858  0.18592
 299.41953  0.18525
 299.44049  0.18513
 299.46140  0.18527
 299.48236  0.18493
 299.50327  0.18422
 299.52423  0.18379
 299.54515  0.18365
 299.56610  0.18371
 299.58705  0.18337
 299.60797  0.18361
 299.62892  0.18347
 299.64984  0.18326
 299.67079  0.18229
 299.69171  0.18161
 299.71266  0.18160
 299.73359  0.18137
 299.75454  0.18128
 299.77546  0.18143
 299.79638  0.18127
 299.81733  0.18090
 299.83825  0.18009
 299.85920  0.17973
 299.88012  0.17954
 299.90107  0.17951
 299.92199  0.17896
 299.94291  0.17860
 299.96387  0.17845
 299.98478  0.17805
 300.00574  0.17719
 300.02665  0.17723
 300.04758  0.17789
 300.06852  0.17801
 300.08945  0.17792
 300.11036  0.17767
 300.13132  0.17759
 300.15225  0.17720
 300.17316  0.17610
 300.19412  0.17561
 300.21503  0.17516
 300.23596  0.17507
 300.25690  0.17457
 300.27783  0.17443
 300.29874  0.17424
 300.31967  0.17367
 300.34062  0.17344
 300.36154  0.17291
 300.38246  0.17323
 300.40338  0.17313
 300.42433  0.17298
 300.44525  0.17310
 300.46617  0.17317
 300.48709  0.17373
 300.50804  0.17414
 300.52897  0.17470
 300.54988  0.17470
 300.57081  0.17457
 300.59172  0.17374
 300.61265  0.17347
 300.63359  0.17344
 300.65452  0.17307
 300.67543  0.17269
 300.69636  0.17250
 300.71727  0.17271
 300.73820  0.17277
 300.75912  0.17244
 300.78004  0.17232
 300.80100  0.17226
 300.82191  0.17209
 300.84284  0.17173
 300.86375  0.17172
 300.88468  0.17205
 300.90559  0.17191
 300.92652  0.17186
 300.94744  0.17194
 300.96836  0.17189
 300.98928  0.17183
 301.01020  0.17155
 301.03112  0.17096
 301.05204  0.17123
 301.07296  0.17120
 301.09388  0.17036
 301.11480  0.17010
 301.13573  0.17042
 301.15664  0.17035
 301.17757  0.17000
 301.19848  0.16998
 301.21941  0.16977
 301.24032  0.16930
 301.26125  0.16909
 301.28213  0.16864
 301.30306  0.16860
 301.32398  0.16805
 301.34490  0.16755
 301.36582  0.16716
 301.38674  0.16739
 301.40766  0.16737
 301.42858  0.16728
 301.44947  0.16716
 301.47039  0.16745
 301.49131  0.16715
 301.51224  0.16665
 301.53315  0.16623
 301.55408  0.16617
 301.57496  0.16628
 301.59589  0.16573
 301.61680  0.16564
 301.63773  0.16561
 301.65865  0.16531
 301.67954  0.16529
 301.70046  0.16478
 301.72138  0.16494
 301.74230  0.16489
 301.76319  0.16501
 301.78411  0.16502
 301.80503  0.16534
 301.82592  0.16467
 301.84685  0.16424
 301.86776  0.16438
 301.88869  0.16437
 301.90957  0.16399
 301.93050  0.16380
 301.95141  0.16383
 301.97230  0.16423
 301.99322  0.16408
 302.01411  0.16357
 302.03504  0.16312
 302.05595  0.16312
 302.07685  0.16313
 302.09776  0.16295
 302.11869  0.16258
 302.13957  0.16285
 302.16050  0.16320
 302.18138  0.16275
 302.20231  0.16274
 302.22320  0.16268
 302.24412  0.16209
 302.26504  0.16170
 302.28593  0.16142
 302.30685  0.16121
 302.32774  0.16082
 302.34866  0.16031
 302.36956  0.15972
 302.39047  0.15956
 302.41137  0.15871
 302.43228  0.15768
 302.45318  0.15626
 302.47409  0.13949
 302.49499  0.13771
 302.51590  0.13552
 302.53680  0.13270
 302.55769  0.10860
 302.57860  0.09749
 302.59950  0.09493
 302.62041  0.09234
 302.64131  0.09010
 302.66219  0.08753
 302.68312  0.08511
 302.70400  0.08285
 302.72493  0.08093
 302.74582  0.07869
 302.76671  0.07653
 302.78763  0.07488
 302.80852  0.07304
 302.82941  0.07128
 302.85033  0.06940
 302.87122  0.06784
 302.89212  0.06643
 302.91303  0.06480
 302.93392  0.06334
 302.95481  0.06167
 302.97570  0.06044
 302.99662  0.05904
 303.01751  0.05760
 303.03840  0.05643
 303.05929  0.05532
 303.08022  0.05419
 303.10110  0.05326
 303.12200  0.05186
 303.14288  0.05094
 303.16381  0.04984
 303.18469  0.04883
 303.20559  0.04781
 303.22648  0.04687
 303.24736  0.04605
 303.26829  0.04514
 303.28917  0.04425
 303.31007  0.04333
 303.33095  0.04262
 303.35185  0.04183
 303.37273  0.04098
 303.39363  0.04026
 303.41452  0.03953
 303.43544  0.03890
 303.45633  0.03822
 303.47722  0.03759
 303.49811  0.03691
 303.51899  0.03643
 303.53989  0.03579
 303.56078  0.03509
 303.58167  0.03450
 303.60256  0.03402
 303.62345  0.03341
 303.64434  0.03287
 303.66523  0.03229
 303.68612  0.03183
 303.70702  0.03131
 303.72790  0.03081
 303.74879  0.03033
 303.76968  0.02994
 303.79057  0.02950
 303.81146  0.02901
 303.83235  0.02860
 303.85324  0.02818
 303.87413  0.02788
 303.89503  0.02741
 303.91591  0.02700
 303.93681  0.02667
 303.95769  0.02623
 303.97858  0.02593
 303.99944  0.02555
 304.02033  0.02518
 304.04123  0.02487
 304.06211  0.02460
 304.08301  0.02418
 304.10389  0.02385
 304.12479  0.02351
 304.14564  0.02323
 304.16653  0.02311
 304.18743  0.02272
 304.20831  0.02235
 304.22921  0.02212
 304.25009  0.02186
 304.27096  0.02156
 304.29184  0.02128
 304.31274  0.02108
 304.33362  0.02080
 304.35448  0.02060
 304.37538  0.02032
 304.39626  0.02010
 304.41716  0.01986
 304.43801  0.01966
 304.45891  0.01944
 304.47979  0.01926
 304.50065  0.01907
 304.52155  0.01882
 304.54243  0.01868
 304.56330  0.01842
 304.58418  0.01823
 304.60508  0.01803
 304.62593  0.01779
 304.64683  0.01763
 304.66772  0.01746
 304.68857  0.01728
 304.70947  0.01708
 304.73035  0.01697
 304.75122  0.01680
 304.77210  0.01661
 304.79297  0.01637
 304.81386  0.01625
 304.83475  0.01613
 304.85561  0.01603
 304.87649  0.01576
 304.89736  0.01562
 304.91824  0.01554
 304.93911  0.01536
 304.96000  0.01530
 304.98085  0.01515
 305.00175  0.01493
 305.02260  0.01480
 305.04350  0.01468
 305.06435  0.01452
 305.08525  0.01443
 305.10611  0.01433
 305.12699  0.01412
 305.14786  0.01403
 305.16874  0.01392
 305.18961  0.01381
 305.21046  0.01368
 305.23136  0.01355
 305.25222  0.01339
 305.27310  0.01335
 305.29397  0.01323
 305.31482  0.01310
 305.33572  0.01293
 305.35657  0.01286
 305.37747  0.01275
 305.39832  0.01258
 305.41918  0.01245
 305.44008  0.01244
 305.46093  0.01234
 305.48180  0.01225
 305.50268  0.01209
 305.52355  0.01199
 305.54440  0.01197
 305.56526  0.01180
 305.58616  0.01172
 305.60701  0.01158
 305.62788  0.01153
 305.64876  0.01144
 305.66962  0.01123
 305.69048  0.01119
 305.71134  0.01117
 305.73224  0.01101
 305.75309  0.01092
 305.77395  0.01086
 305.79481  0.01078
 305.81567  0.01070
 305.83656  0.01059
 305.85742  0.01054
 305.87829  0.01050
 305.89914  0.01039
 305.92000  0.01029
 305.94086  0.01025
 305.96172  0.01019
 305.98262  0.01008
 306.00347  0.01005
 306.02433  0.00996
 306.04519  0.00983
 306.06605  0.00977
 306.08691  0.00967
 306.10777  0.00965
 306.12863  0.00955
 306.14949  0.00948
 306.17035  0.00947
 306.19121  0.00937
 306.21207  0.00924
 306.23295  0.00919
 306.25382  0.00917
 306.27468  0.00904
 306.29554  0.00898
 306.31640  0.00894
 306.33726  0.00890
 306.35812  0.00880
 306.37897  0.00874
 306.39981  0.00864
 306.42067  0.00864
 306.44152  0.00858
 306.46239  0.00851
 306.48324  0.00846
 306.50411  0.00837
 306.52496  0.00837
 306.54582  0.00826
 306.56669  0.00820
 306.58754  0.00818
 306.60841  0.00812
 306.62926  0.00801
 306.65009  0.00798
 306.67095  0.00792
 306.69181  0.00788
 306.71268  0.00779
 306.73353  0.00778
 306.75439  0.00768
 306.77522  0.00767
 306.79608  0.00762
 306.81694  0.00756
 306.83780  0.00748
 306.85866  0.00744
 306.87949  0.00739
 306.90035  0.00734
 306.92121  0.00729
 306.94207  0.00728
 306.96290  0.00716
 306.98376  0.00715
 307.00462  0.00709
 307.02548  0.00703
 307.04631  0.00699
 307.06716  0.00698
 307.08803  0.00694
 307.10886  0.00689
 307.12971  0.00683
 307.15058  0.00680
 307.17140  0.00680
 307.19227  0.00668
 307.21312  0.00668
 307.23395  0.00660
 307.25482  0.00659
 307.27567  0.00655
 307.29650  0.00646
 307.31736  0.00649
 307.33822  0.00642
 307.35905  0.00637
 307.37991  0.00635
 307.40074  0.00627
 307.42160  0.00625
 307.44243  0.00620
 307.46329  0.00619
 307.48412  0.00616
 307.50498  0.00613
 307.52584  0.00609
 307.54667  0.00601
 307.56752  0.00601
 307.58836  0.00593
 307.60921  0.00594
 307.63005  0.00591
 307.65091  0.00586
 307.67173  0.00580
 307.69257  0.00576
 307.71342  0.00575
 307.73425  0.00570
 307.75511  0.00565
 307.77594  0.00564
 307.79681  0.00565
 307.81763  0.00560
 307.83846  0.00556
 307.85932  0.00551
 307.88015  0.00552
 307.90101  0.00548
 307.92184  0.00541
 307.94267  0.00541
 307.96353  0.00540
 307.98436  0.00535
 308.00518  0.00534
 308.02605  0.00530
 308.04688  0.00526
 308.06770  0.00525
 308.08857  0.00519
 308.10939  0.00519
 308.13022  0.00518
 308.15105  0.00511
 308.17191  0.00510
 308.19275  0.00507
 308.21357  0.00504
 308.23440  0.00503
 308.25526  0.00500
 308.27609  0.00496
 308.29692  0.00490
 308.31775  0.00491
 308.33861  0.00489
 308.35943  0.00488
 308.38027  0.00484
 308.40109  0.00480
 308.42193  0.00480
 308.44276  0.00476
 308.46361  0.00475
 308.48445  0.00471
 308.50527  0.00471
 308.52610  0.00469
 308.54694  0.00463
 308.56776  0.00461
 308.58859  0.00458
 308.60942  0.00457
 308.63028  0.00456
 308.65110  0.00449
 308.67194  0.00449
 308.69277  0.00447
 308.71360  0.00443
 308.73443  0.00443
 308.75525  0.00440
 308.77609  0.00438
 308.79691  0.00438
 308.81774  0.00433
 308.83858  0.00434
 308.85940  0.00428
 308.88023  0.00428
 308.90106  0.00422
 308.92189  0.00418
 308.94272  0.00420
 308.96355  0.00417
 308.98438  0.00413
 309.00520  0.00412
 309.02604  0.00409
 309.04686  0.00407
 309.06766  0.00406
 309.08850  0.00399
 309.10932  0.00400
 309.13015  0.00397
 309.15098  0.00395
 309.17181  0.00395
 309.19265  0.00393
 309.21347  0.00389
 309.23427  0.00390
 309.25510  0.00384
 309.27593  0.00382
 309.29676  0.00382
 309.31759  0.00378
 309.33842  0.00379
 309.35921  0.00373
 309.38005  0.00367
 309.40087  0.00370
 309.42170  0.00368
 309.44251  0.00364
 309.46333  0.00364
 309.48416  0.00360
 309.50499  0.00360
 309.52579  0.00359
 309.54662  0.00358
 309.56745  0.00354
 309.58828  0.00355
 309.60907  0.00348
 309.62991  0.00351
 309.65073  0.00348
 309.67153  0.00345
 309.69237  0.00343
 309.71319  0.00340
 309.73399  0.00337
 309.75482  0.00337
 309.77565  0.00338
 309.79645  0.00332
 309.81728  0.00332
 309.83808  0.00329
 309.85890  0.00330
 309.87974  0.00329
 309.90053  0.00325
 309.92136  0.00323
 309.94217  0.00319
 309.96299  0.00318
 309.98379  0.00317
 310.00462  0.00317
 310.02542  0.00316
 310.04625  0.00312
 310.06705  0.00312
 310.08788  0.00308
 310.10867  0.00307
 310.12951  0.00307
 310.15031  0.00306
 310.17113  0.00303
 310.19193  0.00301
 310.21276  0.00303
 310.23356  0.00296
 310.25438  0.00296
 310.27519  0.00293
 310.29602  0.00293
 310.31681  0.00291
 310.33762  0.00291
 310.35844  0.00288
 310.37924  0.00285
 310.40008  0.00287
 310.42087  0.00285
 310.44167  0.00284
 310.46250  0.00284
 310.48330  0.00278
 310.50410  0.00280
 310.52493  0.00279
 310.54573  0.00274
 310.56652  0.00274
 310.58736  0.00272
 310.60815  0.00272
 310.62895  0.00273
 310.64975  0.00270
 310.67058  0.00267
 310.69138  0.00268
 310.71217  0.00266
 310.73298  0.00263
 310.75381  0.00263
 310.77460  0.00260
 310.79541  0.00263
 310.81620  0.00261
 310.83703  0.00259
 310.85784  0.00256
 310.87863  0.00256
 310.89943  0.00255
 310.92023  0.00254
 310.94103  0.00254
 310.96185  0.00250
 310.98265  0.00250
 311.00346  0.00247
 311.02425  0.00247
 311.04505  0.00247
 311.06585  0.00246
 311.08665  0.00242
 311.10745  0.00241
 311.12825  0.00243
 311.14905  0.00242
 311.16987  0.00238
 311.19068  0.00240
 311.21148  0.00237
 311.23227  0.00235
 311.25307  0.00234
 311.27387  0.00233
 311.29467  0.00234
 311.31547  0.00233
 311.33627  0.00232
 311.35707  0.00231
 311.37786  0.00227
 311.39866  0.00227
 311.41946  0.00227
 311.44026  0.00227
 311.46106  0.00224
 311.48186  0.00224
 311.50263  0.00221
 311.52342  0.00222
 311.54423  0.00222
 311.56503  0.00218
 311.58582  0.00219
 311.60662  0.00218
 311.62742  0.00215
 311.64822  0.00213
 311.66902  0.00212
 311.68979  0.00211
 311.71059  0.00210
 311.73138  0.00208
 311.75218  0.00208
 311.77299  0.00208
 311.79378  0.00207
 311.81455  0.00206
 311.83535  0.00203
 311.85615  0.00203
 311.87695  0.00200
 311.89771  0.00201
 311.91852  0.00197
 311.93931  0.00200
 311.96011  0.00196
 311.98089  0.00197
 312.00168  0.00193
 312.02248  0.00195
 312.04327  0.00194
 312.06405  0.00190
 312.08484  0.00190
 312.10564  0.00190
 312.12642  0.00188
 312.14721  0.00189
 312.16801  0.00185
 312.18877  0.00184
 312.20958  0.00185
 312.23038  0.00185
 312.25114  0.00182
 312.27195  0.00182
 312.29271  0.00181
 312.31351  0.00179
 312.33431  0.00180
 312.35508  0.00180
 312.37588  0.00176
 312.39664  0.00178
 312.41745  0.00177
 312.43822  0.00174
 312.45901  0.00175
 312.47978  0.00174
 312.50058  0.00174
 312.52138  0.00172
 312.54215  0.00172
 312.56291  0.00171
 312.58372  0.00171
 312.60448  0.00169
 312.62528  0.00170
 312.64605  0.00169
 312.66685  0.00170
 312.68762  0.00167
 312.70841  0.00167
 312.72919  0.00169
 312.74999  0.00167
 312.77075  0.00167
 312.79152  0.00166
 312.81232  0.00165
 312.83309  0.00167
 312.85386  0.00164
 312.87465  0.00163
 312.89543  0.00164
 312.91622  0.00162
 312.93699  0.00162
 312.95777  0.00161
 312.97856  0.00161
 312.99933  0.00162
 313.02009  0.00159
 313.04087  0.00161
 313.06166  0.00162
 313.08243  0.00159
 313.10320  0.00158
 313.12400  0.00158
 313.14477  0.00157
 313.16553  0.00158
 313.18630  0.00157
 313.20711  0.00157
 313.22787  0.00155
 313.24864  0.00156
 313.26940  0.00156
 313.29018  0.00153
 313.31098  0.00156
 313.33174  0.00153
 313.35251  0.00152
 313.37328  0.00153
 313.39405  0.00153
 313.41482  0.00151
 313.43558  0.00151
 313.45639  0.00149
 313.47715  0.00148
 313.49792  0.00149
 313.51869  0.00148
 313.53946  0.00148
 313.56023  0.00149
 313.58099  0.00147
 313.60176  0.00148
 313.62254  0.00146
 313.64330  0.00147
 313.66407  0.00146
 313.68483  0.00144
 313.70561  0.00146
 313.72638  0.00142
 313.74714  0.00143
 313.76791  0.00143
 313.78868  0.00143
 313.80945  0.00143
 313.83022  0.00142
 313.85098  0.00142
 313.87176  0.00156
 313.89252  0.00149
 313.91329  0.00140
 313.93406  0.00138
 313.95483  0.00138
 313.97560  0.00138
 313.99636  0.00136
 314.01713  0.00135
 314.03788  0.00137
 314.05864  0.00136
 314.07941  0.00135
 314.10017  0.00134
 314.12095  0.00134
 314.14172  0.00135
 314.16248  0.00135
 314.18322  0.00134
 314.20399  0.00133
 314.22476  0.00132
 314.24553  0.00130
 314.26629  0.00132
 314.28703  0.00132
 314.30780  0.00133
 314.32857  0.00131
 314.34934  0.00130
 314.37007  0.00132
 314.39085  0.00130
 314.41162  0.00131
 314.43238  0.00129
 314.45312  0.00127
 314.47389  0.00128
 314.49466  0.00127
 314.51540  0.00126
 314.53616  0.00125
 314.55694  0.00125
 314.57767  0.00128
 314.59844  0.00126
 314.61921  0.00125
 314.63994  0.00125
 314.66072  0.00124
 314.68145  0.00124
 314.70222  0.00126
 314.72299  0.00123
 314.74373  0.00124
 314.76450  0.00124
 314.78523  0.00120
 314.80600  0.00121
 314.82674  0.00121
 314.84751  0.00122
 314.86828  0.00120
 314.88901  0.00121
 314.90978  0.00120
 314.93053  0.00121
 314.95129  0.00120
 314.97203  0.00119
 314.99279  0.00121
 315.01353  0.00119
 315.03428  0.00118
 315.05504  0.00117
 315.07578  0.00118
 315.09654  0.00118
 315.11729  0.00116
 315.13806  0.00115
 315.15879  0.00117
 315.17953  0.00115
 315.20029  0.00116
 315.22104  0.00114
 315.24181  0.00114
 315.26254  0.00116
 315.28328  0.00112
 315.30404  0.00114
 315.32479  0.00115
 315.34553  0.00114
 315.36629  0.00112
 315.38703  0.00112
 315.40778  0.00112
 315.42854  0.00113
 315.44928  0.00112
 315.47001  0.00112
 315.49075  0.00110
 315.51153  0.00110
 315.53226  0.00111
 315.55300  0.00110
 315.57373  0.00109
 315.59450  0.00110
 315.61525  0.00109
 315.63598  0.00110
 315.65672  0.00110
 315.67745  0.00110
 315.69822  0.00109
 315.71897  0.00108
 315.73970  0.00106
 315.76044  0.00108
 315.78117  0.00107
 315.80191  0.00107
 315.82269  0.00107
 315.84342  0.00107
 315.86416  0.00106
 315.88489  0.00107
 315.90563  0.00106
 315.92638  0.00106
 315.94711  0.00105
 315.96785  0.00104
 315.98859  0.00106
 316.00932  0.00104
 316.03007  0.00105
 316.05080  0.00105
 316.07154  0.00104
 316.09228  0.00104
 316.11301  0.00103
 316.13376  0.00104
 316.15449  0.00103
 316.17523  0.00102
 316.19597  0.00103
 316.21670  0.00102
 316.23745  0.00103
 316.25818  0.00103
 316.27892  0.00100
 316.29966  0.00101
 316.32039  0.00101
 316.34114  0.00099
 316.36187  0.00100
 316.38261  0.00102
 316.40335  0.00099
 316.42405  0.00099
 316.44479  0.00098
 316.46554  0.00098
 316.48627  0.00099
 316.50701  0.00098
 316.52774  0.00096
 316.54845  0.00098
 316.56920  0.00097
 316.58993  0.00096
 316.61067  0.00095
 316.63140  0.00095
 316.65211  0.00097
 316.67286  0.00094
 316.69359  0.00094
 316.71433  0.00094
 316.73503  0.00094
 316.75577  0.00094
 316.77651  0.00093
 316.79725  0.00094
 316.81796  0.00093
 316.83870  0.00092
 316.85943  0.00092
 316.88014  0.00090
 316.90088  0.00092
 316.92162  0.00090
 316.94233  0.00091
 316.96306  0.00091
 316.98380  0.00091
 317.00450  0.00089
 317.02525  0.00090
 317.04596  0.00089
 317.06669  0.00091
 317.08743  0.00084
 317.10813  0.00087
 317.12887  0.00088
 317.14959  0.00090
 317.17032  0.00087
 317.19103  0.00089
 317.21177  0.00087
 317.23247  0.00089
 317.25321  0.00089
 317.27392  0.00087
 317.29466  0.00087
 317.31537  0.00087
 317.33610  0.00087
 317.35681  0.00086
 317.37755  0.00086
 317.39826  0.00089
 317.41900  0.00087
 317.43970  0.00086
 317.46044  0.00087
 317.48114  0.00086
 317.50185  0.00087
 317.52260  0.00086
 317.54330  0.00086
 317.56404  0.00086
 317.58475  0.00085
 317.60545  0.00083
 317.62619  0.00084
 317.64690  0.00085
 317.66761  0.00085
 317.68835  0.00084
 317.70905  0.00085
 317.72976  0.00084
 317.75049  0.00085
 317.77121  0.00085
 317.79192  0.00083
 317.81262  0.00084
 317.83336  0.00083
 317.85407  0.00084
 317.87477  0.00083
 317.89549  0.00084
 317.91622  0.00082
 317.93693  0.00083
 317.95764  0.00084
 317.97834  0.00082
 317.99908  0.00083
 318.01978  0.00081
 318.04050  0.00082
 318.06121  0.00083
 318.08191  0.00082
 318.10262  0.00080
 318.12333  0.00082
 318.14406  0.00081
 318.16478  0.00081
 318.18548  0.00080
 318.20619  0.00079
 318.22690  0.00080
 318.24760  0.00082
 318.26831  0.00080
 318.28901  0.00080
 318.30973  0.00080
 318.33044  0.00080
 318.35114  0.00079
 318.37185  0.00079
 318.39256  0.00080
 318.41329  0.00080
 318.43400  0.00078
 318.45471  0.00078
 318.47539  0.00079
 318.49610  0.00078
 318.51680  0.00077
 318.53751  0.00077
 318.55822  0.00076
 318.57892  0.00078
 318.59964  0.00075
 318.62034  0.00076
 318.64105  0.00075
 318.66176  0.00076
 318.68246  0.00075
 318.70317  0.00076
 318.72387  0.00074
 318.74456  0.00074
 318.76527  0.00074
 318.78597  0.00075
 318.80668  0.00075
 318.82739  0.00074
 318.84809  0.00074
 318.86880  0.00074
 318.88947  0.00073
 318.91019  0.00073
 318.93090  0.00072
 318.95160  0.00072
 318.97228  0.00072
 318.99298  0.00073
 319.01369  0.00072
 319.03440  0.00071
 319.05507  0.00072
 319.07579  0.00071
 319.09650  0.00071
 319.11720  0.00071
 319.13788  0.00070
 319.15858  0.00072
 319.17929  0.00070
 319.19997  0.00070
 319.22068  0.00060
 319.24139  0.00070
 319.26207  0.00069
 319.28277  0.00070
 319.30348  0.00069
 319.32415  0.00069
 319.34486  0.00069
 319.36554  0.00068
 319.38625  0.00068
 319.40696  0.00069
 319.42763  0.00068
 319.44834  0.00069
 319.46902  0.00067
 319.48972  0.00068
 319.51040  0.00068
 319.53111  0.00067
 319.55178  0.00066
 319.57250  0.00068
 319.59317  0.00068
 319.61388  0.00066
 319.63456  0.00067
 319.65526  0.00067
 319.67594  0.00068
 319.69665  0.00067
 319.71732  0.00067
 319.73804  0.00067
 319.75871  0.00066
 319.77939  0.00067
 319.80010  0.00065
 319.82077  0.00067
 319.84148  0.00066
 319.86216  0.00066
 319.88283  0.00067
 319.90354  0.00066
 319.92422  0.00066
 319.94490  0.00065
 319.96561  0.00066
 319.98628  0.00066
 320.00696  0.00065
 320.02767  0.00065
 320.04834  0.00065
 320.06902  0.00064
 320.08972  0.00065
 320.11041  0.00065
 320.13109  0.00065
 320.15176  0.00063
 320.17247  0.00064
 320.19315  0.00065
 320.21382  0.00065
 320.23450  0.00063
 320.25517  0.00063
 320.27588  0.00064
 320.29656  0.00064
 320.31724  0.00063
 320.33792  0.00064
 320.35859  0.00064
 320.37927  0.00063
 320.39998  0.00063
 320.42065  0.00062
 320.44133  0.00062
 320.46201  0.00062
 320.48268  0.00062
 320.50336  0.00062
 320.52404  0.00062
 320.54472  0.00062
 320.56540  0.00063
 320.58607  0.00061
 320.60678  0.00063
 320.62746  0.00061
 320.64813  0.00062
 320.66881  0.00060
 320.68948  0.00062
 320.71016  0.00060
 320.73084  0.00061
 320.75152  0.00061
 320.77220  0.00061
 320.79288  0.00060
 320.81355  0.00059
 320.83420  0.00060
 320.85487  0.00059
 320.87555  0.00060
 320.89623  0.00061
 320.91690  0.00060
 320.93758  0.00060
 320.95826  0.00060
 320.97894  0.00060
 320.99962  0.00058
 321.02029  0.00060
 321.04094  0.00060
 321.06162  0.00060
 321.08229  0.00058
 321.10297  0.00058
 321.12365  0.00061
 321.14432  0.00060
 321.16497  0.00059
 321.18565  0.00059
 321.20632  0.00060
 321.22701  0.00059
 321.24768  0.00060
 321.26833  0.00058
 321.28901  0.00059
 321.30968  0.00058
 321.33033  0.00057
 321.35101  0.00058
 321.37168  0.00058
 321.39236  0.00058
 321.41300  0.00060
 321.43368  0.00062
