# wl 	 %tx
 367.13710  0.00634
 367.15779  0.00132
 367.17847  0.00175
 367.19911  0.00131
 367.21979  0.00350
 367.24047  0.00219
 367.26115 -0.00175
 367.28182  0.00174
 367.30247  0.00044
 367.32315 -0.00219
 367.34383  0.00482
 367.36450  0.00175
 367.38515  0.00743
 367.40584 -0.00044
 367.42652  0.00175
 367.44716  0.00870
 367.46784  0.00261
 367.48852  0.00652
 367.50920  0.00174
 367.52984  0.00261
 367.55052  0.00130
 367.57120  0.00305
 367.59185  0.00436
 367.61252  0.00174
 367.63320  0.00480
 367.65385  0.00391
 367.67453  0.00217
 367.69521 -0.00390
 367.71586  0.00174
 367.73654  0.00434
 367.75719  0.00218
 367.77786  0.00130
 367.79854 -0.00261
 367.81919 -0.00043
 367.83987  0.00000
 367.86051  0.00652
 367.88119 -0.00044
 367.90184  0.00087
 367.92252  0.00217
 367.94319  0.00217
 367.96384 -0.00130
 367.98453  0.00000
 368.00518  0.00304
 368.02585  0.00391
 368.04650 -0.00174
 368.06718  0.00043
 368.08783  0.00304
 368.10850  0.00043
 368.12915  0.00649
 368.14983 -0.00217
 368.17048  0.00259
 368.19116  0.00475
 368.21180 -0.00043
 368.23245 -0.00302
 368.25313 -0.00259
 368.27378  0.00043
 368.29446 -0.00129
 368.31511  0.00043
 368.33579  0.00215
 368.35644 -0.00086
 368.37708  0.00472
 368.39776  0.00086
 368.41841 -0.00086
 368.43906  0.00043
 368.45973 -0.00172
 368.48038  0.00215
 368.50106 -0.00129
 368.52171 -0.00472
 368.54235 -0.00129
 368.56303 -0.00300
 368.58368  0.00257
 368.60433 -0.00555
 368.62497  0.00086
 368.64566 -0.00214
 368.66631  0.00897
 368.68696  0.00640
 368.70763  0.00853
 368.72828 -0.00043
 368.74893  0.00213
 368.76958  0.00341
 368.79025 -0.00256
 368.81090  0.00597
 368.83155  0.00000
 368.85220  0.00552
 368.87287 -0.00425
 368.89352  0.00806
 368.91417  0.00085
 368.93482  0.00594
 368.95546  0.00426
 368.97614 -0.00043
 368.99679  0.00510
 369.01744 -0.00255
 369.03808  0.00170
 369.05874  0.00723
 369.07939 -0.00340
 369.10004  0.00510
 369.12071  0.00425
 369.14136 -0.00085
 369.16201 -0.00042
 369.18266  0.00085
 369.20330  0.00170
 369.22395 -0.00085
 369.24460  0.00127
 369.26525 -0.00127
 369.28590  0.00551
 369.30654  0.00550
 369.32722  0.00085
 369.34787  0.00295
 369.36852  0.00042
 369.38916 -0.00254
 369.40981  0.00338
 369.43046 -0.00380
 369.45111  0.00337
 369.47175 -0.00127
 369.49240  0.00169
 369.51306  0.00000
 369.53371  0.00000
 369.55435  0.00253
 369.57500  0.00673
 369.59565  0.00210
 369.61630  0.00084
 369.63691  0.00503
 369.65756  0.00293
 369.67821  0.00461
 369.69886  0.00503
 369.71950  0.00126
 369.74015  0.00461
 369.76080  0.00878
 369.78145  0.00335
 369.80209  0.00126
 369.82274 -0.00084
 369.84339  0.00334
 369.86401 -0.00250
 369.88466 -0.00499
 369.90530  0.00749
 369.92595  0.00250
 369.94660  0.00208
 369.96725  0.00042
 369.98786  0.00166
 370.00851  0.00374
 370.02916 -0.00125
 370.04981  0.00000
 370.07045  0.00124
 370.09107 -0.00083
 370.11172  0.00249
 370.13238 -0.00166
 370.15302  0.00665
 370.17367 -0.00664
 370.19429  0.00042
 370.21494  0.00042
 370.23558 -0.00415
 370.25620 -0.00165
 370.27685  0.00455
 370.29750  0.00000
 370.31814  0.00784
 370.33876  0.00330
 370.35941  0.00414
 370.38006  0.00911
 370.40067 -0.00083
 370.42132  0.00207
 370.44197  0.00789
 370.46259  0.00125
 370.48324  0.00124
 370.50388  0.00247
 370.52450  0.00124
 370.54515  0.00496
 370.56577  0.00041
 370.58641  0.00578
 370.60706  0.00661
 370.62768  0.00577
 370.64833  0.00412
 370.66894 -0.00329
 370.68959  0.00164
 370.71024  0.00288
 370.73086 -0.00205
 370.75150  0.00369
 370.77212  0.00000
 370.79277  0.00697
 370.81339  0.00164
 370.83403  0.00655
 370.85465  0.00246
 370.87530  0.00369
 370.89592  0.00656
 370.91657 -0.00205
 370.93718  0.00942
 370.95783 -0.00164
 370.97845  0.00489
 370.99910  0.00488
 371.01971 -0.00081
 371.04036  0.00407
 371.06098  0.00203
 371.08160 -0.00163
 371.10224  0.00529
 371.12286  0.00650
 371.14351 -0.00406
 371.16413  0.00649
 371.18474  0.00364
 371.20539  0.00446
 371.22601  0.00364
 371.24666 -0.00243
 371.26728  0.00646
 371.28789  0.00121
 371.30854  0.00161
 371.32916  0.00403
 371.34978  0.00484
 371.37043  0.00282
 371.39104  0.00161
 371.41166  0.00081
 371.43232 -0.00161
 371.45293  0.00604
 371.47355  0.00040
 371.49416  0.00040
 371.51482 -0.00523
 371.53543 -0.00282
 371.55605  0.00281
 371.57666 -0.00282
 371.59732  0.00242
 371.61793  0.00361
 371.63855  0.00521
 371.65917 -0.00120
 371.67982  0.00401
 371.70044  0.00160
 371.72105  0.00760
 371.74167 -0.00321
 371.76228  0.00601
 371.78294  0.00721
 371.80355  0.00681
 371.82417 -0.00120
 371.84479  0.00401
 371.86540 -0.00241
 371.88601  0.00120
 371.90663 -0.00120
 371.92729  0.00040
 371.94790  0.00439
 371.96852 -0.00239
 371.98913  0.00239
 372.00975 -0.00279
 372.03037 -0.00320
 372.05099 -0.00120
 372.07160  0.00399
 372.09222 -0.00359
 372.11284  0.00080
 372.13346 -0.00079
 372.15407  0.00634
 372.17469  0.00556
 372.19531 -0.00238
 372.21593  0.00079
 372.23654 -0.00278
 372.25716  0.00278
 372.27778 -0.00239
 372.29840  0.00318
 372.31902 -0.00040
 372.33963 -0.00080
 372.36025  0.00119
 372.38087  0.00000
 372.40149 -0.00394
 372.42210  0.00593
 372.44272  0.00000
 372.46334  0.00474
 372.48396  0.00238
 372.50457  0.01147
 372.52519  0.00000
 372.54581  0.00513
 372.56643  0.00197
 372.58702  0.00512
 372.60763 -0.00039
 372.62825 -0.00236
 372.64887  0.00393
 372.66949  0.00118
 372.69010  0.00865
 372.71072  0.00314
 372.73131 -0.00118
 372.75193  0.00747
 372.77254  0.00668
 372.79316 -0.00196
 372.81378  0.00548
 372.83437  0.00000
 372.85498  0.00039
 372.87560  0.00665
 372.89622  0.00429
 372.91684  0.00859
 372.93743  0.00821
 372.95804  0.00039
 372.97866  0.00312
 372.99925  0.00351
 373.01987  0.00156
 373.04048  0.00390
 373.06110  0.00039
 373.08169 -0.00156
 373.10231  0.00388
 373.12292  0.00582
 373.14350  0.00349
 373.16412  0.00195
 373.18474 -0.00039
 373.20533  0.00078
 373.22594  0.00350
 373.24656  0.00194
 373.26715  0.00233
 373.28777  0.00155
 373.30838  0.00579
 373.32897  0.00194
 373.34959 -0.00194
 373.37018  0.00387
 373.39080  0.00077
 373.41138  0.00465
 373.43200  0.00852
 373.45262  0.00194
 373.47321 -0.00271
 373.49382 -0.00116
 373.51441  0.00078
 373.53503  0.00309
 373.55562  0.00966
 373.57623  0.00271
 373.59682  0.00309
 373.61744  0.00464
 373.63803  0.00116
 373.65865  0.01123
 373.67923  0.00425
 373.69985  0.00386
 373.72044 -0.00039
 373.74105  0.00039
 373.76163  0.00270
 373.78225  0.00579
 373.80284  0.00463
 373.82343  0.00039
 373.84404  0.00309
 373.86463  0.00501
 373.88525  0.00616
 373.90584  0.00346
 373.92643  0.00154
 373.94704  0.01270
 373.96763 -0.00269
 373.98825  0.00000
 374.00884  0.00231
 374.02942  0.00422
 374.05004  0.00345
 374.07063  0.00153
 374.09122  0.00306
 374.11184 -0.00153
 374.13242 -0.00038
 374.15301 -0.00191
 374.17360  0.00651
 374.19422 -0.00191
 374.21479  0.00800
 374.23538  0.00572
 374.25600  0.00458
 374.27659  0.00152
 374.29717  0.00152
 374.31776  0.00495
 374.33838 -0.00153
 374.35897  0.00000
 374.37956 -0.00076
 374.40014  0.00229
 374.42073  0.00459
 374.44135 -0.00114
 374.46194  0.00190
 374.48252  0.00266
 374.50311 -0.00076
 374.52370  0.00038
 374.54429  0.00532
 374.56491  0.00228
 374.58549  0.00228
 374.60607  0.00152
 374.62666 -0.00304
 374.64725  0.00000
 374.66783  0.00000
 374.68842  0.00836
 374.70901 -0.00076
 374.72960 -0.00456
 374.75022  0.00532
 374.77080 -0.00038
 374.79139  0.00532
 374.81198  0.00190
 374.83257  0.00190
 374.85315  0.00418
 374.87374  0.00533
 374.89433  0.00380
 374.91492  0.00000
 374.93549  0.00266
 374.95608 -0.00114
 374.97667 -0.00151
 374.99726  0.00190
 375.01785  0.00416
 375.03843 -0.00151
 375.05902  0.00076
 375.07961  0.00493
 375.10020  0.00113
 375.12078  0.00680
 375.14137  0.00792
 375.16193  0.00565
 375.18252  0.00525
 375.20311  0.00711
 375.22369  0.00225
 375.24427  0.00449
 375.26486  0.00300
 375.28545  0.00337
 375.30603  0.00188
 375.32662  0.00075
 375.34718  0.00486
 375.36777 -0.00037
 375.38836  0.00149
 375.40894 -0.00373
 375.42953  0.00373
 375.45012  0.00596
 375.47068  0.00522
 375.49126  0.00484
 375.51185  0.00261
 375.53243  0.00223
 375.55302  0.00112
 375.57358  0.00409
 375.59416  0.00112
 375.61475  0.00111
 375.63534  0.00334
 375.65590  0.00667
 375.67648 -0.00037
 375.69707  0.00591
 375.71763 -0.00111
 375.73822 -0.00407
 375.75881  0.00925
 375.77939 -0.00333
 375.79994  0.00629
 375.82053  0.00074
 375.84112 -0.00147
 375.86167  0.00221
 375.88226  0.00147
 375.90285  0.00037
 375.92341  0.00477
 375.94400 -0.00331
 375.96455  0.00368
 375.98514  0.00332
 376.00573 -0.00148
 376.02629  0.00701
 376.04686 -0.00148
 376.06742  0.00184
 376.08801  0.00073
 376.10860  0.00256
 376.12916  0.00292
 376.14974 -0.00073
 376.17030  0.00475
 376.19089  0.00000
 376.21145  0.00549
 376.23204  0.00146
 376.25259 -0.00036
 376.27318  0.00474
 376.29373 -0.00036
 376.31432  0.00036
 376.33487  0.00254
 376.35546 -0.00145
 376.37602  0.00436
 376.39661 -0.00145
 376.41717  0.00290
 376.43775  0.00617
 376.45831  0.00399
 376.47887  0.00181
 376.49946  0.00036
 376.52000 -0.00036
 376.54059  0.00036
 376.56115  0.00145
 376.58171 -0.00036
 376.60230  0.00324
 376.62285 -0.00180
 376.64341  0.00325
 376.66400  0.00648
 376.68456  0.00144
 376.70514  0.00108
 376.72569  0.00287
 376.74625  0.00861
 376.76681  0.00107
 376.78740  0.00215
 376.80795  0.00573
 376.82851  0.00358
 376.84910  0.00107
 376.86966  0.00214
 376.89022  0.00536
 376.91077 -0.00107
 376.93135  0.00357
 376.95191  0.00107
 376.97247  0.00357
 376.99302  0.00570
 377.01361  0.00320
 377.03417  0.00036
 377.05473 -0.00071
 377.07529  0.00426
 377.09584  0.00355
 377.11643  0.00177
 377.13698  0.00639
 377.15754  0.00497
 377.17809  0.00106
 377.19865  0.00675
 377.21921  0.00355
 377.23980  0.00035
 377.26036  0.00425
 377.28091 -0.00248
 377.30147  0.00177
 377.32202  0.00353
 377.34258  0.00071
 377.36314  0.00283
 377.38369  0.00459
 377.40425  0.00600
 377.42481  0.00353
 377.44537  0.00248
 377.46592  0.00106
 377.48651  0.00423
 377.50706  0.00035
 377.52762  0.00564
 377.54818  0.00282
 377.56873 -0.00176
 377.58929  0.00704
 377.60985  0.01092
 377.63041 -0.00211
 377.65096  0.00281
 377.67152 -0.00386
 377.69204  0.00140
 377.71260  0.00667
 377.73316  0.00526
 377.75371  0.00000
 377.77427  0.00280
 377.79483  0.00561
 377.81539  0.00803
 377.83595 -0.00070
 377.85649  0.00210
 377.87705  0.00419
 377.89761  0.00490
 377.91814 -0.00175
 377.93869 -0.00315
 377.95925  0.00384
 377.97981  0.00347
 378.00037  0.00520
 378.02092  0.00312
 378.04147  0.00381
 378.06200  0.00104
 378.08256  0.00035
 378.10312  0.00209
 378.12368  0.00312
 378.14423  0.00624
 378.16476  0.00416
 378.18531  0.00311
 378.20587  0.00519
 378.22643  0.00207
 378.24695  0.00172
 378.26751  0.00207
 378.28807  0.00620
 378.30863  0.00516
 378.32915  0.00585
 378.34970  0.00069
 378.37026  0.00275
 378.39079  0.00343
 378.41135  0.00584
 378.43190  0.00377
 378.45243  0.00103
 378.47299  0.00171
 378.49354  0.00411
 378.51407  0.00137
 378.53462  0.00651
 378.55518  0.00582
 378.57571 -0.00068
 378.59627  0.00307
 378.61679  0.00034
 378.63735  0.00238
 378.65790  0.00102
 378.67843  0.00544
 378.69899  0.00306
 378.71951  0.00237
 378.74007 -0.00475
 378.76060  0.00543
 378.78116  0.00611
 378.80168  0.00068
 378.82223  0.00339
 378.84276  0.00373
 378.86332  0.00169
 378.88385  0.00643
 378.90441  0.00169
 378.92493  0.00067
 378.94548  0.00236
 378.96601  0.00337
 378.98657  0.00303
 379.00709  0.00370
 379.02765  0.00168
 379.04818  0.00705
 379.06874  0.00438
 379.08926  0.00673
 379.10978  0.00168
 379.13034  0.00335
 379.15087  0.00469
 379.17143  0.00302
 379.19196  0.00703
 379.21248  0.00000
 379.23303  0.00000
 379.25356  0.00669
 379.27409  0.00167
 379.29465  0.01035
 379.31517  0.00568
 379.33570  0.00000
 379.35626  0.00535
 379.37678  0.00535
 379.39730 -0.00134
 379.41786  0.00434
 379.43839 -0.00133
 379.45892  0.00566
 379.47945 -0.00267
 379.49999  0.00100
 379.52052  0.00033
 379.54105  0.00100
 379.56158  0.00465
 379.58214  0.00598
 379.60266  0.00830
 379.62319  0.00629
 379.64371  0.00166
 379.66424  0.00000
 379.68480  0.00000
 379.70532  0.00463
 379.72585  0.00464
 379.74638  0.00165
 379.76690 -0.00033
 379.78743  0.00562
 379.80795  0.00593
 379.82851  0.00264
 379.84904 -0.00297
 379.86957  0.00461
 379.89008 -0.00066
 379.91061  0.00461
 379.93114  0.00494
 379.95167  0.00361
 379.97220  0.00263
 379.99272  0.00197
 380.01324  0.00622
 380.03377  0.00621
 380.05430  0.00556
 380.07483  0.00065
 380.09538  0.00229
 380.11591  0.00556
 380.13643  0.00327
 380.15696  0.00786
 380.17749  0.00066
 380.19798  0.00557
 380.21851  0.00622
 380.23904  0.00230
 380.25956  0.00622
 380.28009  0.00424
 380.30061  0.00490
 380.32114  0.00392
 380.34167 -0.00098
 380.36220  0.00131
 380.38271  0.00294
 380.40324  0.00294
 380.42377  0.00098
 380.44430  0.00131
 380.46480  0.00554
 380.48532  0.00033
 380.50584  0.00520
 380.52637  0.00293
 380.54690  0.00260
 380.56743  0.00325
 380.58795  0.00390
 380.60844  0.00260
 380.62897  0.00261
 380.64950  0.00358
 380.67003  0.00358
 380.69055  0.00780
 380.71105  0.00260
 380.73157  0.00813
 380.75210  0.00748
 380.77263  0.00324
 380.79312 -0.00453
 380.81365  0.00259
 380.83418  0.00485
 380.85470  0.00518
 380.87520  0.00356
 380.89572  0.00421
 380.91625  0.00129
 380.93675  0.00193
 380.95727  0.00418
 380.97780  0.00064
 380.99829 -0.00096
 381.01882  0.00353
 381.03935  0.00000
 381.05985  0.00032
 381.08037  0.00352
 381.10089  0.00609
 381.12139  0.00353
 381.14192  0.00512
 381.16242  0.00288
 381.18294  0.00510
 381.20346 -0.00032
 381.22396  0.00351
 381.24449  0.00287
 381.26499  0.00574
 381.28551  0.00382
 381.30600  0.00415
 381.32653  0.00477
 381.34703  0.00223
 381.36756  0.00223
 381.38804  0.00478
 381.40857  0.00446
 381.42907  0.00445
 381.44960  0.00604
 381.47010  0.00254
 381.49062  0.00444
 381.51111  0.00285
 381.53164  0.00348
 381.55214  0.00634
 381.57267  0.00381
 381.59316  0.00190
 381.61365  0.00508
 381.63418  0.00286
 381.65468  0.00476
 381.67521  0.00663
 381.69570  0.00221
 381.71619  0.00537
 381.73672 -0.00095
 381.75722  0.00221
 381.77772  0.00063
 381.79824  0.00347
 381.81873  0.00378
 381.83923  0.00662
 381.85976  0.00189
 381.88026  0.00189
 381.90075  0.00409
 381.92127  0.00754
 381.94177  0.00188
 381.96227  0.00879
 381.98280  0.00533
 382.00329  0.00439
 382.02378  0.00471
 382.04428  0.00502
 382.06481  0.00220
 382.08531  0.00720
 382.10579  0.00406
 382.12629  0.00094
 382.14679  0.00499
 382.16732  0.00373
 382.18782  0.00436
 382.20830  0.00467
 382.22880  0.00715
 382.24930  0.00405
 382.26980  0.00373
 382.29033  0.00652
 382.31081  0.00589
 382.33131  0.00867
 382.35181  0.00433
 382.37231  0.00433
 382.39281  0.00618
 382.41329  0.00927
 382.43379  0.00555
 382.45429  0.00586
 382.47482  0.00587
 382.49531  0.00679
 382.51580  0.00339
 382.53630  0.00462
 382.55680  0.00462
 382.57730  0.00555
 382.59779  0.00708
 382.61828  0.00494
 382.63878  0.00801
 382.65928  0.00892
 382.67978  0.00769
 382.70027  0.00861
 382.72076  0.00553
 382.74126  0.00831
 382.76176  0.00522
 382.78225  0.00891
 382.80275  0.00858
 382.82321  0.00398
 382.84371  0.00856
 382.86420  0.00398
 382.88470  0.00550
 382.90520  0.00856
 382.92569  0.00337
 382.94619  0.00856
 382.96668  0.00214
 382.98718  0.00550
 383.00765  0.00673
 383.02815  0.00919
 383.04863  0.00763
 383.06913  0.00792
 383.08963  0.00610
 383.11013  0.00670
 383.13060  0.00729
 383.15108  0.00700
 383.17158  0.00792
 383.19208  0.00822
 383.21258  0.00731
 383.23304  0.00487
 383.25353  0.00578
 383.27403  0.00457
 383.29453  0.00548
 383.31499  0.00912
 383.33549  0.00883
 383.35598  0.00883
 383.37645  0.00850
 383.39695  0.01032
 383.41744  0.01244
 383.43791  0.01031
 383.45840  0.00969
 383.47890  0.01059
 383.49936  0.01329
 383.51986  0.00969
 383.54036  0.00697
 383.56082  0.00940
 383.58131  0.01033
 383.60181  0.01003
 383.62228  0.01001
 383.64278  0.01181
 383.66323  0.01298
 383.68373  0.00964
 383.70423  0.00993
 383.72470  0.01171
 383.74520  0.01111
 383.76565  0.00450
 383.78615  0.01079
 383.80662  0.01437
 383.82712  0.01645
 383.84758  0.01531
 383.86807  0.01199
 383.88854  0.01259
 383.90904  0.01050
 383.92950  0.01321
 383.95000  0.01289
 383.97047  0.01198
 383.99096  0.00778
 384.01142  0.00868
 384.03192  0.01226
 384.05239  0.01075
 384.07286  0.01257
 384.09334  0.01195
 384.11381  0.01373
 384.13431  0.00866
 384.15478  0.01284
 384.17524  0.01343
 384.19573  0.01312
 384.21620  0.01309
 384.23667  0.01311
 384.25716  0.01668
 384.27763  0.01131
 384.29809  0.01573
 384.31859  0.01248
 384.33905  0.01902
 384.35952  0.01756
 384.38002  0.01729
 384.40048  0.01580
 384.42094  0.01491
 384.44144  0.01518
 384.46191  0.01636
 384.48238  0.01545
 384.50284  0.01929
 384.52333  0.02164
 384.54380  0.02284
 384.56426  0.02317
 384.58473  0.01871
 384.60520  0.02112
 384.62569  0.02261
 384.64615  0.02319
 384.66662  0.01876
 384.68709  0.01632
 384.70756  0.02219
 384.72801  0.02129
 384.74851  0.01978
 384.76898  0.02098
 384.78945  0.02395
 384.80991  0.02190
 384.83037  0.02011
 384.85084  0.02632
 384.87131  0.02424
 384.89177  0.02543
 384.91224  0.02014
 384.93270  0.01716
 384.95319  0.01950
 384.97366  0.02774
 384.99413  0.02333
 385.01460  0.01684
 385.03506  0.02065
 385.05552  0.02211
 385.07599  0.02359
 385.09646  0.02505
 385.11692  0.02506
 385.13739  0.02326
 385.15785  0.03209
 385.17832  0.02410
 385.19878  0.02234
 385.21922  0.02378
 385.23969  0.03115
 385.26014  0.03207
 385.28061  0.02700
 385.30108  0.03520
 385.32155  0.02757
 385.34201  0.03404
 385.36248  0.03196
 385.38294  0.03489
 385.40340  0.03423
 385.42387  0.04062
 385.44431  0.03821
 385.46478  0.04230
 385.48523  0.04228
 385.50570  0.04321
 385.52617  0.05138
 385.54664  0.04808
 385.56707  0.05219
 385.58753  0.05377
 385.60800  0.05809
 385.62846  0.05971
 385.64890  0.06726
 385.66937  0.06791
 385.68983  0.07402
 385.71029  0.07214
 385.73073  0.07732
 385.75120  0.07549
 385.77166  0.08111
 385.79213  0.08728
 385.81256  0.09508
 385.83303  0.09919
 385.85349  0.09803
 385.87393  0.09836
 385.89440  0.10615
 385.91485  0.10860
 385.93529  0.11146
 385.95576  0.11526
 385.97623  0.11466
 385.99666  0.12094
 386.01712  0.12182
 386.03756  0.12872
 386.05802  0.12443
 386.07849  0.13073
 386.09893  0.13510
 386.11940  0.14097
 386.13982  0.14706
 386.16029  0.14891
 386.18073  0.15035
 386.20119  0.15609
 386.22166  0.15808
 386.24209  0.16718
 386.26255  0.17695
 386.28299  0.17910
 386.30346  0.18941
 386.32390  0.19478
 386.34436  0.20205
 386.36479  0.21062
 386.38523  0.21817
 386.40569  0.23100
 386.42613  0.24543
 386.44660  0.25814
 386.46702  0.26853
 386.48749  0.28914
 386.50793  0.30820
 386.52837  0.32012
 386.54883  0.33863
 386.56926  0.37089
 386.58973  0.38049
 386.61016  0.40967
 386.63060  0.44170
 386.65107  0.46633
 386.67150  0.50159
 386.69193  0.52573
 386.71240  0.56957
 386.73284  0.60408
 386.75327  0.64839
 386.77374  0.68673
 386.79417  0.74740
 386.81460  0.79518
 386.83504  0.85053
 386.85551  0.91738
 386.87594  0.97086
 386.89638  1.04405
 386.91681  1.11230
 386.93727  1.19082
 386.95771  1.27740
 386.97815  1.37849
 386.99858  1.45975
 387.01904  1.55112
 387.03948  1.67038
 387.05992  1.79086
 387.08035  1.91133
 387.10079  2.04412
 387.12123  2.20133
 387.14168  2.35670
 387.16212  2.53839
 387.18256  2.72657
 387.20299  2.95275
 387.22343  3.16491
 387.24386  3.43922
 387.26429  3.72612
 387.28473  4.03594
 387.30517  4.39041
 387.32560  4.76194
 387.34606  5.18568
 387.36650  5.65699
 387.38694  6.17355
 387.40737  6.72272
 387.42781  7.35429
 387.44825  8.07885
 387.46867  8.86425
 387.48911  9.69750
 387.50955  10.61080
 387.52998  11.59836
 387.55042  12.58006
 387.57085  13.63973
 387.59128  14.73424
 387.61172  15.90343
 387.63213  17.10507
 387.65256  18.28691
 387.67300  19.39349
 387.69343  20.45715
 387.71386  21.42425
 387.73430  22.19789
 387.75474  22.92227
 387.77517  23.58570
 387.79560  24.26277
 387.81601  24.83829
 387.83644  25.35919
 387.85688  25.75451
 387.87732  26.03145
 387.89775  26.14674
 387.91818  26.23546
 387.93859  26.30596
 387.95902  26.45179
 387.97946  26.67111
 387.99990  26.92377
 388.02033  27.16561
 388.04073  27.27045
 388.06117  27.37979
 388.08160  27.44154
 388.10204  27.50602
 388.12245  27.64372
 388.14287  27.99397
 388.16331  28.15997
 388.18372  28.50951
 388.20415  28.89237
 388.22459  28.69374
 388.24503  28.65995
 388.26542  28.60395
 388.28586  28.36435
 388.30630  28.31904
 388.32670  27.98828
 388.34714  27.72746
 388.36754  27.14689
 388.38797  26.35977
 388.40841  25.34740
 388.42882  24.18538
 388.44925  22.90384
 388.46966  21.64964
 388.49009  20.34899
 388.51052  19.10324
 388.53093  17.68935
 388.55137  16.37342
 388.57177  15.00077
 388.59220  13.61912
 388.61260  12.34260
 388.63304  11.18747
 388.65345  10.11171
 388.67388  9.16205
 388.69429  8.29013
 388.71472  7.49235
 388.73512  6.72906
 388.75556  6.04983
 388.77597  5.44425
 388.79640  4.91636
 388.81681  4.44862
 388.83721  4.03054
 388.85764  3.66756
 388.87805  3.32675
 388.89849  3.02168
 388.91889  2.76922
 388.93929  2.51344
 388.95973  2.28400
 388.98013  2.09382
 389.00054  1.92368
 389.02097  1.76604
 389.04138  1.63337
 389.06178  1.49710
 389.08221  1.37250
 389.10262  1.28052
 389.12303  1.17946
 389.14346  1.09880
 389.16387  1.02356
 389.18427  0.95043
 389.20470  0.88257
 389.22511  0.81935
 389.24551  0.77623
 389.26592  0.72519
 389.28635  0.68125
 389.30675  0.65043
 389.32716  0.60473
 389.34757  0.57362
 389.36797  0.53264
 389.38841  0.50677
 389.40881  0.48484
 389.42921  0.45272
 389.44962  0.43004
 389.47002  0.40734
 389.49043  0.39178
 389.51084  0.37050
 389.53126  0.35638
 389.55167  0.34034
 389.57208  0.32601
 389.59248  0.31589
 389.61289  0.30623
 389.63330  0.28617
 389.65369  0.27531
 389.67410  0.26591
 389.69450  0.25979
 389.71491  0.24975
 389.73532  0.24093
 389.75571  0.23465
 389.77612  0.22160
 389.79653  0.21207
 389.81693  0.20311
 389.83734  0.20031
 389.85774  0.19355
 389.87814  0.18432
 389.89855  0.17802
 389.91895  0.17051
 389.93936  0.16789
 389.95977  0.16307
 389.98017  0.15557
 390.00057  0.15079
 390.02097  0.14934
 390.04138  0.14109
 390.06179  0.13730
 390.08219  0.13077
 390.10260  0.12971
 390.12296  0.12284
 390.14337  0.12575
 390.16378  0.11601
 390.18418  0.10931
 390.20459  0.11385
 390.22499  0.10655
 390.24536  0.10366
 390.26577  0.10185
 390.28617  0.09667
 390.30658  0.09613
 390.32699  0.09480
 390.34735  0.08971
 390.36776  0.08840
 390.38817  0.08367
 390.40857  0.08510
 390.42895  0.07945
 390.44935  0.07734
 390.46975  0.07946
 390.49016  0.07639
 390.51053  0.07405
 390.53094  0.06983
 390.55134  0.07107
 390.57172  0.07006
 390.59212  0.06975
 390.61252  0.06905
 390.63290  0.06748
 390.65330  0.06192
 390.67371  0.06030
 390.69409  0.05932
 390.71448  0.05498
 390.73486  0.05908
 390.75526  0.05460
 390.77567  0.05482
 390.79605  0.05163
 390.81644  0.05137
 390.83682  0.05116
 390.85723  0.04830
 390.87760  0.04909
 390.89801  0.04852
 390.91841  0.04513
 390.93878  0.04207
 390.95919  0.04251
 390.97956  0.03918
 390.99997  0.03513
 391.02034  0.04328
 391.04072  0.03970
 391.06112  0.03205
 391.08149  0.03833
 391.10190  0.03941
 391.12227  0.03477
 391.14268  0.03426
 391.16305  0.03599
 391.18345  0.02814
 391.20383  0.03115
 391.22420  0.03281
 391.24461  0.03380
 391.26498  0.02777
 391.28536  0.02929
 391.30576  0.02950
 391.32613  0.03200
 391.34651  0.03077
 391.36691  0.02345
 391.38729  0.02766
 391.40767  0.02261
 391.42806  0.02539
 391.44844  0.01960
 391.46881  0.01959
 391.48922  0.02613
 391.50960  0.02105
 391.52997  0.02232
 391.55034  0.02205
 391.57074  0.01702
 391.59112  0.01928
 391.61149  0.01904
 391.63187  0.01898
 391.65225  0.01870
 391.67264  0.01872
 391.69302  0.01696
 391.71339  0.01795
 391.73377  0.01444
 391.75415  0.01647
 391.77455  0.01800
 391.79492  0.01545
 391.81529  0.01967
 391.83567  0.01170
 391.85604  0.01070
 391.87642  0.01392
 391.89680  0.01387
 391.91716  0.01586
 391.93754  0.01461
 391.95791  0.01336
 391.97832  0.01187
 391.99870  0.01385
 392.01907  0.01211
 392.03944  0.01036
 392.05981  0.01086
 392.08019  0.01086
 392.10056  0.01159
 392.12094  0.00961
 392.14132  0.00886
 392.16168  0.01058
 392.18206  0.00960
 392.20243  0.00911
 392.22281  0.00936
 392.24318  0.01158
 392.26353  0.00912
 392.28390  0.01010
 392.30427  0.00960
 392.32465  0.00935
 392.34502  0.00690
 392.36540  0.00935
 392.38577  0.01154
 392.40614  0.00713
 392.42652  0.00565
 392.44686  0.00811
 392.46724  0.00884
 392.48761  0.00491
 392.50799  0.00907
 392.52835  0.00637
 392.54873  0.00906
 392.56907  0.00662
 392.58945  0.00514
 392.60983  0.00636
 392.63020  0.01123
 392.65057  0.00977
 392.67091  0.00684
 392.69129  0.00659
 392.71166  0.00733
 392.73201  0.00928
 392.75239  0.01001
 392.77275  0.00852
 392.79313  0.00243
 392.81347  0.00583
 392.83385  0.00510
 392.85422  0.00631
 392.87457  0.01068
 392.89493  0.00461
 392.91531  0.00558
 392.93566  0.00437
 392.95603  0.00945
 392.97641  0.00825
 392.99675  0.00606
 393.01712  0.00774
 393.03746  0.00652
 393.05784  0.00387
 393.07818  0.00725
 393.09856  0.00556
 393.11894  0.00724
 393.13928  0.00821
 393.15965  0.00458
 393.17999  0.00433
 393.20037  0.00891
 393.22071  0.00819
 393.24109  0.00721
 393.26143  0.00504
 393.28180  0.00838
 393.30214  0.00863
 393.32252  0.00407
 393.34287  0.00863
 393.36324  0.01102
 393.38359  0.00503
 393.40392  0.00430
 393.42430  0.00763
 393.44464  0.00857
 393.46502  0.00715
 393.48536  0.00666
 393.50571  0.00427
 393.52607  0.00665
 393.54642  0.00546
 393.56680  0.00783
 393.58714  0.00664
 393.60749  0.00617
 393.62786  0.00617
 393.64820  0.00237
 393.66854  0.00474
 393.68892  0.00497
 393.70926  0.00709
 393.72961  0.00685
 393.74995  0.00401
 393.77032  0.00377
 393.79066  0.00872
 393.81101  0.00449
 393.83136  0.00404
 393.85173  0.00499
 393.87208  0.00333
 393.89242  0.00712
 393.91276  0.00710
 393.93310  0.00424
 393.95348  0.01174
 393.97382  0.00399
 393.99417  0.00305
 394.01451  0.00587
 394.03485  0.00540
 394.05519  0.00680
 394.07557  0.00539
 394.09591  0.00539
 394.11626  0.00727
 394.13661  0.00632
 394.15694  0.00655
 394.17729  0.00351
 394.19763  0.00094
 394.21798  0.00468
 394.23832  0.00584
 394.25867  0.00561
 394.27901  0.00374
 394.29935  0.00607
 394.31969  0.00630
 394.34004  0.00327
 394.36038  0.00746
 394.38073  0.01049
 394.40107  0.00349
 394.42141  0.00511
 394.44175  0.00627
 394.46210  0.00488
 394.48244  0.00279
 394.50279  0.00721
 394.52313  0.00372
 394.54347  0.00580
 394.56381  0.00464
 394.58416  0.00626
 394.60451  0.00278
 394.62485  0.00556
 394.64517  0.00671
 394.66551 -0.00093
 394.68585  0.00579
 394.70619  0.00693
 394.72654  0.00463
 394.74688  0.00462
 394.76723  0.00000
 394.78754  0.00369
 394.80788  0.00138
 394.82822  0.00392
 394.84857  0.00622
 394.86888  0.00276
 394.88923  0.00391
 394.90957 -0.00092
 394.92991  0.00483
 394.95022  0.00390
 394.97057  0.00390
 394.99091  0.00436
 395.01126  0.00618
 395.03157  0.00641
 395.05192  0.00069
 395.07225  0.00524
 395.09257  0.00228
 395.11291  0.00457
 395.13326  0.00205
 395.15357  0.00137
 395.17392  0.00456
 395.19425  0.00524
 395.21457  0.00273
 395.23491  0.00682
 395.25523  0.00250
 395.27557  0.00250
 395.29592  0.00249
 395.31623  0.00362
 395.33657  0.00453
 395.35688  0.00204
 395.37723  0.00542
 395.39754  0.00158
 395.41789  0.00338
 395.43820  0.00315
 395.45854  0.00496
 395.47885  0.00180
 395.49920  0.00090
 395.51951  0.00203
 395.53986  0.00180
 395.56017  0.00225
 395.58051  0.00404
 395.60082  0.00224
 395.62117  0.00224
 395.64148  0.00291
 395.66180  0.00157
 395.68214  0.00402
 395.70246  0.00335
 395.72279  0.00558
 395.74311  0.00223
 395.76342  0.00245
 395.78377  0.00089
 395.80408 -0.00044
 395.82440  0.00356
 395.84473  0.00355
 395.86505  0.00376
 395.88536  0.00133
 395.90571  0.00421
 395.92602  0.00221
 395.94634  0.00442
 395.96668  0.00420
 395.98699  0.00133
 396.00730  0.00198
 396.02761  0.00484
 396.04796  0.00198
 396.06827  0.00220
 396.08859  0.00395
 396.10890  0.00088
 396.12921  0.00307
 396.14955  0.00482
 396.16987 -0.00527
 396.19018  0.00285
 396.21050  0.00372
 396.23081  0.00372
 396.25112  0.00349
 396.27146 -0.00022
 396.29178  0.00326
 396.31209  0.00217
 396.33241  0.00152
 396.35272 -0.00130
 396.37304  0.00434
 396.39334  0.00152
 396.41366  0.00476
 396.43397  0.00390
 396.45429  0.00151
 396.47460  0.00043
 396.49491  0.00368
 396.51522  0.00065
 396.53553  0.00194
 396.55585  0.00345
 396.57616  0.00388
 396.59648 -0.00151
 396.61679  0.00474
 396.63711  0.00129
 396.65741  0.00558
 396.67773  0.00429
 396.69804  0.00322
 396.71836  0.00600
 396.73867  0.00386
 396.75899  0.00407
 396.77930  0.00342
 396.79961  0.00364
 396.81992  0.00278
 396.84023  0.00043
 396.86052 -0.00064
 396.88083  0.00128
 396.90115  0.00618
 396.92145  0.00192
 396.94177 -0.00043
 396.96208  0.00170
 396.98237 -0.00064
 397.00268  0.00212
 397.02300  0.00340
 397.04331  0.00170
 397.06362  0.00340
 397.08390  0.00340
 397.10421  0.00382
 397.12453  0.00340
 397.14484  0.00615
 397.16513  0.00127
 397.18544  0.00000
 397.20575  0.00296
 397.22603  0.00296
 397.24635  0.00338
 397.26666  0.00211
 397.28695  0.00021
 397.30726  0.00042
 397.32756  0.00548
 397.34785  0.00359
 397.36816  0.00042
 397.38848 -0.00084
 397.40876  0.00231
 397.42908  0.00147
 397.44939  0.00168
 397.46967  0.00126
 397.48998  0.00251
 397.51026  0.00210
 397.53058  0.00042
 397.55086 -0.00042
 397.57118  0.00146
 397.59146 -0.00021
 397.61177  0.00229
 397.63205 -0.00272
 397.65237  0.00063
 397.67265  0.00146
 397.69297 -0.00104
 397.71325  0.00250
 397.73356  0.00042
 397.75384  0.00249
 397.77415  0.00499
 397.79444  0.00312
 397.81475  0.00270
 397.83504  0.00166
 397.85532  0.00145
 397.87563  0.00104
 397.89591  0.00207
 397.91622  0.00104
 397.93651  0.00374
 397.95679  0.00352
 397.97711  0.00083
 397.99739  0.00187
 398.01767  0.00311
 398.03798 -0.00062
 398.05826  0.00455
 398.07855  0.00476
 398.09886  0.00145
 398.11915 -0.00083
 398.13943  0.00207
 398.15971  0.00041
 398.18002  0.00352
 398.20030  0.00083
 398.22059  0.00435
 398.24087  0.00021
 398.26119  0.00041
 398.28147  0.00207
 398.30175  0.00248
 398.32203  0.00103
 398.34231 -0.00021
 398.36263  0.00083
 398.38291  0.00062
 398.40320  0.00021
 398.42348  0.00041
 398.44376  0.00165
 398.46404  0.00413
 398.48432  0.00351
 398.50464 -0.00041
 398.52492  0.00309
 398.54521 -0.00021
 398.56549  0.00370
 398.58577  0.00372
 398.60605  0.00268
 398.62633  0.00494
 398.64662  0.00144
 398.66690  0.00371
 398.68719  0.00413
 398.70747  0.00494
 398.72775  0.00021
 398.74803  0.00268
 398.76831  0.00144
 398.78860  0.00226
 398.80888  0.00123
 398.82917 -0.00103
 398.84945  0.00144
 398.86972  0.00082
 398.89001  0.00205
 398.91029  0.00226
 398.93058  0.00185
 398.95083  0.00348
 398.97111  0.00328
 398.99140  0.00144
 399.01167  0.00144
 399.03196  0.00205
 399.05224  0.00041
 399.07253  0.00308
 399.09278  0.00225
 399.11306 -0.00225
 399.13335  0.00533
 399.15362  0.00307
 399.17391  0.00061
 399.19419  0.00287
 399.21444 -0.00020
 399.23473  0.00102
 399.25501 -0.00041
 399.27530  0.00348
 399.29554  0.00225
 399.31582  0.00246
 399.33611  0.00164
 399.35636 -0.00041
 399.37665  0.00553
 399.39693  0.00267
 399.41721  0.00246
 399.43746 -0.00020
 399.45774  0.00061
 399.47800 -0.00225
 399.49828  0.00328
 399.51856 -0.00184
 399.53882  0.00185
 399.55910  0.00123
 399.57938 -0.00205
 399.59963  0.00575
 399.61991  0.00062
 399.64017  0.00267
 399.66045 -0.00226
 399.68071  0.00021
 399.70099  0.00369
 399.72126  0.00390
 399.74152  0.00143
 399.76180  0.00144
 399.78206 -0.00021
 399.80234  0.00390
 399.82259  0.00184
 399.84288  0.00267
 399.86312  0.00471
 399.88341  0.00246
 399.90366  0.00369
 399.92391  0.00307
 399.94420  0.00123
 399.96445  0.00103
 399.98474  0.00082
 400.00499 -0.00021
 400.02523  0.00246
 400.04552  0.00041
 400.06577  0.00349
 400.08605 -0.00041
 400.10631  0.00266
 400.12656 -0.00123
 400.14685  0.00246
 400.16709  0.00246
 400.18734 -0.00021
 400.20763  0.00225
 400.22788  0.00061
 400.24814  0.00144
 400.26839  0.00267
 400.28867 -0.00041
 400.30892  0.00205
 400.32917  0.00205
 400.34942 -0.00184
 400.36971 -0.00062
 400.38996  0.00041
 400.41022  0.00450
 400.43047  0.00000
 400.45074  0.00082
 400.47100 -0.00143
 400.49125  0.00020
 400.51150  0.00020
 400.53176  0.00143
 400.55201  0.00328
 400.57227  0.00205
 400.59255  0.00164
 400.61279  0.00348
 400.63305 -0.00082
 400.65330  0.00164
 400.67355  0.00306
 400.69381  0.00102
 400.71406  0.00020
 400.73432  0.00511
 400.75456  0.00123
 400.77481  0.00184
 400.79507  0.00367
 400.81532 -0.00163
 400.83557  0.00163
 400.85583  0.00000
 400.87608  0.00204
 400.89632  0.00061
 400.91658  0.00102
 400.93683  0.00082
 400.95709 -0.00041
 400.97734  0.00164
 400.99759  0.00306
 401.01785  0.00143
 401.03810  0.00163
 401.05834  0.00448
 401.07860  0.00081
 401.09885  0.00265
 401.11911  0.00122
 401.13933  0.00143
 401.15958  0.00061
 401.17984 -0.00122
 401.20008  0.00020
 401.22033  0.00081
 401.24059  0.00428
 401.26081  0.00041
 401.28106  0.00020
 401.30132  0.00244
 401.32157  0.00020
 401.34181  0.00082
 401.36204  0.00061
 401.38229  0.00061
 401.40255  0.00163
 401.42280  0.00406
 401.44302  0.00163
 401.46328  0.00366
 401.48353  0.00081
 401.50374  0.00366
 401.52400  0.00366
 401.54425  0.00183
 401.56447  0.00265
 401.58473  0.00346
 401.60498  0.00142
 401.62520  0.00142
 401.64545 -0.00061
 401.66570  0.00549
 401.68592  0.00081
 401.70618  0.00061
 401.72640  0.00346
 401.74665  0.00122
 401.76688  0.00041
 401.78713  0.00142
 401.80737  0.00385
 401.82760  0.00162
 401.84785  0.00081
 401.86807  0.00000
 401.88833  0.00263
 401.90855 -0.00162
 401.92881  0.00182
 401.94902 -0.00040
 401.96927 -0.00142
 401.98950  0.00162
 402.00972  0.00262
 402.02997  0.00565
 402.05020  0.00061
 402.07045  0.00202
 402.09067  0.00141
 402.11092  0.00182
 402.13114  0.00060
 402.15136  0.00040
 402.17162  0.00182
 402.19184 -0.00121
 402.21206 -0.00182
 402.23232  0.00081
 402.25254  0.00121
 402.27275  0.00282
 402.29301  0.00061
 402.31323  0.00081
 402.33345  0.00060
 402.35371  0.00181
 402.37393  0.00242
 402.39415  0.00462
 402.41437  0.00080
 402.43462  0.00221
 402.45484  0.00161
 402.47507  0.00060
 402.49529 -0.00040
 402.51554 -0.00121
 402.53577  0.00302
 402.55599 -0.00020
 402.57620 -0.00161
 402.59642  0.00040
 402.61665  0.00242
 402.63690  0.00261
 402.65712  0.00242
 402.67735  0.00341
 402.69757  0.00281
 402.71779 -0.00060
 402.73801  0.00261
 402.75823 -0.00201
 402.77845  0.00160
 402.79868  0.00201
 402.81893  0.00281
 402.83915  0.00140
 402.85938  0.00341
 402.87959  0.00161
 402.89981  0.00140
 402.92004  0.00000
 402.94026 -0.00040
 402.96048  0.00200
 402.98071 -0.00160
 403.00093  0.00140
 403.02115  0.00360
 403.04137  0.00160
 403.06159  0.00100
 403.08178 -0.00100
 403.10200  0.00120
 403.12223 -0.00120
 403.14245 -0.00120
 403.16267  0.00000
 403.18290  0.00319
 403.20311  0.00239
 403.22333 -0.00179
 403.24356  0.00159
 403.26375 -0.00079
 403.28397  0.00139
 403.30420  0.00199
 403.32442  0.00139
 403.34464  0.00179
 403.36482  0.00119
 403.38505  0.00000
 403.40527  0.00178
 403.42549  0.00079
 403.44572  0.00416
 403.46591  0.00218
 403.48613  0.00456
 403.50635  0.00138
 403.52657  0.00257
 403.54676  0.00277
 403.56698  0.00040
 403.58721  0.00138
 403.60740  0.00316
 403.62762  0.00059
 403.64785  0.00000
 403.66803  0.00138
 403.68825  0.00118
 403.70848  0.00119
 403.72867  0.00298
 403.74889  0.00218
 403.76908 -0.00278
 403.78931  0.00099
 403.80953  0.00040
 403.82971  0.00396
 403.84994  0.00258
 403.87013  0.00079
 403.89035 -0.00020
 403.91054  0.00197
 403.93077 -0.00178
 403.95096  0.00277
 403.97118  0.00000
 403.99137  0.00296
 404.01159  0.00099
 404.03178  0.00237
 404.05201  0.00040
 404.07220  0.00178
 404.09242  0.00336
 404.11261  0.00040
 404.13284  0.00178
 404.15302  0.00177
 404.17321  0.00118
 404.19344  0.00316
 404.21363  0.00276
 404.23382 -0.00099
 404.25404  0.00158
 404.27424  0.00471
 404.29446  0.00236
 404.31464  0.00118
 404.33483  0.00118
 404.35506  0.00295
 404.37525  0.00236
 404.39544 -0.00039
 404.41564  0.00276
 404.43586 -0.00020
 404.45605  0.00293
 404.47623  0.00157
 404.49643  0.00020
 404.51665 -0.00059
 404.53684 -0.00137
 404.55704  0.00098
 404.57723  0.00176
 404.59745 -0.00098
 404.61764 -0.00137
 404.63783  0.00059
 404.65802  0.00371
 404.67821 -0.00020
 404.69840 -0.00020
 404.71863  0.00156
 404.73882 -0.00136
 404.75901  0.00293
 404.77921  0.00371
 404.79940  0.00156
 404.81958  0.00058
 404.83977  0.00253
 404.85997  0.00273
 404.88016  0.00156
 404.90035  0.00310
 404.92054  0.00310
 404.94074 -0.00078
 404.96093 -0.00155
 404.98111  0.00252
 405.00130  0.00039
 405.02150  0.00272
 405.04169  0.00116
 405.06188  0.00253
 405.08207  0.00116
 405.10227  0.00058
 405.12246 -0.00136
 405.14264  0.00019
 405.16284  0.00116
 405.18303  0.00097
 405.20322  0.00231
 405.22341  0.00155
 405.24361  0.00328
 405.26377  0.00251
 405.28396  0.00212
 405.30414  0.00096
 405.32434  0.00192
 405.34453  0.00019
 405.36472  0.00538
 405.38488  0.00576
 405.40508  0.00019
 405.42527 -0.00211
 405.44546  0.00096
 405.46564  0.00154
 405.48581  0.00288
 405.50600  0.00057
 405.52619  0.00384
 405.54638  0.00019
 405.56655  0.00250
 405.58674  0.00307
 405.60693  0.00249
 405.62709  0.00096
 405.64728  0.00000
 405.66747  0.00172
 405.68763  0.00210
 405.70782  0.00210
 405.72802  0.00153
 405.74818  0.00115
 405.76837  0.00057
 405.78856  0.00019
 405.80872  0.00134
 405.82891  0.00190
 405.84907  0.00210
 405.86926  0.00019
 405.88943  0.00382
 405.90962 -0.00076
 405.92981  0.00114
 405.94997  0.00133
 405.97017  0.00172
 405.99032 -0.00019
 406.01051  0.00247
 406.03067  0.00228
 406.05086  0.00171
 406.07103  0.00304
 406.09122  0.00076
 406.11138  0.00019
 406.13154  0.00341
 406.15173  0.00170
 406.17189  0.00057
 406.19208  0.00189
 406.21224  0.00095
 406.23241  0.00190
 406.25260 -0.00151
 406.27276  0.00227
 406.29295  0.00208
 406.31311  0.00151
 406.33327  0.00151
 406.35346  0.00057
 406.37362  0.00094
 406.39378  0.00076
 406.41398  0.00076
 406.43414  0.00284
 406.45430  0.00056
 406.47446  0.00095
 406.49465 -0.00075
 406.51481  0.00094
 406.53497  0.00169
 406.55513  0.00189
 406.57532  0.00151
 406.59549  0.00038
 406.61565  0.00019
 406.63581  0.00376
 406.65597  0.00169
 406.67616  0.00188
 406.69632  0.00207
 406.71648 -0.00094
 406.73664  0.00038
 406.75680 -0.00075
 406.77697  0.00094
 406.79713  0.00113
 406.81729 -0.00019
 406.83747  0.00038
 406.85764  0.00019
 406.87780 -0.00056
 406.89796  0.00150
 406.91812 -0.00206
 406.93828  0.00431
 406.95845 -0.00075
 406.97861  0.00280
 406.99877  0.00112
 407.01892  0.00019
 407.03908  0.00206
 407.05925  0.00168
 407.07941  0.00075
 407.09957  0.00150
 407.11973  0.00187
 407.13989  0.00149
 407.16006  0.00112
 407.18022  0.00205
 407.20034  0.00316
 407.22050  0.00280
 407.24066  0.00280
 407.26083  0.00464
 407.28099  0.00354
 407.30115  0.00186
 407.32131  0.00130
 407.34148  0.00335
 407.36161 -0.00019
 407.38176  0.00298
 407.40192  0.00279
 407.42208  0.00502
 407.44225 -0.00037
 407.46238  0.00056
 407.48254  0.00185
 407.50270  0.00373
 407.52286  0.00129
 407.54299  0.00222
 407.56315 -0.00112
 407.58331  0.00204
 407.60347 -0.00111
 407.62360  0.00056
 407.64377  0.00000
 407.66393  0.00148
 407.68406  0.00092
 407.70422 -0.00111
 407.72437 -0.00185
 407.74450 -0.00074
 407.76467  0.00166
 407.78480 -0.00037
 407.80496 -0.00241
 407.82512 -0.00074
 407.84525  0.00000
 407.86542  0.00111
 407.88555  0.00092
 407.90570  0.00296
 407.92583  0.00148
 407.94599  0.00037
 407.96613  0.00092
 407.98629  0.00037
 408.00645  0.00092
 408.02658 -0.00166
 408.04671  0.00111
 408.06687  0.00239
 408.08700  0.00055
 408.10716  0.00110
 408.12729  0.00129
 408.14745  0.00201
 408.16758 -0.00110
 408.18775  0.00018
 408.20788 -0.00092
 408.22801  0.00166
 408.24817  0.00147
 408.26829 -0.00147
 408.28846  0.00128
 408.30859  0.00258
 408.32872 -0.00275
 408.34888  0.00147
 408.36901 -0.00110
 408.38914  0.00367
 408.40928 -0.00201
 408.42944  0.00110
 408.44956  0.00310
 408.46969  0.00238
 408.48985  0.00183
 408.50998 -0.00110
 408.53012 -0.00073
 408.55025  0.00036
 408.57041  0.00291
 408.59054  0.00419
 408.61067  0.00326
 408.63079  0.00055
 408.65093 -0.00272
 408.67106  0.00199
 408.69122 -0.00018
 408.71135  0.00109
 408.73148  0.00163
 408.75161 -0.00362
 408.77175  0.00091
 408.79188  0.00290
 408.81200 -0.00162
 408.83213  0.00054
 408.85229  0.00054
 408.87242  0.00144
 408.89256  0.00000
 408.91269  0.00055
 408.93282  0.00187
