# wl 	 tx
367.0723018 0.0000077
367.0929893 0.0000075
367.1136668 0.0000077
367.1343143 0.0000077
367.1549918 0.0000077
367.1756693 0.0000078
367.1963468 0.0000078
367.2170243 0.0000077
367.2376718 0.0000077
367.2583493 0.0000080
367.2790268 0.0000079
367.2997043 0.0000078
367.3203518 0.0000079
367.3410393 0.0000080
367.3617168 0.0000080
367.3823644 0.0000080
367.4030419 0.0000080
367.4237194 0.0000080
367.4443969 0.0000081
367.4650444 0.0000081
367.4857219 0.0000081
367.5063994 0.0000081
367.5270469 0.0000082
367.5477244 0.0000082
367.5684020 0.0000082
367.5890495 0.0000083
367.6097270 0.0000082
367.6304145 0.0000082
367.6510620 0.0000083
367.6717395 0.0000083
367.6923871 0.0000084
367.7130646 0.0000083
367.7337421 0.0000083
367.7543896 0.0000084
367.7750671 0.0000085
367.7957147 0.0000084
367.8163922 0.0000086
367.8370397 0.0000086
367.8577172 0.0000086
367.8783947 0.0000085
367.8990423 0.0000085
367.9197298 0.0000087
367.9403773 0.0000087
367.9610548 0.0000087
367.9817024 0.0000086
368.0023799 0.0000088
368.0230274 0.0000089
368.0437049 0.0000088
368.0643525 0.0000089
368.0850300 0.0000089
368.1056776 0.0000089
368.1263551 0.0000089
368.1470026 0.0000090
368.1676502 0.0000091
368.1883277 0.0000091
368.2089752 0.0000091
368.2296627 0.0000091
368.2503103 0.0000095
368.2709878 0.0000095
368.2916354 0.0000091
368.3122829 0.0000092
368.3329604 0.0000092
368.3536080 0.0000093
368.3742555 0.0000093
368.3949331 0.0000092
368.4155806 0.0000093
368.4362581 0.0000093
368.4569057 0.0000094
368.4775532 0.0000094
368.4982308 0.0000095
368.5188783 0.0000095
368.5395259 0.0000094
368.5601734 0.0000095
368.5808610 0.0000095
368.6015085 0.0000095
368.6221561 0.0000096
368.6428336 0.0000096
368.6634812 0.0000096
368.6841287 0.0000096
368.7047763 0.0000097
368.7254538 0.0000097
368.7461014 0.0000098
368.7667489 0.0000099
368.7873965 0.0000099
368.8080740 0.0000100
368.8287216 0.0000100
368.8493691 0.0000100
368.8700167 0.0000100
368.8906643 0.0000099
368.9113418 0.0000099
368.9319894 0.0000100
368.9526369 0.0000101
368.9732845 0.0000101
368.9939420 0.0000100
369.0145896 0.0000102
369.0352372 0.0000101
369.0559147 0.0000101
369.0765623 0.0000105
369.0972099 0.0000103
369.1178574 0.0000102
369.1385050 0.0000101
369.1591526 0.0000101
369.1798001 0.0000102
369.2004477 0.0000103
369.2210953 0.0000103
369.2417428 0.0000101
369.2624204 0.0000101
369.2830680 0.0000101
369.3037155 0.0000102
369.3243631 0.0000103
369.3450107 0.0000101
369.3656583 0.0000102
369.3863058 0.0000102
369.4069534 0.0000101
369.4276010 0.0000102
369.4482586 0.0000103
369.4689061 0.0000102
369.4895537 0.0000102
369.5102013 0.0000101
369.5308489 0.0000101
369.5514964 0.0000102
369.5721140 0.0000102
369.5927616 0.0000100
369.6134092 0.0000100
369.6340568 0.0000100
369.6547044 0.0000100
369.6753519 0.0000101
369.6959995 0.0000100
369.7166471 0.0000100
369.7372947 0.0000101
369.7579423 0.0000100
369.7785899 0.0000101
369.7992075 0.0000101
369.8198551 0.0000101
369.8405026 0.0000102
369.8611502 0.0000101
369.8817978 0.0000100
369.9024454 0.0000101
369.9230630 0.0000101
369.9437106 0.0000100
369.9643582 0.0000100
369.9850058 0.0000099
370.0056534 0.0000101
370.0262710 0.0000101
370.0469186 0.0000101
370.0675762 0.0000102
370.0882238 0.0000101
370.1088713 0.0000102
370.1294890 0.0000102
370.1501366 0.0000103
370.1707841 0.0000101
370.1914018 0.0000104
370.2120494 0.0000103
370.2326970 0.0000103
370.2533446 0.0000104
370.2739622 0.0000103
370.2946098 0.0000104
370.3152574 0.0000105
370.3358750 0.0000105
370.3565226 0.0000106
370.3771702 0.0000105
370.3977878 0.0000107
370.4184354 0.0000106
370.4390830 0.0000106
370.4597006 0.0000106
370.4803482 0.0000107
370.5009659 0.0000107
370.5216135 0.0000107
370.5422611 0.0000107
370.5628787 0.0000108
370.5835263 0.0000107
370.6041439 0.0000108
370.6247915 0.0000107
370.6454391 0.0000108
370.6660568 0.0000108
370.6867044 0.0000108
370.7073220 0.0000108
370.7279696 0.0000108
370.7485872 0.0000108
370.7692349 0.0000108
370.7898525 0.0000108
370.8105001 0.0000109
370.8311177 0.0000110
370.8517653 0.0000109
370.8723830 0.0000109
370.8930306 0.0000108
370.9136482 0.0000107
370.9342958 0.0000108
370.9549135 0.0000107
370.9755611 0.0000107
370.9961787 0.0000107
371.0167964 0.0000108
371.0374440 0.0000107
371.0580616 0.0000107
371.0787092 0.0000107
371.0993269 0.0000106
371.1199445 0.0000106
371.1405921 0.0000107
371.1612098 0.0000106
371.1818574 0.0000105
371.2024750 0.0000105
371.2230927 0.0000105
371.2437403 0.0000106
371.2643579 0.0000106
371.2849756 0.0000106
371.3056332 0.0000105
371.3262409 0.0000106
371.3468585 0.0000104
371.3675161 0.0000105
371.3881338 0.0000105
371.4087514 0.0000104
371.4293591 0.0000104
371.4500167 0.0000105
371.4706343 0.0000104
371.4912520 0.0000104
371.5118596 0.0000105
371.5325173 0.0000105
371.5531349 0.0000104
371.5737526 0.0000105
371.5943702 0.0000105
371.6150179 0.0000105
371.6356355 0.0000105
371.6562532 0.0000105
371.6768708 0.0000105
371.6974785 0.0000104
371.7181361 0.0000105
371.7387538 0.0000105
371.7593714 0.0000105
371.7799891 0.0000105
371.8005967 0.0000105
371.8212144 0.0000104
371.8418321 0.0000104
371.8624897 0.0000105
371.8830974 0.0000105
371.9037150 0.0000106
371.9243327 0.0000105
371.9449503 0.0000104
371.9655680 0.0000107
371.9861857 0.0000105
372.0068033 0.0000106
372.0274210 0.0000106
372.0480387 0.0000107
372.0686563 0.0000107
372.0892740 0.0000106
372.1098916 0.0000106
372.1305093 0.0000107
372.1511270 0.0000108
372.1717446 0.0000107
372.1923623 0.0000108
372.2129800 0.0000110
372.2335977 0.0000108
372.2542153 0.0000108
372.2748330 0.0000110
372.2954507 0.0000110
372.3160683 0.0000111
372.3366860 0.0000110
372.3573037 0.0000112
372.3779213 0.0000111
372.3985390 0.0000112
372.4191567 0.0000113
372.4397744 0.0000113
372.4603920 0.0000113
372.4810097 0.0000113
372.5016274 0.0000115
372.5222151 0.0000116
372.5428328 0.0000116
372.5634504 0.0000116
372.5840681 0.0000117
372.6046858 0.0000118
372.6253035 0.0000118
372.6459212 0.0000118
372.6665089 0.0000118
372.6871265 0.0000119
372.7077442 0.0000121
372.7283619 0.0000120
372.7489796 0.0000121
372.7695673 0.0000121
372.7901850 0.0000122
372.8108027 0.0000123
372.8314203 0.0000121
372.8520380 0.0000123
372.8726257 0.0000123
372.8932434 0.0000124
372.9138611 0.0000123
372.9344488 0.0000125
372.9550665 0.0000124
372.9756842 0.0000126
372.9963019 0.0000126
373.0168896 0.0000125
373.0375073 0.0000127
373.0581250 0.0000127
373.0787027 0.0000127
373.0993204 0.0000128
373.1199381 0.0000127
373.1405258 0.0000129
373.1611435 0.0000129
373.1817612 0.0000129
373.2023489 0.0000130
373.2229666 0.0000129
373.2435843 0.0000129
373.2641720 0.0000130
373.2847897 0.0000130
373.3053774 0.0000132
373.3259951 0.0000131
373.3465828 0.0000131
373.3672005 0.0000131
373.3878182 0.0000131
373.4084059 0.0000131
373.4290236 0.0000130
373.4496113 0.0000130
373.4702290 0.0000132
373.4908168 0.0000130
373.5114345 0.0000131
373.5320222 0.0000131
373.5526399 0.0000131
373.5732276 0.0000131
373.5938453 0.0000131
373.6144330 0.0000131
373.6350507 0.0000130
373.6556385 0.0000130
373.6762462 0.0000131
373.6968339 0.0000131
373.7174516 0.0000130
373.7380393 0.0000130
373.7586271 0.0000131
373.7792448 0.0000131
373.7998325 0.0000132
373.8204502 0.0000131
373.8410379 0.0000131
373.8616257 0.0000133
373.8822434 0.0000131
373.9028311 0.0000132
373.9234488 0.0000132
373.9440366 0.0000132
373.9646243 0.0000133
373.9852420 0.0000133
374.0058297 0.0000134
374.0264175 0.0000133
374.0470352 0.0000133
374.0676229 0.0000134
374.0882107 0.0000134
374.1087984 0.0000133
374.1294161 0.0000134
374.1499939 0.0000134
374.1705816 0.0000134
374.1911993 0.0000135
374.2117871 0.0000135
374.2323748 0.0000135
374.2529626 0.0000135
374.2735803 0.0000136
374.2941680 0.0000137
374.3147558 0.0000136
374.3353435 0.0000137
374.3559312 0.0000137
374.3765490 0.0000139
374.3971367 0.0000138
374.4177245 0.0000138
374.4383122 0.0000139
374.4589000 0.0000139
374.4794877 0.0000139
374.5001054 0.0000139
374.5206932 0.0000140
374.5412709 0.0000141
374.5618587 0.0000141
374.5824464 0.0000142
374.6030342 0.0000142
374.6236219 0.0000142
374.6442097 0.0000142
374.6647974 0.0000142
374.6854152 0.0000143
374.7060029 0.0000142
374.7265907 0.0000143
374.7471784 0.0000143
374.7677662 0.0000144
374.7883539 0.0000145
374.8089417 0.0000144
374.8295294 0.0000145
374.8501172 0.0000144
374.8706950 0.0000147
374.8912827 0.0000146
374.9118705 0.0000146
374.9324582 0.0000147
374.9530460 0.0000145
374.9736338 0.0000149
374.9942215 0.0000149
375.0148093 0.0000150
375.0353970 0.0000149
375.0559848 0.0000150
375.0765726 0.0000150
375.0971303 0.0000151
375.1177181 0.0000150
375.1383059 0.0000150
375.1588936 0.0000151
375.1794714 0.0000151
375.2000592 0.0000153
375.2206469 0.0000152
375.2412347 0.0000154
375.2618225 0.0000153
375.2823803 0.0000154
375.3029680 0.0000153
375.3235558 0.0000154
375.3441436 0.0000156
375.3647313 0.0000155
375.3853191 0.0000155
375.4058769 0.0000155
375.4264647 0.0000155
375.4470524 0.0000157
375.4676302 0.0000157
375.4882180 0.0000158
375.5087758 0.0000157
375.5293636 0.0000157
375.5499513 0.0000158
375.5705391 0.0000158
375.5910969 0.0000159
375.6116847 0.0000159
375.6322725 0.0000159
375.6528303 0.0000159
375.6734180 0.0000159
375.6940058 0.0000160
375.7145936 0.0000160
375.7351414 0.0000161
375.7557292 0.0000161
375.7763170 0.0000159
375.7968748 0.0000159
375.8174625 0.0000159
375.8380503 0.0000159
375.8586081 0.0000160
375.8791959 0.0000160
375.8997537 0.0000159
375.9203415 0.0000160
375.9409293 0.0000161
375.9614871 0.0000160
375.9820649 0.0000162
376.0026227 0.0000161
376.0232105 0.0000161
376.0437983 0.0000161
376.0643561 0.0000161
376.0849439 0.0000161
376.1055017 0.0000161
376.1260895 0.0000161
376.1466473 0.0000162
376.1672351 0.0000161
376.1877929 0.0000162
376.2083807 0.0000162
376.2289285 0.0000164
376.2495163 0.0000163
376.2700741 0.0000162
376.2906619 0.0000165
376.3112197 0.0000164
376.3318075 0.0000166
376.3523653 0.0000167
376.3729531 0.0000165
376.3935109 0.0000166
376.4140687 0.0000166
376.4346565 0.0000167
376.4552044 0.0000167
376.4757922 0.0000167
376.4963500 0.0000168
376.5169078 0.0000167
376.5374956 0.0000168
376.5580534 0.0000169
376.5786112 0.0000168
376.5991990 0.0000170
376.6197569 0.0000169
376.6403447 0.0000168
376.6608925 0.0000170
376.6814503 0.0000169
376.7020081 0.0000171
376.7225959 0.0000170
376.7431538 0.0000170
376.7637116 0.0000172
376.7842994 0.0000171
376.8048572 0.0000173
376.8254151 0.0000172
376.8459729 0.0000173
376.8665507 0.0000173
376.8871085 0.0000173
376.9076664 0.0000173
376.9282242 0.0000174
376.9488120 0.0000175
376.9693698 0.0000176
376.9899277 0.0000175
377.0104855 0.0000175
377.0310433 0.0000176
377.0516311 0.0000177
377.0721790 0.0000177
377.0927368 0.0000178
377.1132946 0.0000177
377.1338525 0.0000178
377.1544103 0.0000178
377.1749981 0.0000178
377.1955560 0.0000178
377.2161138 0.0000180
377.2366716 0.0000178
377.2572195 0.0000180
377.2777773 0.0000182
377.2983352 0.0000180
377.3188930 0.0000182
377.3394509 0.0000180
377.3600087 0.0000182
377.3805665 0.0000183
377.4011244 0.0000183
377.4217122 0.0000182
377.4422601 0.0000183
377.4628179 0.0000184
377.4833757 0.0000185
377.5039336 0.0000184
377.5244914 0.0000184
377.5450493 0.0000185
377.5656071 0.0000186
377.5861650 0.0000186
377.6067228 0.0000185
377.6272407 0.0000185
377.6477985 0.0000188
377.6683564 0.0000187
377.6889142 0.0000188
377.7094721 0.0000187
377.7300299 0.0000188
377.7505878 0.0000189
377.7711456 0.0000190
377.7916935 0.0000189
377.8122514 0.0000191
377.8328092 0.0000190
377.8533371 0.0000190
377.8738949 0.0000192
377.8944528 0.0000192
377.9150107 0.0000191
377.9355685 0.0000186
377.9561164 0.0000188
377.9766742 0.0000193
377.9972021 0.0000194
378.0177600 0.0000194
378.0383178 0.0000194
378.0588757 0.0000194
378.0794335 0.0000195
378.0999614 0.0000195
378.1205093 0.0000196
378.1410672 0.0000196
378.1616250 0.0000196
378.1821529 0.0000198
378.2027108 0.0000196
378.2232686 0.0000199
378.2438265 0.0000198
378.2643544 0.0000200
378.2849022 0.0000201
378.3054601 0.0000200
378.3259880 0.0000202
378.3465459 0.0000202
378.3671037 0.0000201
378.3876316 0.0000202
378.4081895 0.0000204
378.4287374 0.0000203
378.4492652 0.0000206
378.4698231 0.0000206
378.4903810 0.0000205
378.5109089 0.0000207
378.5314668 0.0000208
378.5519946 0.0000207
378.5725525 0.0000209
378.5931004 0.0000210
378.6136283 0.0000209
378.6341862 0.0000210
378.6547141 0.0000212
378.6752719 0.0000211
378.6957998 0.0000213
378.7163577 0.0000215
378.7368756 0.0000214
378.7574335 0.0000215
378.7779614 0.0000215
378.7985193 0.0000216
378.8190472 0.0000216
378.8396050 0.0000218
378.8601329 0.0000217
378.8806808 0.0000218
378.9012087 0.0000218
378.9217666 0.0000220
378.9422945 0.0000218
378.9628524 0.0000219
378.9833803 0.0000218
379.0039382 0.0000220
379.0244561 0.0000220
379.0449840 0.0000220
379.0655419 0.0000221
379.0860698 0.0000221
379.1066277 0.0000221
379.1271556 0.0000222
379.1476835 0.0000222
379.1682314 0.0000224
379.1887593 0.0000224
379.2092872 0.0000225
379.2298451 0.0000223
379.2503730 0.0000225
379.2709009 0.0000226
379.2914588 0.0000226
379.3119767 0.0000227
379.3325046 0.0000226
379.3530625 0.0000227
379.3735904 0.0000230
379.3941184 0.0000228
379.4146463 0.0000229
379.4351942 0.0000231
379.4557221 0.0000230
379.4762500 0.0000231
379.4967779 0.0000231
379.5173358 0.0000234
379.5378637 0.0000231
379.5583916 0.0000233
379.5789096 0.0000235
379.5994375 0.0000233
379.6199954 0.0000234
379.6405233 0.0000235
379.6610512 0.0000237
379.6815792 0.0000237
379.7020971 0.0000237
379.7226250 0.0000237
379.7431529 0.0000238
379.7637108 0.0000239
379.7842388 0.0000240
379.8047667 0.0000240
379.8252846 0.0000241
379.8458125 0.0000242
379.8663405 0.0000244
379.8868684 0.0000244
379.9073963 0.0000243
379.9279242 0.0000244
379.9484422 0.0000246
379.9689701 0.0000247
379.9894980 0.0000248
380.0100260 0.0000249
380.0305839 0.0000250
380.0511118 0.0000249
380.0716297 0.0000251
380.0921577 0.0000252
380.1126856 0.0000254
380.1331836 0.0000254
380.1537115 0.0000254
380.1742394 0.0000257
380.1947574 0.0000257
380.2152853 0.0000259
380.2358132 0.0000261
380.2563412 0.0000262
380.2768691 0.0000260
380.2973970 0.0000264
380.3179150 0.0000265
380.3384429 0.0000266
380.3589709 0.0000266
380.3794988 0.0000269
380.3999968 0.0000270
380.4205247 0.0000269
380.4410427 0.0000270
380.4615706 0.0000274
380.4820985 0.0000276
380.5026265 0.0000276
380.5231544 0.0000277
380.5436424 0.0000279
380.5641703 0.0000281
380.5846983 0.0000280
380.6052262 0.0000281
380.6257542 0.0000284
380.6462521 0.0000286
380.6667701 0.0000287
380.6872980 0.0000287
380.7078260 0.0000288
380.7283239 0.0000290
380.7488519 0.0000292
380.7693798 0.0000292
380.7898978 0.0000295
380.8103958 0.0000298
380.8309237 0.0000299
380.8514517 0.0000298
380.8719496 0.0000302
380.8924676 0.0000305
380.9129956 0.0000306
380.9334935 0.0000306
380.9540215 0.0000308
380.9745494 0.0000310
380.9950474 0.0000311
381.0155654 0.0000311
381.0360933 0.0000315
381.0565913 0.0000317
381.0771193 0.0000318
381.0976172 0.0000318
381.1181352 0.0000321
381.1386632 0.0000325
381.1591611 0.0000324
381.1796891 0.0000324
381.2001871 0.0000329
381.2207051 0.0000330
381.2412030 0.0000331
381.2617310 0.0000330
381.2822290 0.0000335
381.3027569 0.0000339
381.3232449 0.0000338
381.3437729 0.0000339
381.3642709 0.0000345
381.3847988 0.0000347
381.4052968 0.0000352
381.4258248 0.0000355
381.4463128 0.0000362
381.4668408 0.0000370
381.4873387 0.0000373
381.5078667 0.0000374
381.5283647 0.0000374
381.5488527 0.0000375
381.5693807 0.0000372
381.5898787 0.0000369
381.6104066 0.0000365
381.6309046 0.0000365
381.6513926 0.0000365
381.6719206 0.0000367
381.6924186 0.0000365
381.7129166 0.0000365
381.7334445 0.0000368
381.7539325 0.0000371
381.7744305 0.0000373
381.7949585 0.0000373
381.8154565 0.0000374
381.8359545 0.0000376
381.8564725 0.0000380
381.8769705 0.0000380
381.8974685 0.0000380
381.9179965 0.0000380
381.9384945 0.0000384
381.9589825 0.0000386
381.9794805 0.0000388
382.0000085 0.0000388
382.0205065 0.0000388
382.0409945 0.0000389
382.0614925 0.0000393
382.0819905 0.0000394
382.1025184 0.0000393
382.1230165 0.0000397
382.1435045 0.0000400
382.1640025 0.0000405
382.1845005 0.0000407
382.2049985 0.0000407
382.2255265 0.0000408
382.2460145 0.0000413
382.2665125 0.0000421
382.2870105 0.0000425
382.3075085 0.0000425
382.3280065 0.0000432
382.3484945 0.0000439
382.3689925 0.0000452
382.3894905 0.0000462
382.4100185 0.0000474
382.4305066 0.0000492
382.4510046 0.0000516
382.4715026 0.0000549
382.4920006 0.0000585
382.5124986 0.0000629
382.5329866 0.0000671
382.5534846 0.0000713
382.5739827 0.0000747
382.5944807 0.0000768
382.6149787 0.0000776
382.6354667 0.0000772
382.6559647 0.0000754
382.6764627 0.0000735
382.6969608 0.0000707
382.7174488 0.0000685
382.7379468 0.0000665
382.7584149 0.0000645
382.7789129 0.0000633
382.7994009 0.0000624
382.8198989 0.0000619
382.8403969 0.0000616
382.8608950 0.0000616
382.8813930 0.0000617
382.9018810 0.0000619
382.9223790 0.0000623
382.9428471 0.0000629
382.9633451 0.0000636
382.9838331 0.0000646
383.0043312 0.0000655
383.0248292 0.0000668
383.0453272 0.0000680
383.0657953 0.0000695
383.0862833 0.0000715
383.1067813 0.0000732
383.1272794 0.0000751
383.1477774 0.0000775
383.1682355 0.0000800
383.1887335 0.0000826
383.2092315 0.0000856
383.2297296 0.0000888
383.2501876 0.0000917
383.2706856 0.0000951
383.2911837 0.0000984
383.3116517 0.0001015
383.3321498 0.0001050
383.3526378 0.0001078
383.3731059 0.0001106
383.3936039 0.0001132
383.4141019 0.0001155
383.4345600 0.0001169
383.4550580 0.0001181
383.4755561 0.0001192
383.4960241 0.0001205
383.5165122 0.0001216
383.5370102 0.0001220
383.5574783 0.0001216
383.5779763 0.0001213
383.5984344 0.0001210
383.6189324 0.0001208
383.6394305 0.0001211
383.6598985 0.0001204
383.6803966 0.0001205
383.7008546 0.0001201
383.7213527 0.0001204
383.7418208 0.0001204
383.7623188 0.0001206
383.7827769 0.0001214
383.8032749 0.0001215
383.8237430 0.0001218
383.8442410 0.0001223
383.8646991 0.0001231
383.8851972 0.0001241
383.9056652 0.0001252
383.9261633 0.0001268
383.9466214 0.0001274
383.9671194 0.0001285
383.9875875 0.0001301
384.0080556 0.0001322
384.0285436 0.0001339
384.0490117 0.0001364
384.0695097 0.0001386
384.0899778 0.0001408
384.1104359 0.0001427
384.1309339 0.0001455
384.1514020 0.0001485
384.1718701 0.0001522
384.1923582 0.0001561
384.2128262 0.0001596
384.2332943 0.0001634
384.2537924 0.0001673
384.2742505 0.0001710
384.2947185 0.0001758
384.3152166 0.0001811
384.3356847 0.0001867
384.3561428 0.0001918
384.3766408 0.0001974
384.3971089 0.0002029
384.4175770 0.0002072
384.4380351 0.0002126
384.4585331 0.0002174
384.4790012 0.0002228
384.4994593 0.0002279
384.5199274 0.0002332
384.5403955 0.0002378
384.5608936 0.0002416
384.5813517 0.0002446
384.6018197 0.0002473
384.6222878 0.0002491
384.6427559 0.0002509
384.6632140 0.0002528
384.6837121 0.0002544
384.7041802 0.0002563
384.7246483 0.0002570
384.7451064 0.0002576
384.7655744 0.0002576
384.7860425 0.0002585
384.8065106 0.0002592
384.8269687 0.0002595
384.8474368 0.0002612
384.8679049 0.0002627
384.8883930 0.0002636
384.9088611 0.0002654
384.9293292 0.0002664
384.9497973 0.0002688
384.9702554 0.0002713
384.9907235 0.0002734
385.0111916 0.0002776
385.0316597 0.0002820
385.0521178 0.0002868
385.0725859 0.0002920
385.0930540 0.0002971
385.1135221 0.0003039
385.1339802 0.0003107
385.1544183 0.0003184
385.1748864 0.0003288
385.1953445 0.0003377
385.2158126 0.0003515
385.2362807 0.0003664
385.2567488 0.0003836
385.2772069 0.0003891
385.2976750 0.0003920
385.3181432 0.0003944
385.3386013 0.0003958
385.3590694 0.0003970
385.3795075 0.0003977
385.3999756 0.0003991
385.4204337 0.0004001
385.4409018 0.0004016
385.4613699 0.0004025
385.4818380 0.0004026
385.5022662 0.0004036
385.5227343 0.0004031
385.5432024 0.0004033
385.5636605 0.0004052
385.5840987 0.0004056
385.6045668 0.0004047
385.6250349 0.0004053
385.6454930 0.0004050
385.6659311 0.0004053
385.6863992 0.0004051
385.7068574 0.0004061
385.7273255 0.0004055
385.7477636 0.0004058
385.7682317 0.0004064
385.7886899 0.0004055
385.8091280 0.0004059
385.8295961 0.0004062
385.8500542 0.0004059
385.8704924 0.0004060
385.8909605 0.0004064
385.9114286 0.0004066
385.9318568 0.0004065
385.9523249 0.0004069
385.9727630 0.0004069
385.9932212 0.0004073
386.0136893 0.0004064
386.0341274 0.0004060
386.0545956 0.0004065
386.0750237 0.0004059
386.0954918 0.0004064
386.1159300 0.0004066
386.1363881 0.0004067
386.1568562 0.0004067
386.1772944 0.0004075
386.1977525 0.0004077
386.2181907 0.0004074
386.2386588 0.0004075
386.2590969 0.0004068
386.2795551 0.0004066
386.2999932 0.0004066
386.3204314 0.0004064
386.3408895 0.0004071
386.3613277 0.0004073
386.3817958 0.0004075
386.4022240 0.0004078
386.4226921 0.0004078
386.4431302 0.0004077
386.4635684 0.0004077
386.4840265 0.0004080
386.5044647 0.0004082
386.5249328 0.0004079
386.5453610 0.0004072
386.5657992 0.0004067
386.5862673 0.0004057
386.6066955 0.0004060
386.6271336 0.0004062
386.6476018 0.0004061
386.6680399 0.0004053
386.6884681 0.0004049
386.7089362 0.0004051
386.7293744 0.0004053
386.7498026 0.0004050
386.7702407 0.0004051
386.7907089 0.0004054
386.8111370 0.0004055
386.8315752 0.0004059
386.8520134 0.0004041
386.8724715 0.0004043
386.8929097 0.0004039
386.9133478 0.0004033
386.9337760 0.0004033
386.9542442 0.0004029
386.9746823 0.0004031
386.9951205 0.0004022
387.0155487 0.0004022
387.0359868 0.0004027
387.0564250 0.0004026
387.0768832 0.0004022
387.0973213 0.0004032
387.1177595 0.0004033
387.1381877 0.0004029
387.1586259 0.0004021
387.1790640 0.0004018
387.1994922 0.0004018
387.2199304 0.0004016
387.2403686 0.0004013
387.2607967 0.0004010
387.2812649 0.0004018
387.3017031 0.0004019
387.3221412 0.0004000
387.3425694 0.0004001
387.3630076 0.0004002
387.3834458 0.0004003
387.4038740 0.0004003
387.4243121 0.0003995
387.4447503 0.0003997
387.4651785 0.0004003
387.4856167 0.0003985
387.5060549 0.0003983
387.5264831 0.0003981
387.5469212 0.0003988
387.5673294 0.0003987
387.5877576 0.0003984
387.6081958 0.0003981
387.6286340 0.0003978
387.6490622 0.0003974
387.6695004 0.0003958
387.6899386 0.0003961
387.7103668 0.0003955
387.7308049 0.0003959
387.7512132 0.0003959
387.7716413 0.0003959
387.7920795 0.0003956
387.8125177 0.0003945
387.8329459 0.0003935
387.8533841 0.0003936
387.8737923 0.0003938
387.8942205 0.0003933
387.9146587 0.0003928
387.9350969 0.0003931
387.9555251 0.0003932
387.9759333 0.0003917
387.9963715 0.0003914
388.0167997 0.0003925
388.0372379 0.0003931
388.0576461 0.0003926
388.0780743 0.0003927
388.0985125 0.0003926
388.1189207 0.0003928
388.1393489 0.0003910
388.1597871 0.0003899
388.1802253 0.0003896
388.2006236 0.0003899
388.2210618 0.0003890
388.2415000 0.0003897
388.2618982 0.0003887
388.2823364 0.0003887
388.3027446 0.0003877
388.3231728 0.0003873
388.3436110 0.0003873
388.3640192 0.0003877
388.3844474 0.0003877
388.4048557 0.0003877
388.4252939 0.0003877
388.4457221 0.0003889
388.4661303 0.0003889
388.4865685 0.0003890
388.5069667 0.0003905
388.5274050 0.0003889
388.5478032 0.0003882
388.5682414 0.0003884
388.5886496 0.0003875
388.6090778 0.0003870
388.6294861 0.0003869
388.6499243 0.0003865
388.6703225 0.0003866
388.6907607 0.0003867
388.7111690 0.0003861
388.7315972 0.0003864
388.7520054 0.0003865
388.7724136 0.0003860
388.7928419 0.0003857
388.8132501 0.0003854
388.8336883 0.0003858
388.8540865 0.0003863
388.8744948 0.0003856
388.8949330 0.0003853
388.9153312 0.0003857
388.9357395 0.0003857
388.9561677 0.0003848
388.9765759 0.0003851
388.9969842 0.0003846
389.0174124 0.0003848
389.0378206 0.0003841
389.0582289 0.0003840
389.0786571 0.0003843
389.0990654 0.0003834
389.1194736 0.0003841
389.1399018 0.0003835
389.1603101 0.0003828
389.1807083 0.0003826
389.2011166 0.0003822
389.2215548 0.0003813
389.2419530 0.0003818
389.2623613 0.0003811
389.2827695 0.0003805
389.3031678 0.0003798
389.3236060 0.0003801
389.3440143 0.0003804
389.3644125 0.0003797
389.3848208 0.0003796
389.4052190 0.0003803
389.4256273 0.0003794
389.4460355 0.0003793
389.4664638 0.0003786
389.4868720 0.0003784
389.5072803 0.0003788
389.5276785 0.0003779
389.5480868 0.0003777
389.5684950 0.0003776
389.5888933 0.0003772
389.6093015 0.0003773
389.6296998 0.0003768
389.6501081 0.0003768
389.6705163 0.0003769
389.6909146 0.0003765
389.7113228 0.0003766
389.7317311 0.0003770
389.7521293 0.0003763
389.7725376 0.0003757
389.7929359 0.0003752
389.8133441 0.0003750
389.8337524 0.0003749
389.8541507 0.0003744
389.8745589 0.0003750
389.8949672 0.0003755
389.9153654 0.0003751
389.9357737 0.0003750
389.9561720 0.0003745
389.9765802 0.0003748
389.9969885 0.0003745
390.0173868 0.0003738
390.0377950 0.0003737
390.0581633 0.0003741
390.0785716 0.0003743
390.0989799 0.0003740
390.1193781 0.0003733
390.1397864 0.0003738
390.1601947 0.0003737
390.1805630 0.0003728
390.2009712 0.0003728
390.2213695 0.0003728
390.2417778 0.0003727
390.2621861 0.0003717
390.2825544 0.0003720
390.3029626 0.0003720
390.3233709 0.0003717
390.3437692 0.0003723
390.3641475 0.0003713
390.3845458 0.0003712
390.4049540 0.0003712
390.4253623 0.0003703
390.4457306 0.0003702
390.4661389 0.0003697
390.4865372 0.0003695
390.5069155 0.0003696
390.5273237 0.0003694
390.5477220 0.0003697
390.5681003 0.0003695
390.5884986 0.0003686
390.6089069 0.0003682
390.6292852 0.0003685
390.6496835 0.0003686
390.6700618 0.0003685
390.6904601 0.0003678
390.7108683 0.0003676
390.7312466 0.0003667
390.7516449 0.0003667
390.7720232 0.0003671
390.7924315 0.0003667
390.8127998 0.0003669
390.8332081 0.0003663
390.8536064 0.0003658
390.8739847 0.0003657
390.8943930 0.0003651
390.9147613 0.0003650
390.9351696 0.0003651
390.9555379 0.0003650
390.9759162 0.0003649
390.9963245 0.0003646
391.0166928 0.0003639
391.0371011 0.0003644
391.0574694 0.0003636
391.0778777 0.0003636
391.0982461 0.0003630
391.1186543 0.0003629
391.1390327 0.0003626
391.1594010 0.0003611
391.1798093 0.0003607
391.2001776 0.0003610
391.2205559 0.0003607
391.2409642 0.0003597
391.2613325 0.0003592
391.2817108 0.0003593
391.3021091 0.0003588
391.3224875 0.0003573
391.3428658 0.0003563
391.3632641 0.0003559
391.3836424 0.0003549
391.4040107 0.0003533
391.4244190 0.0003520
391.4447974 0.0003490
391.4651657 0.0003457
391.4855440 0.0003350
391.5059423 0.0002762
391.5263206 0.0002453
391.5466890 0.0002336
391.5670673 0.0002288
391.5874456 0.0002241
391.6078439 0.0002187
391.6282222 0.0002141
391.6485906 0.0002083
391.6689689 0.0002040
391.6893472 0.0002002
391.7097455 0.0001968
391.7301239 0.0001931
391.7504922 0.0001889
391.7708705 0.0001847
391.7912389 0.0001811
391.8116172 0.0001772
391.8319955 0.0001735
391.8523639 0.0001703
391.8727422 0.0001673
391.8931105 0.0001642
391.9135188 0.0001606
391.9338972 0.0001573
391.9542655 0.0001541
391.9746439 0.0001509
391.9950122 0.0001484
392.0153905 0.0001453
392.0357589 0.0001426
392.0561372 0.0001399
392.0765155 0.0001371
392.0968839 0.0001344
392.1172622 0.0001320
392.1376306 0.0001297
392.1580089 0.0001269
392.1783773 0.0001248
392.1987256 0.0001227
392.2191040 0.0001204
392.2394723 0.0001183
392.2598506 0.0001160
392.2802190 0.0001144
392.3005973 0.0001125
392.3209657 0.0001104
392.3413440 0.0001083
392.3617224 0.0001066
392.3820607 0.0001044
392.4024391 0.0001029
392.4228074 0.0001013
392.4431858 0.0001000
392.4635541 0.0000987
392.4839325 0.0000970
392.5042709 0.0000956
392.5246492 0.0000941
392.5450275 0.0000928
392.5653959 0.0000917
392.5857743 0.0000905
392.6061126 0.0000895
392.6264910 0.0000885
392.6468593 0.0000872
392.6672077 0.0000862
392.6875861 0.0000853
392.7079544 0.0000843
392.7283328 0.0000831
392.7486712 0.0000825
392.7690495 0.0000815
392.7894179 0.0000807
392.8097662 0.0000798
392.8301346 0.0000789
392.8505130 0.0000786
392.8708613 0.0000779
392.8912297 0.0000774
392.9116081 0.0000765
392.9319464 0.0000761
392.9523248 0.0000754
392.9726632 0.0000750
392.9930415 0.0000746
393.0133799 0.0000740
393.0337583 0.0000736
393.0541367 0.0000726
393.0744750 0.0000724
393.0948534 0.0000717
393.1151918 0.0000719
393.1355702 0.0000715
393.1559085 0.0000713
393.1762869 0.0000704
393.1966253 0.0000702
393.2170037 0.0000701
393.2373421 0.0000699
393.2577204 0.0000696
393.2780688 0.0000694
393.2984372 0.0000693
393.3187856 0.0000692
393.3391240 0.0000689
393.3595023 0.0000689
393.3798407 0.0000684
393.4002191 0.0000683
393.4205575 0.0000682
393.4409059 0.0000680
393.4612743 0.0000680
393.4816227 0.0000680
393.5020010 0.0000679
393.5223394 0.0000677
393.5426878 0.0000675
393.5630562 0.0000673
393.5834046 0.0000672
393.6037430 0.0000670
393.6241214 0.0000668
393.6444598 0.0000665
393.6648082 0.0000665
393.6851466 0.0000663
393.7055250 0.0000659
393.7258634 0.0000657
393.7462118 0.0000657
393.7665602 0.0000654
393.7869285 0.0000650
393.8072769 0.0000648
393.8276153 0.0000644
393.8479637 0.0000640
393.8683022 0.0000635
393.8886805 0.0000628
393.9090189 0.0000621
393.9293673 0.0000616
393.9497058 0.0000608
393.9700542 0.0000605
393.9903926 0.0000596
394.0107710 0.0000592
394.0311094 0.0000587
394.0514578 0.0000579
394.0718062 0.0000571
394.0921446 0.0000564
394.1124930 0.0000559
394.1328314 0.0000551
394.1531798 0.0000545
394.1735182 0.0000538
394.1938667 0.0000532
394.2142051 0.0000526
394.2345535 0.0000517
394.2548919 0.0000509
394.2752403 0.0000503
394.2955787 0.0000495
394.3159271 0.0000490
394.3362656 0.0000483
394.3566140 0.0000476
394.3769524 0.0000470
394.3973008 0.0000462
394.4176392 0.0000457
394.4379876 0.0000450
394.4583261 0.0000444
394.4786745 0.0000437
394.4990129 0.0000433
394.5193613 0.0000428
394.5397097 0.0000421
394.5600482 0.0000418
394.5803666 0.0000413
394.6007050 0.0000407
394.6210535 0.0000403
394.6413919 0.0000399
394.6617403 0.0000393
394.6820787 0.0000388
394.7024272 0.0000383
394.7227356 0.0000380
394.7430840 0.0000376
394.7634225 0.0000372
394.7837709 0.0000367
394.8040793 0.0000362
394.8244278 0.0000359
394.8447662 0.0000358
394.8651146 0.0000353
394.8854231 0.0000350
394.9057715 0.0000347
394.9261099 0.0000345
394.9464584 0.0000340
394.9667668 0.0000339
394.9871152 0.0000336
395.0074537 0.0000335
395.0277721 0.0000331
395.0481106 0.0000329
395.0684590 0.0000327
395.0887675 0.0000325
395.1091159 0.0000325
395.1294543 0.0000319
395.1497728 0.0000318
395.1701112 0.0000317
395.1904297 0.0000316
395.2107681 0.0000312
395.2311166 0.0000310
395.2514250 0.0000309
395.2717735 0.0000309
395.2920819 0.0000306
395.3124304 0.0000305
395.3327388 0.0000305
395.3530873 0.0000305
395.3733957 0.0000300
395.3937442 0.0000301
395.4140526 0.0000300
395.4344011 0.0000300
395.4547095 0.0000299
395.4750580 0.0000297
395.4953665 0.0000296
395.5157149 0.0000295
395.5360234 0.0000294
395.5563718 0.0000291
395.5766803 0.0000293
395.5969987 0.0000292
395.6173372 0.0000291
395.6376557 0.0000291
395.6579941 0.0000290
395.6783126 0.0000289
395.6986211 0.0000286
395.7189695 0.0000288
395.7392780 0.0000284
395.7595964 0.0000284
395.7799349 0.0000283
395.8002534 0.0000284
395.8205618 0.0000281
395.8409103 0.0000279
395.8612188 0.0000279
395.8815373 0.0000277
395.9018757 0.0000276
395.9221942 0.0000275
395.9425027 0.0000274
395.9628111 0.0000274
395.9831596 0.0000271
396.0034681 0.0000269
396.0237866 0.0000269
396.0440950 0.0000267
396.0644135 0.0000266
396.0847520 0.0000266
396.1050705 0.0000265
396.1253789 0.0000263
396.1456974 0.0000263
396.1660059 0.0000263
396.1863244 0.0000262
396.2066628 0.0000259
396.2269813 0.0000259
396.2472898 0.0000257
396.2676083 0.0000256
396.2879168 0.0000255
396.3082353 0.0000255
396.3285438 0.0000254
396.3488622 0.0000251
396.3691707 0.0000251
396.3894892 0.0000252
396.4097977 0.0000249
396.4301062 0.0000248
396.4504247 0.0000246
396.4707332 0.0000246
396.4910517 0.0000245
396.5113602 0.0000243
396.5316786 0.0000243
396.5519871 0.0000242
396.5723056 0.0000241
396.5926141 0.0000239
396.6129326 0.0000237
396.6332411 0.0000236
396.6535596 0.0000235
396.6738681 0.0000232
396.6941866 0.0000231
396.7144951 0.0000229
396.7348136 0.0000228
396.7551221 0.0000224
396.7754306 0.0000224
396.7957191 0.0000222
396.8160276 0.0000221
396.8363461 0.0000220
396.8566546 0.0000217
396.8769731 0.0000213
396.8972816 0.0000213
396.9175701 0.0000211
396.9378786 0.0000209
396.9581971 0.0000208
396.9785056 0.0000207
396.9988241 0.0000205
397.0191027 0.0000203
397.0394112 0.0000201
397.0597297 0.0000200
397.0800382 0.0000199
397.1003267 0.0000197
397.1206352 0.0000194
397.1409537 0.0000194
397.1612322 0.0000193
397.1815507 0.0000192
397.2018593 0.0000191
397.2221478 0.0000190
397.2424563 0.0000189
397.2627648 0.0000188
397.2830533 0.0000187
397.3033618 0.0000187
397.3236804 0.0000186
397.3439589 0.0000185
397.3642774 0.0000185
397.3845859 0.0000184
397.4048744 0.0000182
397.4251830 0.0000182
397.4454615 0.0000181
397.4657800 0.0000181
397.4860585 0.0000180
397.5063771 0.0000180
397.5266556 0.0000181
397.5469741 0.0000180
397.5672527 0.0000180
397.5875712 0.0000179
397.6078497 0.0000181
397.6281682 0.0000179
397.6484468 0.0000181
397.6687553 0.0000180
397.6890438 0.0000180
397.7093524 0.0000181
397.7296409 0.0000181
397.7499494 0.0000181
397.7702380 0.0000182
397.7905165 0.0000183
397.8108250 0.0000182
397.8311136 0.0000183
397.8514221 0.0000184
397.8717106 0.0000183
397.8919892 0.0000183
397.9123077 0.0000185
397.9325863 0.0000185
397.9528748 0.0000185
397.9731833 0.0000186
397.9934619 0.0000185
398.0137504 0.0000186
398.0340590 0.0000187
398.0543475 0.0000186
398.0746261 0.0000186
398.0949146 0.0000187
398.1152231 0.0000187
398.1355017 0.0000187
398.1557902 0.0000187
398.1760688 0.0000186
398.1963873 0.0000186
398.2166659 0.0000185
398.2369544 0.0000184
398.2572330 0.0000184
398.2775115 0.0000183
398.2978301 0.0000182
398.3181086 0.0000182
398.3383972 0.0000180
398.3586758 0.0000180
398.3789643 0.0000180
398.3992429 0.0000179
398.4195214 0.0000177
398.4398400 0.0000177
398.4601185 0.0000175
398.4804071 0.0000175
398.5006856 0.0000173
398.5209742 0.0000174
398.5412528 0.0000172
398.5615313 0.0000171
398.5818199 0.0000170
398.6020985 0.0000169
398.6223870 0.0000168
398.6426656 0.0000168
398.6629541 0.0000167
398.6832327 0.0000166
398.7035113 0.0000165
398.7237998 0.0000163
398.7440784 0.0000162
398.7643670 0.0000161
398.7846456 0.0000160
398.8049241 0.0000159
398.8252127 0.0000158
398.8454913 0.0000157
398.8657798 0.0000156
398.8860284 0.0000155
398.9063070 0.0000153
398.9265956 0.0000152
398.9468741 0.0000152
398.9671627 0.0000151
398.9874413 0.0000149
399.0077299 0.0000150
399.0279784 0.0000146
399.0482570 0.0000146
399.0685456 0.0000146
399.0888242 0.0000144
399.1091127 0.0000144
399.1293913 0.0000142
399.1496399 0.0000142
399.1699285 0.0000140
399.1902071 0.0000139
399.2104957 0.0000139
399.2307443 0.0000138
399.2510228 0.0000137
399.2713114 0.0000137
399.2915600 0.0000135
399.3118486 0.0000135
399.3321272 0.0000135
399.3524058 0.0000134
399.3726644 0.0000133
399.3929429 0.0000132
399.4132015 0.0000131
399.4334801 0.0000132
399.4537587 0.0000131
399.4740173 0.0000130
399.4942959 0.0000129
399.5145845 0.0000129
399.5348331 0.0000129
399.5551117 0.0000128
399.5753703 0.0000129
399.5956489 0.0000128
399.6159075 0.0000127
399.6361861 0.0000127
399.6564647 0.0000127
399.6767233 0.0000125
399.6970019 0.0000126
399.7172605 0.0000125
399.7375391 0.0000125
399.7577877 0.0000125
399.7780763 0.0000125
399.7983249 0.0000124
399.8186135 0.0000124
399.8388621 0.0000124
399.8591107 0.0000123
399.8793993 0.0000123
399.8996479 0.0000122
399.9199365 0.0000123
399.9401851 0.0000123
399.9604338 0.0000123
399.9807224 0.0000122
400.0009710 0.0000123
400.0212496 0.0000122
400.0415082 0.0000122
400.0617568 0.0000122
400.0820454 0.0000122
400.1022940 0.0000122
400.1225427 0.0000122
400.1428313 0.0000122
400.1630799 0.0000122
400.1833385 0.0000123
400.2035871 0.0000122
400.2238657 0.0000121
400.2441244 0.0000122
400.2643730 0.0000121
400.2846216 0.0000121
400.3049102 0.0000121
400.3251588 0.0000121
400.3454175 0.0000121
400.3656661 0.0000120
400.3859447 0.0000120
400.4062033 0.0000120
400.4264520 0.0000119
400.4467006 0.0000120
400.4669592 0.0000118
400.4872078 0.0000119
400.5074665 0.0000118
400.5277451 0.0000118
400.5479937 0.0000118
400.5682524 0.0000117
400.5885010 0.0000117
400.6087496 0.0000116
400.6290083 0.0000116
400.6492569 0.0000116
400.6695155 0.0000116
400.6897642 0.0000115
400.7100128 0.0000115
400.7302714 0.0000115
400.7505201 0.0000114
400.7707687 0.0000114
400.7910273 0.0000113
400.8112760 0.0000114
400.8315246 0.0000114
400.8517833 0.0000113
400.8720319 0.0000113
400.8922905 0.0000113
400.9125392 0.0000112
400.9327878 0.0000112
400.9530465 0.0000112
400.9732951 0.0000111
400.9935438 0.0000111
401.0138024 0.0000111
401.0340510 0.0000110
401.0543097 0.0000111
401.0745283 0.0000110
401.0947770 0.0000110
401.1150356 0.0000110
401.1352843 0.0000110
401.1555329 0.0000110
401.1757916 0.0000110
401.1960103 0.0000109
401.2162589 0.0000108
401.2365175 0.0000109
401.2567662 0.0000109
401.2770149 0.0000109
401.2972435 0.0000108
401.3174922 0.0000107
401.3377508 0.0000108
401.3579995 0.0000108
401.3782181 0.0000107
401.3984768 0.0000107
401.4187255 0.0000106
401.4389441 0.0000107
401.4592028 0.0000106
401.4794514 0.0000105
401.4996701 0.0000106
401.5199288 0.0000106
401.5401774 0.0000105
401.5603961 0.0000105
401.5806548 0.0000104
401.6009034 0.0000104
401.6211221 0.0000104
401.6413808 0.0000103
401.6615994 0.0000104
401.6818481 0.0000102
401.7020768 0.0000103
401.7223254 0.0000102
401.7425741 0.0000102
401.7628028 0.0000101
401.7830514 0.0000101
401.8032701 0.0000100
401.8235288 0.0000100
401.8437475 0.0000100
401.8640061 0.0000099
401.8842248 0.0000099
401.9044735 0.0000098
401.9247022 0.0000098
401.9449209 0.0000097
401.9651695 0.0000097
401.9853982 0.0000096
402.0056469 0.0000096
402.0258656 0.0000095
402.0461242 0.0000095
402.0663429 0.0000095
402.0865616 0.0000095
402.1068203 0.0000094
402.1270390 0.0000094
402.1472577 0.0000093
402.1675164 0.0000092
402.1877350 0.0000092
402.2079537 0.0000092
402.2282124 0.0000091
402.2484311 0.0000091
402.2686498 0.0000090
402.2889085 0.0000090
402.3091272 0.0000090
402.3293459 0.0000090
402.3495746 0.0000090
402.3698232 0.0000090
402.3900419 0.0000088
402.4102706 0.0000089
402.4304893 0.0000088
402.4507380 0.0000088
402.4709667 0.0000089
402.4911854 0.0000089
402.5114041 0.0000088
402.5316228 0.0000087
402.5518515 0.0000088
402.5721002 0.0000087
402.5923189 0.0000088
402.6125476 0.0000087
402.6327663 0.0000087
402.6529850 0.0000087
402.6732137 0.0000087
402.6934324 0.0000086
402.7136511 0.0000086
402.7338798 0.0000086
402.7541285 0.0000086
402.7743472 0.0000086
402.7945759 0.0000086
402.8147947 0.0000085
402.8350134 0.0000086
402.8552421 0.0000084
402.8754608 0.0000085
402.8956795 0.0000085
402.9159082 0.0000085
402.9361269 0.0000084
402.9563456 0.0000085
402.9765743 0.0000085
402.9967930 0.0000084
403.0169818 0.0000084
403.0372005 0.0000083
403.0574292 0.0000084
403.0776479 0.0000083
403.0978666 0.0000083
403.1180954 0.0000084
403.1383141 0.0000084
403.1585328 0.0000083
403.1787615 0.0000083
403.1989502 0.0000083
403.2191690 0.0000082
403.2393977 0.0000082
403.2596164 0.0000082
403.2798351 0.0000082
403.3000239 0.0000081
403.3202526 0.0000081
403.3404713 0.0000081
403.3606900 0.0000081
403.3809187 0.0000080
403.4011075 0.0000080
403.4213262 0.0000080
403.4415549 0.0000079
403.4617737 0.0000079
403.4819624 0.0000079
403.5021811 0.0000078
403.5224099 0.0000079
403.5425986 0.0000079
403.5628173 0.0000078
403.5830461 0.0000078
403.6032348 0.0000077
403.6234535 0.0000078
403.6436823 0.0000077
403.6638710 0.0000077
403.6840897 0.0000076
403.7042785 0.0000076
403.7245072 0.0000076
403.7447260 0.0000076
403.7649147 0.0000076
403.7851434 0.0000076
403.8053322 0.0000076
403.8255509 0.0000075
403.8457397 0.0000075
403.8659684 0.0000075
403.8861572 0.0000075
403.9063759 0.0000075
403.9265747 0.0000075
403.9467934 0.0000075
403.9669822 0.0000076
403.9872109 0.0000075
404.0073996 0.0000075
404.0276184 0.0000076
404.0478071 0.0000075
404.0680359 0.0000075
404.0882246 0.0000075
404.1084134 0.0000075
404.1286421 0.0000075
404.1488309 0.0000075
404.1690197 0.0000075
404.1892384 0.0000075
404.2094372 0.0000075
404.2296559 0.0000074
404.2498447 0.0000074
404.2700335 0.0000074
404.2902622 0.0000074
404.3104510 0.0000074
404.3306397 0.0000074
404.3508385 0.0000073
404.3710572 0.0000073
404.3912460 0.0000073
404.4114348 0.0000073
404.4316335 0.0000073
404.4518523 0.0000072
404.4720411 0.0000072
404.4922398 0.0000073
404.5124286 0.0000072
404.5326474 0.0000072
404.5528361 0.0000072
404.5730349 0.0000072
404.5932237 0.0000072
404.6134124 0.0000072
404.6336012 0.0000071
404.6538300 0.0000071
404.6740187 0.0000071
404.6942075 0.0000071
404.7144063 0.0000071
404.7345951 0.0000071
404.7547838 0.0000071
404.7749726 0.0000071
404.7951714 0.0000070
404.8153602 0.0000070
404.8355490 0.0000071
404.8557377 0.0000070
404.8759365 0.0000071
404.8961253 0.0000070
404.9163141 0.0000071
404.9365029 0.0000071
404.9567016 0.0000071
404.9768904 0.0000070
404.9970792 0.0000071
405.0172680 0.0000071
405.0374668 0.0000071
405.0576555 0.0000071
405.0778443 0.0000071
405.0980431 0.0000071
405.1182319 0.0000072
405.1384207 0.0000071
405.1586095 0.0000071
405.1788083 0.0000071
405.1989671 0.0000071
405.2191559 0.0000071
405.2393446 0.0000071
405.2595434 0.0000071
405.2797322 0.0000071
405.2999210 0.0000071
405.3200798 0.0000071
405.3402786 0.0000071
405.3604674 0.0000071
405.3806562 0.0000071
405.4008450 0.0000071
405.4210138 0.0000071
405.4412026 0.0000070
405.4613914 0.0000072
405.4815802 0.0000071
405.5017490 0.0000071
405.5219378 0.0000070
405.5421266 0.0000070
405.5622854 0.0000070
405.5824842 0.0000070
405.6026730 0.0000069
405.6228318 0.0000068
405.6430206 0.0000068
405.6632194 0.0000068
405.6833782 0.0000067
405.7035670 0.0000067
405.7237558 0.0000067
405.7439247 0.0000066
405.7641135 0.0000066
405.7842723 0.0000065
405.8044611 0.0000064
405.8246299 0.0000064
405.8448187 0.0000063
405.8650075 0.0000062
405.8851663 0.0000062
405.9053651 0.0000062
405.9255240 0.0000061
405.9457128 0.0000060
405.9658716 0.0000059
405.9860604 0.0000059
406.0062292 0.0000058
406.0264180 0.0000058
406.0465769 0.0000058
406.0667357 0.0000057
406.0869345 0.0000057
406.1070933 0.0000056
406.1272821 0.0000056
406.1474410 0.0000056
406.1676098 0.0000056
406.1877986 0.0000055
406.2079575 0.0000055
406.2281463 0.0000055
406.2483051 0.0000054
406.2684739 0.0000054
406.2886627 0.0000053
406.3088216 0.0000053
406.3289804 0.0000053
406.3491792 0.0000053
406.3693381 0.0000052
406.3894969 0.0000053
406.4096557 0.0000053
406.4298546 0.0000051
406.4500134 0.0000051
406.4701722 0.0000051
406.4903311 0.0000051
406.5105199 0.0000051
406.5306887 0.0000051
406.5508476 0.0000050
406.5710064 0.0000050
406.5911653 0.0000050
406.6113641 0.0000050
406.6315229 0.0000050
406.6516818 0.0000050
406.6718406 0.0000050
406.6919995 0.0000049
406.7121683 0.0000047
406.7323271 0.0000049
406.7524860 0.0000049
406.7726748 0.0000049
406.7928437 0.0000049
406.8130025 0.0000048
406.8331614 0.0000048
406.8533202 0.0000048
406.8734791 0.0000048
406.8936479 0.0000048
406.9138068 0.0000047
406.9339656 0.0000048
406.9541245 0.0000047
406.9742833 0.0000047
406.9944522 0.0000047
407.0146110 0.0000047
407.0347699 0.0000047
407.0549287 0.0000047
407.0750876 0.0000046
407.0952564 0.0000046
407.1154153 0.0000046
407.1355441 0.0000046
407.1557030 0.0000047
407.1758619 0.0000047
407.1960307 0.0000046
407.2161896 0.0000046
407.2363484 0.0000047
407.2565073 0.0000046
407.2766761 0.0000046
407.2968050 0.0000045
407.3169639 0.0000046
407.3371227 0.0000045
407.3572816 0.0000046
407.3774505 0.0000045
407.3975793 0.0000045
407.4177382 0.0000045
407.4378971 0.0000046
407.4580559 0.0000045
407.4781948 0.0000045
407.4983537 0.0000045
407.5185125 0.0000046
407.5386714 0.0000045
407.5588003 0.0000045
407.5789692 0.0000045
407.5991280 0.0000045
407.6192569 0.0000045
407.6394158 0.0000045
407.6595747 0.0000045
407.6797035 0.0000045
407.6998724 0.0000044
407.7200013 0.0000045
407.7401602 0.0000045
407.7603190 0.0000045
407.7804479 0.0000045
407.8006168 0.0000044
407.8207457 0.0000044
407.8409046 0.0000044
407.8610335 0.0000044
407.8811923 0.0000044
407.9013312 0.0000044
407.9214901 0.0000044
407.9416490 0.0000044
407.9617779 0.0000044
407.9819068 0.0000043
408.0020656 0.0000043
408.0222045 0.0000044
408.0423634 0.0000043
408.0624923 0.0000044
408.0826512 0.0000043
408.1027801 0.0000043
408.1229490 0.0000042
408.1430779 0.0000043
408.1632068 0.0000043
408.1833657 0.0000042
408.2034946 0.0000043
408.2236634 0.0000043
408.2437923 0.0000036
408.2639212 0.0000043
408.2840801 0.0000042
408.3042090 0.0000042
408.3243379 0.0000042
408.3444768 0.0000042
408.3646357 0.0000042
408.3847646 0.0000041
408.4048935 0.0000042
408.4250524 0.0000042
408.4451813 0.0000041
408.4653202 0.0000041
408.4854491 0.0000041
408.5056080 0.0000040
408.5257369 0.0000041
408.5458659 0.0000040
408.5659948 0.0000040
408.5861337 0.0000040
408.6062626 0.0000040
408.6264215 0.0000040
408.6465504 0.0000039
408.6666793 0.0000039
408.6868082 0.0000039
408.7069471 0.0000039
408.7270760 0.0000039
408.7472050 0.0000039
408.7673339 0.0000039
408.7874928 0.0000039
408.8076217 0.0000038
408.8277606 0.0000039
408.8478895 0.0000039
408.8680184 0.0000038
