# wl 	 %tx
 406.31229  0.70565
 406.33275  0.73550
 406.35320  0.73768
 406.37366  0.74055
 406.39413  0.74281
 406.41459  0.73853
 406.43507  0.74195
 406.45553  0.74392
 406.47599  0.74945
 406.49644  0.74982
 406.51691  0.75462
 406.53737  0.75673
 406.55782  0.75876
 406.57828  0.75806
 406.59874  0.75764
 406.61922  0.75670
 406.63969  0.76081
 406.66015  0.75713
 406.68060  0.75969
 406.70106  0.76084
 406.72152  0.75897
 406.74197  0.76070
 406.76244  0.76299
 406.78290  0.75794
 406.80335  0.76430
 406.82381  0.76441
 406.84427  0.76301
 406.86473  0.76865
 406.88519  0.76404
 406.90565  0.76498
 406.92611  0.76454
 406.94656  0.76060
 406.96702  0.76066
 406.98748  0.76038
 407.00794  0.76479
 407.02837  0.76365
 407.04883  0.75987
 407.06928  0.75983
 407.08974  0.76075
 407.11020  0.75311
 407.13065  0.75866
 407.15112  0.75857
 407.17158  0.75817
 407.19203  0.75858
 407.21246  0.75812
 407.23292  0.75352
 407.25337  0.75785
 407.27384  0.75393
 407.29430  0.75413
 407.31475  0.75502
 407.33518  0.75105
 407.35564  0.75146
 407.37609  0.75227
 407.39656  0.74132
 407.41702  0.74131
 407.43744  0.73927
 407.45790  0.73334
 407.47836  0.72695
 407.49881  0.63229
 407.51925  0.56450
 407.53971  0.56269
 407.56016  0.55180
 407.58059  0.54226
 407.60105  0.53668
 407.62150  0.53391
 407.64197  0.53044
 407.66240  0.52881
 407.68285  0.52162
 407.70331  0.51647
 407.72374  0.51674
 407.74419  0.51020
 407.76466  0.50053
 407.78509  0.48747
 407.80554  0.47620
 407.82597  0.47380
 407.84643  0.47235
 407.86688  0.46975
 407.88732  0.45910
 407.90778  0.44147
 407.92820  0.43321
 407.94866  0.43016
 407.96912  0.42834
 407.98954  0.42353
 408.01001  0.42231
 408.03043  0.42132
 408.05089  0.42133
 408.07132  0.41522
 408.09177  0.40682
 408.11220  0.40730
 408.13267  0.40536
 408.15309  0.40357
 408.17355  0.40703
 408.19398  0.40414
 408.21443  0.40286
 408.23486  0.40225
 408.25533  0.39771
 408.27575  0.38923
 408.29621  0.38427
 408.31664  0.38287
 408.33706  0.38506
 408.35752  0.38141
 408.37795  0.38037
 408.39841  0.37707
 408.41884  0.37782
 408.43929  0.37688
 408.45972  0.37815
 408.48015  0.38105
 408.50061  0.37958
 408.52104  0.37072
 408.54147  0.36543
 408.56192  0.36258
 408.58235  0.36099
 408.60278  0.36208
 408.62324  0.35966
 408.64367  0.35818
 408.66410  0.35773
 408.68455  0.35790
 408.70498  0.36139
 408.72540  0.35887
 408.74584  0.35569
 408.76630  0.35968
 408.78672  0.35831
 408.80715  0.35261
 408.82758  0.34707
 408.84803  0.34499
 408.86847  0.34270
 408.88890  0.34277
 408.90932  0.33676
 408.92978  0.33544
 408.95020  0.33160
 408.97063  0.33132
 408.99107  0.33157
 409.01149  0.32992
 409.03192  0.33114
 409.05238  0.33345
 409.07280  0.33090
 409.09323  0.32673
 409.11367  0.32706
 409.13409  0.32364
 409.15452  0.32069
 409.17494  0.31880
 409.19537  0.31369
 409.21583  0.31154
 409.23626  0.30738
 409.25669  0.30291
 409.27712  0.30162
 409.29754  0.29838
 409.31797  0.29646
 409.33839  0.29244
 409.35883  0.28728
 409.37926  0.28129
 409.39968  0.27642
 409.42011  0.27158
 409.44054  0.26773
 409.46096  0.26524
 409.48140  0.26149
 409.50182  0.26162
 409.52225  0.26139
 409.54268  0.25964
 409.56310  0.25713
 409.58353  0.25366
 409.60397  0.25224
 409.62439  0.25662
 409.64482  0.25373
 409.66524  0.25361
 409.68564  0.24837
 409.70607  0.24845
 409.72650  0.25121
 409.74693  0.25313
 409.76736  0.25487
 409.78778  0.25323
 409.80821  0.24893
 409.82863  0.24597
 409.84904  0.24418
 409.86947  0.23793
 409.88989  0.23631
 409.91032  0.23865
 409.93075  0.23528
 409.95117  0.23382
 409.97158  0.23216
 409.99200  0.22851
 410.01243  0.22883
 410.03286  0.22734
 410.05328  0.22243
 410.07368  0.22026
 410.09411  0.21841
 410.11454  0.21730
 410.13497  0.21884
 410.15536  0.21859
 410.17579  0.22107
 410.19623  0.22071
 410.21662  0.21658
 410.23705  0.21359
 410.25747  0.21135
 410.27787  0.20933
 410.29830  0.20919
 410.31873  0.20492
 410.33913  0.20079
 410.35955  0.20088
 410.37998  0.20171
 410.40038  0.20290
 410.42080  0.20500
 410.44124  0.20351
 410.46163  0.20150
 410.48206  0.20196
 410.50246  0.19703
 410.52288  0.19466
 410.54331  0.19074
 410.56371  0.18866
 410.58414  0.18766
 410.60454  0.18575
 410.62496  0.18250
 410.64536  0.18100
 410.66578  0.17773
 410.68619  0.17940
 410.70662  0.18141
 410.72701  0.18180
 410.74744  0.18255
 410.76783  0.18520
 410.78826  0.18374
 410.80867  0.18455
 410.82909  0.18475
 410.84949  0.18127
 410.86991  0.18114
 410.89031  0.18097
 410.91075  0.18012
 410.93114  0.18270
 410.95157  0.18237
 410.97196  0.18433
 410.99236  0.18686
 411.01279  0.18724
 411.03319  0.18618
 411.05362  0.18575
 411.07401  0.18381
 411.09441  0.18621
 411.11484  0.18497
 411.13523  0.18168
 411.15564  0.18270
 411.17606  0.17727
 411.19646  0.17560
 411.21686  0.17417
 411.23728  0.17163
 411.25768  0.17135
 411.27808  0.17197
 411.29848  0.17154
 411.31890  0.17054
 411.33930  0.16823
 411.35970  0.16374
 411.38013  0.16344
 411.40053  0.16216
 411.42092  0.15976
 411.44132  0.16175
 411.46172  0.16131
 411.48214  0.16088
 411.50255  0.16059
 411.52294  0.15744
 411.54334  0.15629
 411.56373  0.15770
 411.58416  0.15744
 411.60456  0.15874
 411.62496  0.15810
 411.64536  0.15536
 411.66575  0.15417
 411.68615  0.15487
 411.70655  0.15249
 411.72697  0.15262
 411.74738  0.15203
 411.76777  0.15038
 411.78817  0.15144
 411.80856  0.15037
 411.82896  0.14852
 411.84937  0.14693
 411.86976  0.14226
 411.89016  0.14062
 411.91055  0.14053
 411.93095  0.13775
 411.95134  0.13874
 411.97175  0.13780
 411.99215  0.13645
 412.01254  0.13596
 412.03294  0.13580
 412.05333  0.13516
 412.07373  0.13684
 412.09414  0.13758
 412.11453  0.13825
 412.13493  0.13987
 412.15532  0.14122
 412.17572  0.14363
 412.19612  0.14571
 412.21652  0.14338
 412.23692  0.14475
 412.25731  0.14553
 412.27771  0.14390
 412.29810  0.14352
 412.31848  0.14457
 412.33887  0.14316
 412.35927  0.14355
 412.37967  0.14033
 412.40006  0.13926
 412.42046  0.13993
 412.44086  0.13949
 412.46123  0.13983
 412.48162  0.14098
 412.50202  0.13946
 412.52241  0.14006
 412.54282  0.13952
 412.56319  0.13954
 412.58358  0.13952
 412.60398  0.14118
 412.62437  0.14015
 412.64477  0.14092
 412.66514  0.14028
 412.68554  0.13986
 412.70594  0.14126
 412.72630  0.14042
 412.74670  0.13815
 412.76709  0.13862
 412.78750  0.13730
 412.80786  0.13641
 412.82826  0.13728
 412.84865  0.13637
 412.86902  0.13648
 412.88943  0.13867
 412.90982  0.13839
 412.93019  0.13888
 412.95058  0.13964
 412.97095  0.13814
 412.99134  0.14017
 413.01175  0.13889
 413.03211  0.13794
 413.05251  0.13892
 413.07288  0.13968
 413.09327  0.13922
 413.11367  0.13891
 413.13404  0.13735
 413.15444  0.13436
 413.17480  0.13410
 413.19520  0.13271
 413.21556  0.13230
 413.23597  0.13325
 413.25633  0.13120
 413.27673  0.13063
 413.29710  0.13008
 413.31749  0.12879
 413.33786  0.12896
 413.35826  0.13011
 413.37863  0.12904
 413.39902  0.12864
 413.41939  0.12720
 413.43978  0.12566
 413.46016  0.12598
 413.48052  0.12596
 413.50092  0.12650
 413.52129  0.12588
 413.54168  0.12353
 413.56205  0.12217
 413.58242  0.12427
 413.60282  0.12253
 413.62318  0.12347
 413.64358  0.12237
 413.66394  0.11996
 413.68432  0.11939
 413.70471  0.11820
 413.72508  0.11678
 413.74545  0.11797
 413.76581  0.11792
 413.78621  0.11750
 413.80658  0.11772
 413.82695  0.11633
 413.84734  0.11445
 413.86771  0.11543
 413.88807  0.11384
 413.90845  0.11336
 413.92884  0.11412
 413.94921  0.11330
 413.96957  0.11467
 413.98994  0.11461
 414.01034  0.11380
 414.03071  0.11460
 414.05108  0.11536
 414.07144  0.11457
 414.09181  0.11410
 414.11217  0.11364
 414.13257  0.11191
 414.15294  0.11320
 414.17331  0.11307
 414.19367  0.11295
 414.21404  0.11341
 414.23440  0.11263
 414.25478  0.11145
 414.27514  0.11240
 414.29554  0.11166
 414.31590  0.11173
 414.33627  0.11154
 414.35664  0.11067
 414.37701  0.11072
 414.39738  0.10979
 414.41774  0.10886
 414.43811  0.10871
 414.45847  0.10780
 414.47885  0.10642
 414.49921  0.10717
 414.51958  0.10583
 414.53994  0.10515
 414.56031  0.10465
 414.58067  0.10372
 414.60105  0.10153
 414.62141  0.10229
 414.64178  0.10189
 414.66214  0.10190
 414.68251  0.10179
 414.70288  0.10146
 414.72325  0.10115
 414.74361  0.10212
 414.76395  0.10099
 414.78431  0.10144
 414.80469  0.10083
 414.82505  0.10063
 414.84542  0.10105
 414.86579  0.10054
 414.88615  0.09945
 414.90652  0.09927
 414.92686  0.09943
 414.94723  0.09798
 414.96759  0.09792
 414.98796  0.09652
 415.00832  0.09580
 415.02867  0.09673
 415.04903  0.09514
 415.06940  0.09512
 415.08976  0.09596
 415.11013  0.09549
 415.13046  0.09552
 415.15084  0.09660
 415.17120  0.09578
 415.19157  0.09643
 415.21190  0.09590
 415.23227  0.09462
 415.25264  0.09520
 415.27298  0.09471
 415.29334  0.09363
 415.31371  0.09457
 415.33404  0.09376
 415.35441  0.09304
 415.37478  0.09387
 415.39512  0.09335
 415.41548  0.09251
 415.43585  0.09266
 415.45618  0.09234
 415.47656  0.09163
 415.49692  0.09219
 415.51726  0.09096
 415.53762  0.09094
 415.55796  0.09075
 415.57833  0.09018
 415.59867  0.08959
 415.61903  0.08950
 415.63940  0.08842
 415.65973  0.08890
 415.68010  0.08949
 415.70044  0.08907
 415.72081  0.08951
 415.74114  0.08892
 415.76151  0.08840
 415.78184  0.08797
 415.80222  0.08869
 415.82255  0.08783
 415.84292  0.08856
 415.86325  0.08894
 415.88359  0.08837
 415.90395  0.08943
 415.92430  0.08920
 415.94466  0.08903
 415.96500  0.08957
 415.98536  0.08924
 416.00570  0.08886
 416.02604  0.08927
 416.04641  0.08879
 416.06674  0.08906
 416.08711  0.08912
 416.10744  0.08843
 416.12779  0.08708
 416.14815  0.08732
 416.16849  0.08614
 416.18882  0.08625
 416.20919  0.08615
 416.22952  0.08458
 416.24987  0.08519
 416.27020  0.08510
 416.29057  0.08339
 416.31090  0.08428
 416.33123  0.08389
 416.35158  0.08240
 416.37194  0.08314
 416.39228  0.08237
 416.41261  0.08170
 416.43295  0.08269
 416.45332  0.08211
 416.47366  0.08238
 416.49399  0.08249
 416.51433  0.08130
 416.53466  0.08127
 416.55503  0.08172
 416.57537  0.08090
 416.59571  0.08171
 416.61604  0.08231
 416.63638  0.08106
 416.65671  0.08101
 416.67706  0.08153
 416.69742  0.08024
 416.71776  0.08062
 416.73809  0.07940
 416.75843  0.07824
 416.77877  0.07872
 416.79911  0.07839
 416.81944  0.07819
 416.83977  0.07843
 416.86011  0.07720
 416.88044  0.07703
 416.90079  0.07702
 416.92112  0.07546
 416.94146  0.07475
 416.96179  0.07549
 416.98213  0.07471
 417.00247  0.07423
 417.02281  0.07449
 417.04314  0.07362
 417.06348  0.07371
 417.08381  0.07393
 417.10416  0.07271
 417.12449  0.07328
 417.14483  0.07338
 417.16516  0.07257
 417.18549  0.07279
 417.20583  0.07327
 417.22617  0.07236
 417.24651  0.07208
 417.26681  0.07216
 417.28715  0.07132
 417.30748  0.07124
 417.32783  0.07060
 417.34816  0.07037
 417.36850  0.07073
 417.38880  0.07037
 417.40914  0.07014
 417.42948  0.07090
 417.44981  0.07018
 417.47015  0.06988
 417.49048  0.07018
 417.51079  0.07032
 417.53113  0.07007
 417.55147  0.07074
 417.57180  0.07037
 417.59211  0.07056
 417.61244  0.07142
 417.63278  0.07073
 417.65309  0.07062
 417.67342  0.07150
 417.69376  0.07075
 417.71409  0.07106
 417.73440  0.07128
 417.75474  0.07106
 417.77508  0.07164
 417.79538  0.07129
 417.81572  0.06974
 417.83605  0.07039
 417.85637  0.07125
 417.87670  0.06990
 417.89700  0.07040
 417.91734  0.07082
 417.93767  0.06974
 417.95799  0.06998
 417.97832  0.07041
 417.99863  0.06996
 418.01896  0.07053
 418.03930  0.06954
 418.05960  0.06900
 418.07995  0.06889
 418.10025  0.06867
 418.12058  0.06786
 418.14089  0.06812
 418.16122  0.06776
 418.18154  0.06760
 418.20187  0.06881
 418.22218  0.06826
 418.24251  0.06739
 418.26282  0.06846
 418.28316  0.06768
 418.30346  0.06806
 418.32377  0.06842
 418.34410  0.06759
 418.36441  0.06744
 418.38475  0.06781
 418.40506  0.06785
 418.42539  0.06805
 418.44570  0.06909
 418.46600  0.06821
 418.48634  0.06834
 418.50665  0.06837
 418.52695  0.06787
 418.54729  0.06825
 418.56759  0.06875
 418.58790  0.06819
 418.60824  0.06860
 418.62854  0.06911
 418.64885  0.06862
 418.66918  0.06869
 418.68949  0.06856
 418.70980  0.06749
 418.73011  0.06748
 418.75044  0.06663
 418.77074  0.06589
 418.79105  0.06629
 418.81136  0.06611
 418.83170  0.06554
 418.85200  0.06557
 418.87231  0.06562
 418.89261  0.06535
 418.91296  0.06627
 418.93326  0.06580
 418.95356  0.06534
 418.97387  0.06619
 418.99417  0.06490
 419.01449  0.06513
 419.03479  0.06603
 419.05512  0.06546
 419.07543  0.06531
 419.09573  0.06576
 419.11605  0.06458
 419.13635  0.06480
 419.15666  0.06526
 419.17696  0.06436
 419.19726  0.06471
 419.21757  0.06513
 419.23788  0.06455
 419.25819  0.06487
 419.27852  0.06540
 419.29883  0.06424
 419.31913  0.06496
 419.33944  0.06447
 419.35975  0.06435
 419.38005  0.06444
 419.40036  0.06455
 419.42066  0.06380
 419.44098  0.06418
 419.46125  0.06469
 419.48155  0.06346
 419.50186  0.06483
 419.52216  0.06413
 419.54248  0.06418
 419.56278  0.06470
 419.58308  0.06455
 419.60339  0.06420
 419.62369  0.06461
 419.64401  0.06471
 419.66431  0.06428
 419.68458  0.06479
 419.70489  0.06426
 419.72519  0.06420
 419.74551  0.06453
 419.76581  0.06429
 419.78612  0.06433
 419.80639  0.06428
 419.82669  0.06387
 419.84701  0.06360
 419.86731  0.06410
 419.88762  0.06408
 419.90789  0.06369
 419.92819  0.06380
 419.94851  0.06307
 419.96881  0.06341
 419.98909  0.06385
 420.00939  0.06313
 420.02969  0.06362
 420.05001  0.06377
 420.07028  0.06343
 420.09059  0.06351
 420.11089  0.06369
 420.13116  0.06386
 420.15147  0.06328
 420.17178  0.06403
 420.19206  0.06379
 420.21236  0.06395
 420.23266  0.06373
 420.25294  0.06334
 420.27325  0.06327
 420.29353  0.06334
 420.31383  0.06298
 420.33413  0.06267
 420.35441  0.06324
 420.37472  0.06267
 420.39500  0.06316
 420.41530  0.06388
 420.43557  0.06335
 420.45588  0.06407
 420.47619  0.06406
 420.49647  0.06327
 420.51677  0.06286
 420.53704  0.06339
 420.55735  0.06255
 420.57763  0.06269
 420.59794  0.06278
 420.61821  0.06187
 420.63848  0.06243
 420.65879  0.06223
 420.67907  0.06183
 420.69937  0.06207
 420.71965  0.06234
 420.73995  0.06186
 420.76023  0.06188
 420.78051  0.06196
 420.80081  0.06089
 420.82109  0.06123
 420.84139  0.06125
 420.86167  0.06098
 420.88195  0.06085
 420.90225  0.06053
 420.92253  0.06049
 420.94280  0.06069
 420.96311  0.06010
 420.98339  0.05967
 421.00366  0.05997
 421.02397  0.05985
 421.04424  0.05931
 421.06451  0.05934
 421.08480  0.05904
 421.10510  0.05865
 421.12538  0.05897
 421.14565  0.05836
 421.16592  0.05808
 421.18624  0.05822
 421.20651  0.05754
 421.22678  0.05671
 421.24706  0.05727
 421.26733  0.05719
 421.28765  0.05737
 421.30792  0.05753
 421.32819  0.05702
 421.34847  0.05717
 421.36874  0.05760
 421.38902  0.05769
 421.40933  0.05761
 421.42960  0.05799
 421.44988  0.05721
 421.47015  0.05750
 421.49043  0.05715
 421.51071  0.05668
 421.53098  0.05679
 421.55125  0.05687
 421.57153  0.05640
 421.59181  0.05636
 421.61209  0.05626
 421.63236  0.05616
 421.65263  0.05633
 421.67291  0.05669
 421.69319  0.05609
 421.71346  0.05623
 421.73374  0.05608
 421.75401  0.05589
 421.77428  0.05500
 421.79457  0.05555
 421.81484  0.05527
 421.83512  0.05557
 421.85539  0.05584
 421.87566  0.05552
 421.89595  0.05588
 421.91622  0.05633
 421.93649  0.05538
 421.95677  0.05578
 421.97704  0.05571
 421.99733  0.05556
 422.01757  0.05509
 422.03784  0.05554
 422.05812  0.05552
 422.07839  0.05534
 422.09867  0.05594
 422.11895  0.05556
 422.13919  0.05609
 422.15946  0.05653
 422.17974  0.05595
 422.20002  0.05611
 422.22029  0.05630
 422.24054  0.05594
 422.26081  0.05596
 422.28108  0.05615
 422.30137  0.05588
 422.32161  0.05594
 422.34189  0.05598
 422.36216  0.05511
 422.38243  0.05578
 422.40269  0.05567
 422.42296  0.05525
 422.44323  0.05543
 422.46348  0.05525
 422.48375  0.05520
 422.50403  0.05569
 422.52428  0.05516
 422.54455  0.05526
 422.56482  0.05540
 422.58508  0.05575
 422.60535  0.05526
 422.62559  0.05539
 422.64587  0.05579
 422.66614  0.05558
 422.68639  0.05588
 422.70667  0.05599
 422.72691  0.05578
 422.74719  0.05598
 422.76743  0.05616
 422.78771  0.05594
 422.80796  0.05631
 422.82823  0.05642
 422.84847  0.05580
 422.86875  0.05635
 422.88900  0.05623
 422.90927  0.05574
 422.92952  0.05638
 422.94979  0.05679
 422.97003  0.05664
 422.99032  0.05637
 423.01056  0.05587
 423.03083  0.05572
 423.05108  0.05616
 423.07132  0.05583
 423.09160  0.05524
 423.11185  0.05595
 423.13212  0.05513
 423.15236  0.05538
 423.17261  0.05522
 423.19289  0.05551
 423.21313  0.05506
 423.23338  0.05560
 423.25365  0.05570
 423.27389  0.05560
 423.29415  0.05661
 423.31442  0.05621
 423.33466  0.05564
 423.35491  0.05604
 423.37518  0.05621
 423.39543  0.05611
 423.41568  0.05570
 423.43592  0.05618
 423.45619  0.05518
 423.47644  0.05545
 423.49669  0.05534
 423.51693  0.05506
 423.53718  0.05545
 423.55745  0.05544
 423.57770  0.05526
 423.59795  0.05547
 423.61819  0.05536
 423.63843  0.05513
 423.65867  0.05533
 423.67896  0.05540
 423.69920  0.05522
 423.71944  0.05511
 423.73969  0.05516
 423.75993  0.05462
 423.78018  0.05478
 423.80043  0.05424
 423.82067  0.05399
 423.84091  0.05424
 423.86119  0.05428
 423.88144  0.05377
 423.90168  0.05391
 423.92193  0.05419
 423.94217  0.05375
 423.96241  0.05348
 423.98267  0.05413
 424.00291  0.05371
 424.02315  0.05407
 424.04340  0.05378
 424.06364  0.05350
 424.08389  0.05390
 424.10414  0.05396
 424.12438  0.05376
 424.14459  0.05429
 424.16484  0.05391
 424.18509  0.05395
 424.20533  0.05413
 424.22557  0.05418
 424.24582  0.05402
 424.26607  0.05366
 424.28631  0.05400
 424.30656  0.05331
 424.32680  0.05382
 424.34701  0.05373
 424.36727  0.05352
 424.38751  0.05359
 424.40775  0.05372
 424.42799  0.05315
 424.44821  0.05341
 424.46846  0.05358
 424.48870  0.05317
 424.50895  0.05329
 424.52919  0.05338
 424.54940  0.05299
 424.56966  0.05313
 424.58990  0.05333
 424.61014  0.05273
 424.63035  0.05313
 424.65060  0.05297
 424.67085  0.05280
 424.69106  0.05338
 424.71131  0.05293
 424.73155  0.05263
 424.75180  0.05353
 424.77202  0.05340
 424.79226  0.05302
 424.81247  0.05363
 424.83271  0.05353
 424.85297  0.05302
 424.87318  0.05348
 424.89342  0.05371
 424.91367  0.05304
 424.93388  0.05298
 424.95413  0.05270
 424.97435  0.05233
 424.99459  0.05252
 425.01480  0.05267
 425.03504  0.05223
 425.05527  0.05236
 425.07551  0.05235
 425.09575  0.05222
 425.11597  0.05210
 425.13622  0.05240
 425.15643  0.05218
 425.17667  0.05215
 425.19689  0.05269
 425.21710  0.05233
 425.23735  0.05229
 425.25757  0.05254
 425.27781  0.05217
 425.29802  0.05229
 425.31826  0.05229
 425.33849  0.05183
 425.35870  0.05206
 425.37894  0.05232
 425.39916  0.05215
 425.41940  0.05210
 425.43962  0.05229
 425.45983  0.05184
 425.48008  0.05169
 425.50029  0.05190
 425.52050  0.05169
 425.54076  0.05133
 425.56097  0.05157
 425.58118  0.05113
 425.60142  0.05129
 425.62165  0.05186
 425.64186  0.05151
 425.66207  0.05115
 425.68232  0.05157
 425.70253  0.05154
 425.72275  0.05110
 425.74296  0.05144
 425.76321  0.05133
 425.78342  0.05104
 425.80363  0.05161
 425.82385  0.05030
 425.84407  0.05044
 425.86431  0.05099
 425.88452  0.05068
 425.90475  0.05008
 425.92496  0.05087
 425.94517  0.05024
 425.96538  0.05018
 425.98560  0.05025
 426.00585  0.04996
 426.02606  0.04978
 426.04627  0.05004
 426.06649  0.04968
 426.08670  0.04946
 426.10692  0.04957
 426.12713  0.04930
 426.14735  0.04920
 426.16756  0.04940
 426.18777  0.04950
 426.20800  0.04898
 426.22821  0.04923
 426.24842  0.04918
 426.26863  0.04900
 426.28886  0.04912
 426.30907  0.04862
 426.32928  0.04860
 426.34949  0.04852
 426.36971  0.04845
 426.38993  0.04837
 426.41014  0.04808
 426.43035  0.04814
 426.45057  0.04779
 426.47078  0.04780
 426.49100  0.04787
 426.51118  0.04774
 426.53140  0.04772
 426.55161  0.04766
 426.57183  0.04755
 426.59205  0.04710
 426.61226  0.04756
 426.63247  0.04722
 426.65265  0.04746
 426.67288  0.04751
 426.69309  0.04712
 426.71330  0.04723
 426.73351  0.04713
 426.75370  0.04704
 426.77392  0.04708
 426.79413  0.04688
 426.81434  0.04679
 426.83453  0.04643
 426.85475  0.04696
 426.87496  0.04647
 426.89517  0.04647
 426.91536  0.04675
 426.93557  0.04640
 426.95579  0.04624
 426.97597  0.04640
 426.99619  0.04615
 427.01640  0.04604
 427.03658  0.04613
 427.05680  0.04591
 427.07702  0.04575
 427.09720  0.04538
 427.11741  0.04625
 427.13760  0.04609
 427.15781  0.04511
 427.17803  0.04557
 427.19821  0.04561
 427.21842  0.04578
 427.23861  0.04558
 427.25883  0.04523
 427.27901  0.04567
 427.29922  0.04562
 427.31940  0.04525
 427.33963  0.04563
 427.35981  0.04557
 427.38002  0.04565
 427.40020  0.04553
 427.42043  0.04577
 427.44061  0.04530
 427.46082  0.04531
 427.48100  0.04566
 427.50122  0.04546
 427.52141  0.04559
 427.54162  0.04531
 427.56180  0.04542
 427.58198  0.04526
 427.60220  0.04514
 427.62239  0.04522
 427.64257  0.04523
 427.66278  0.04531
 427.68297  0.04514
 427.70319  0.04518
 427.72337  0.04538
 427.74355  0.04481
 427.76377  0.04520
 427.78395  0.04528
 427.80414  0.04482
 427.82432  0.04511
 427.84453  0.04531
 427.86472  0.04504
 427.88490  0.04537
 427.90512  0.04520
 427.92530  0.04535
 427.94549  0.04541
 427.96567  0.04503
 427.98586  0.04534
 428.00607  0.04528
 428.02625  0.04561
 428.04644  0.04574
 428.06662  0.04557
 428.08681  0.04553
 428.10702  0.04529
 428.12721  0.04552
 428.14739  0.04542
 428.16758  0.04546
 428.18776  0.04564
 428.20794  0.04555
 428.22813  0.04530
 428.24831  0.04524
 428.26853  0.04522
 428.28871  0.04514
 428.30890  0.04517
 428.32908  0.04538
 428.34926  0.04527
 428.36945  0.04524
 428.38963  0.04513
 428.40982  0.04522
 428.43000  0.04524
 428.45019  0.04526
 428.47037  0.04541
 428.49055  0.04493
 428.51074  0.04534
 428.53092  0.04539
 428.55111  0.04525
 428.57129  0.04568
 428.59148  0.04577
 428.61166  0.04530
 428.63185  0.04529
 428.65200  0.04543
 428.67218  0.04522
 428.69237  0.04535
 428.71255  0.04550
 428.73274  0.04553
 428.75292  0.04582
 428.77310  0.04511
 428.79329  0.04567
 428.81344  0.04549
 428.83363  0.04531
 428.85381  0.04543
 428.87399  0.04495
 428.89418  0.04524
 428.91434  0.04530
 428.93452  0.04500
 428.95470  0.04550
 428.97488  0.04534
 428.99507  0.04517
 429.01523  0.04555
 429.03541  0.04544
 429.05559  0.04522
 429.07577  0.04540
 429.09594  0.04495
 429.11612  0.04505
 429.13630  0.04508
 429.15645  0.04488
 429.17663  0.04497
 429.19683  0.04494
 429.21698  0.04481
 429.23716  0.04488
 429.25734  0.04489
 429.27750  0.04535
 429.29769  0.04456
 429.31784  0.04479
 429.33802  0.04482
 429.35820  0.04504
 429.37836  0.04526
 429.39854  0.04497
 429.41870  0.04491
 429.43888  0.04474
 429.45904  0.04484
 429.47922  0.04447
 429.49937  0.04462
 429.51956  0.04483
 429.53971  0.04462
 429.55990  0.04409
 429.58005  0.04457
 429.60023  0.04442
 429.62038  0.04426
 429.64057  0.04479
 429.66073  0.04457
 429.68091  0.04433
 429.70106  0.04444
 429.72124  0.04478
 429.74141  0.04436
 429.76156  0.04422
 429.78174  0.04463
 429.80189  0.04434
 429.82207  0.04429
 429.84224  0.04456
 429.86239  0.04437
 429.88257  0.04462
 429.90272  0.04445
 429.92288  0.04470
 429.94306  0.04454
 429.96322  0.04433
 429.98337  0.04455
 430.00355  0.04448
 430.02371  0.04449
 430.04386  0.04452
 430.06401  0.04428
 430.08420  0.04475
 430.10436  0.04431
 430.12451  0.04495
 430.14466  0.04463
 430.16484  0.04417
 430.18499  0.04471
 430.20516  0.04457
 430.22531  0.04439
 430.24546  0.04423
 430.26561  0.04423
 430.28580  0.04432
 430.30595  0.04428
 430.32611  0.04420
 430.34626  0.04465
 430.36641  0.04429
 430.38657  0.04444
 430.40672  0.04428
 430.42687  0.04404
 430.44706  0.04391
 430.46722  0.04400
 430.48737  0.04430
 430.50752  0.04393
 430.52767  0.04449
 430.54782  0.04425
 430.56799  0.04432
 430.58814  0.04440
 430.60829  0.04427
 430.62844  0.04432
 430.64860  0.04421
 430.66875  0.04402
 430.68891  0.04409
 430.70906  0.04433
 430.72921  0.04364
 430.74937  0.04414
 430.76952  0.04416
 430.78967  0.04416
 430.80983  0.04409
 430.82996  0.04348
 430.85011  0.04410
 430.87026  0.04381
 430.89041  0.04383
 430.91057  0.04390
 430.93072  0.04392
 430.95088  0.04347
 430.97100  0.04353
 430.99115  0.04410
 431.01131  0.04362
 431.03146  0.04385
 431.05161  0.04384
 431.07177  0.04344
 431.09190  0.04360
 431.11205  0.04352
 431.13220  0.04337
 431.15235  0.04343
 431.17247  0.04322
 431.19263  0.04332
 431.21279  0.04329
 431.23294  0.04336
 431.25306  0.04328
 431.27322  0.04332
 431.29337  0.04355
 431.31349  0.04362
 431.33364  0.04351
 431.35380  0.04330
 431.37393  0.04331
 431.39408  0.04314
 431.41423  0.04314
 431.43435  0.04312
 431.45451  0.04296
 431.47463  0.04325
 431.49479  0.04314
 431.51494  0.04326
 431.53506  0.04266
 431.55522  0.04302
 431.57534  0.04321
 431.59549  0.04316
 431.61561  0.04307
 431.63578  0.04296
 431.65590  0.04329
 431.67605  0.04295
 431.69617  0.04277
 431.71632  0.04292
 431.73645  0.04277
 431.75660  0.04320
 431.77672  0.04253
 431.79688  0.04286
 431.81701  0.04247
 431.83716  0.04266
 431.85728  0.04252
 431.87743  0.04255
 431.89756  0.04248
 431.91768  0.04223
 431.93783  0.04244
 431.95796  0.04198
 431.97808  0.04245
 431.99824  0.04219
 432.01836  0.04245
 432.03851  0.04250
 432.05863  0.04225
 432.07876  0.04230
 432.09892  0.04201
 432.11904  0.04218
 432.13916  0.04239
 432.15928  0.04213
 432.17944  0.04208
 432.19956  0.04235
 432.21968  0.04200
 432.23980  0.04221
 432.25996  0.04223
 432.28009  0.04189
 432.30021  0.04248
 432.32033  0.04215
 432.34046  0.04200
 432.36061  0.04216
 432.38073  0.04229
 432.40085  0.04210
 432.42097  0.04231
 432.44111  0.04177
 432.46123  0.04137
 432.48138  0.04199
 432.50150  0.04153
 432.52163  0.04145
 432.54175  0.04159
 432.56187  0.04138
 432.58199  0.04144
 432.60211  0.04122
 432.62225  0.04126
 432.64237  0.04126
 432.66249  0.04105
 432.68261  0.04136
 432.70274  0.04128
 432.72286  0.04127
 432.74298  0.04105
 432.76310  0.04121
 432.78323  0.04085
 432.80336  0.04123
 432.82348  0.04079
 432.84360  0.04112
 432.86372  0.04091
 432.88385  0.04121
 432.90397  0.04086
 432.92409  0.04119
 432.94421  0.04095
 432.96434  0.04080
 432.98446  0.04089
 433.00459  0.04080
 433.02471  0.04094
 433.04481  0.04103
 433.06493  0.04047
 433.08505  0.04077
 433.10517  0.04068
 433.12529  0.04098
 433.14542  0.04041
 433.16551  0.04071
 433.18563  0.04046
 433.20576  0.04086
 433.22589  0.04084
 433.24598  0.04055
 433.26610  0.04041
 433.28622  0.04065
 433.30634  0.04038
 433.32644  0.04029
 433.34656  0.04060
 433.36668  0.04072
 433.38680  0.04054
 433.40691  0.04025
 433.42703  0.04062
 433.44715  0.04024
 433.46724  0.04044
 433.48737  0.04021
 433.50749  0.04044
 433.52758  0.04014
 433.54770  0.04029
 433.56779  0.04028
 433.58792  0.04027
 433.60804  0.04056
 433.62813  0.04055
 433.64826  0.04018
 433.66836  0.04039
 433.68848  0.04057
 433.70857  0.04023
 433.72869  0.04018
 433.74882  0.04049
 433.76891  0.04036
 433.78903  0.04085
 433.80912  0.04052
 433.82924  0.04032
 433.84934  0.04059
 433.86947  0.04013
 433.88956  0.04059
 433.90965  0.04044
 433.92978  0.04049
 433.94987  0.04031
 433.96999  0.04056
 433.99008  0.04085
 434.01021  0.04066
 434.03030  0.04041
 434.05039  0.04047
 434.07051  0.04059
 434.09060  0.04027
 434.11070  0.04049
 434.13083  0.04007
 434.15092  0.04037
 434.17101  0.04027
 434.19114  0.04045
 434.21123  0.04033
 434.23132  0.04036
 434.25144  0.04055
 434.27154  0.04055
 434.29163  0.04041
 434.31172  0.04040
 434.33184  0.04045
 434.35193  0.04037
 434.37203  0.04008
 434.39212  0.04081
 434.41225  0.04064
 434.43234  0.04052
 434.45244  0.04055
 434.47253  0.04036
 434.49262  0.04110
 434.51271  0.04035
 434.53284  0.04074
 434.55293  0.04066
 434.57302  0.04067
 434.59311  0.04026
 434.61321  0.04034
 434.63330  0.04037
 434.65339  0.04023
 434.67348  0.04009
 434.69357  0.04029
 434.71370  0.04044
 434.73380  0.04052
 434.75389  0.04026
 434.77398  0.04046
 434.79408  0.04009
 434.81417  0.03984
 434.83426  0.04011
 434.85435  0.04025
 434.87445  0.04003
 434.89454  0.04018
 434.91463  0.03998
 434.93472  0.04009
 434.95481  0.03992
 434.97488  0.03994
 434.99497  0.03974
 435.01506  0.03983
 435.03515  0.03970
 435.05525  0.03982
 435.07534  0.03965
 435.09544  0.03997
 435.11553  0.03951
 435.13563  0.03971
 435.15569  0.03990
 435.17578  0.03961
 435.19587  0.03962
 435.21597  0.03962
 435.23606  0.03952
 435.25615  0.03963
 435.27621  0.03922
 435.29630  0.03976
 435.31640  0.03929
 435.33649  0.03961
 435.35655  0.03984
 435.37664  0.03979
 435.39674  0.03933
 435.41683  0.03951
 435.43689  0.03935
 435.45698  0.03941
 435.47708  0.03924
 435.49714  0.03949
 435.51723  0.03934
 435.53732  0.03967
 435.55739  0.03946
 435.57749  0.03934
 435.59758  0.03931
 435.61764  0.03938
 435.63773  0.03908
 435.65783  0.03881
 435.67789  0.03913
 435.69798  0.03885
 435.71804  0.03875
 435.73814  0.03919
 435.75820  0.03886
 435.77829  0.03894
 435.79838  0.03903
 435.81845  0.03885
 435.83854  0.03873
 435.85860  0.03905
 435.87869  0.03881
 435.89876  0.03891
 435.91885  0.03874
 435.93891  0.03859
 435.95900  0.03888
 435.97906  0.03838
 435.99913  0.03867
 436.01922  0.03851
 436.03928  0.03847
 436.05937  0.03865
 436.07944  0.03891
 436.09950  0.03828
 436.11959  0.03860
 436.13965  0.03850
 436.15975  0.03842
 436.17981  0.03840
 436.19987  0.03827
 436.21997  0.03824
 436.24004  0.03833
 436.26010  0.03828
 436.28019  0.03797
 436.30025  0.03808
 436.32031  0.03801
 436.34038  0.03790
 436.36047  0.03792
 436.38053  0.03824
 436.40059  0.03805
 436.42066  0.03803
 436.44075  0.03807
 436.46081  0.03775
 436.48087  0.03796
 436.50094  0.03796
 436.52100  0.03814
 436.54109  0.03794
 436.56115  0.03810
 436.58122  0.03796
 436.60128  0.03783
 436.62134  0.03777
 436.64140  0.03808
 436.66147  0.03794
 436.68156  0.03773
 436.70162  0.03798
 436.72168  0.03753
 436.74174  0.03771
 436.76181  0.03796
 436.78187  0.03774
 436.80193  0.03798
 436.82199  0.03769
 436.84206  0.03782
 436.86212  0.03761
 436.88218  0.03762
 436.90224  0.03741
 436.92231  0.03780
 436.94237  0.03780
 436.96243  0.03785
 436.98249  0.03767
 437.00256  0.03770
 437.02262  0.03785
 437.04268  0.03772
 437.06274  0.03746
 437.08281  0.03756
 437.10287  0.03757
 437.12290  0.03776
 437.14296  0.03763
 437.16302  0.03752
 437.18309  0.03742
 437.20315  0.03801
 437.22321  0.03779
 437.24327  0.03767
 437.26331  0.03756
 437.28337  0.03767
 437.30343  0.03759
 437.32349  0.03747
 437.34356  0.03748
 437.36359  0.03737
 437.38365  0.03755
 437.40371  0.03729
 437.42378  0.03760
 437.44381  0.03759
 437.46387  0.03734
 437.48393  0.03711
 437.50397  0.03715
 437.52403  0.03701
 437.54409  0.03724
 437.56415  0.03736
 437.58419  0.03728
 437.60425  0.03726
 437.62431  0.03755
 437.64434  0.03739
 437.66440  0.03743
 437.68444  0.03733
 437.70450  0.03754
 437.72456  0.03724
 437.74459  0.03758
 437.76466  0.03737
 437.78469  0.03737
 437.80475  0.03715
 437.82478  0.03738
 437.84485  0.03707
 437.86488  0.03733
 437.88494  0.03709
 437.90497  0.03732
 437.92504  0.03730
 437.94506  0.03706
 437.96512  0.03699
 437.98515  0.03704
 438.00522  0.03680
 438.02525  0.03695
 438.04531  0.03720
 438.06534  0.03667
 438.08541  0.03699
 438.10544  0.03702
 438.12547  0.03671
 438.14553  0.03678
 438.16556  0.03671
 438.18563  0.03681
 438.20566  0.03664
 438.22569  0.03687
 438.24575  0.03651
 438.26579  0.03663
 438.28582  0.03622
 438.30585  0.03657
 438.32591  0.03690
 438.34595  0.03659
 438.36598  0.03682
 438.38604  0.03639
 438.40607  0.03656
 438.42611  0.03638
 438.44614  0.03656
 438.46620  0.03634
 438.48623  0.03680
 438.50627  0.03650
 438.52630  0.03657
 438.54633  0.03661
 438.56639  0.03630
 438.58643  0.03675
 438.60646  0.03668
 438.62648  0.03662
 438.64651  0.03652
 438.66655  0.03659
 438.68658  0.03643
 438.70664  0.03640
 438.72667  0.03642
 438.74670  0.03630
 438.76674  0.03638
 438.78677  0.03642
 438.80680  0.03645
 438.82683  0.03649
 438.84687  0.03624
 438.86690  0.03613
 438.88693  0.03622
 438.90696  0.03628
 438.92700  0.03617
 438.94703  0.03660
 438.96706  0.03645
 438.98709  0.03635
 439.00713  0.03646
 439.02716  0.03607
 439.04719  0.03638
 439.06721  0.03621
 439.08725  0.03614
 439.10728  0.03593
 439.12728  0.03625
 439.14731  0.03598
 439.16735  0.03574
 439.18738  0.03609
 439.20741  0.03595
 439.22744  0.03605
 439.24748  0.03618
 439.26748  0.03603
 439.28751  0.03623
 439.30754  0.03560
 439.32758  0.03584
 439.34761  0.03583
 439.36761  0.03586
 439.38764  0.03563
 439.40768  0.03581
 439.42770  0.03604
 439.44770  0.03569
 439.46773  0.03606
 439.48777  0.03576
 439.50780  0.03589
 439.52780  0.03587
 439.54783  0.03583
 439.56786  0.03587
 439.58787  0.03578
 439.60790  0.03560
 439.62793  0.03572
 439.64793  0.03561
 439.66797  0.03580
 439.68800  0.03565
 439.70800  0.03566
 439.72803  0.03567
 439.74803  0.03597
 439.76806  0.03579
 439.78806  0.03587
 439.80809  0.03569
 439.82813  0.03577
 439.84813  0.03575
 439.86816  0.03567
 439.88816  0.03603
 439.90820  0.03590
 439.92820  0.03570
 439.94823  0.03578
 439.96823  0.03587
 439.98827  0.03561
 440.00827  0.03602
 440.02826  0.03603
 440.04829  0.03582
 440.06830  0.03582
 440.08833  0.03559
 440.10833  0.03581
 440.12836  0.03586
 440.14837  0.03588
 440.16837  0.03599
 440.18840  0.03575
 440.20840  0.03626
 440.22841  0.03581
 440.24844  0.03580
 440.26843  0.03566
 440.28843  0.03609
 440.30847  0.03597
 440.32847  0.03607
 440.34847  0.03583
 440.36847  0.03582
 440.38851  0.03610
 440.40851  0.03602
 440.42851  0.03583
 440.44851  0.03585
 440.46855  0.03605
 440.48855  0.03610
 440.50854  0.03568
 440.52854  0.03602
 440.54855  0.03595
 440.56858  0.03616
 440.58858  0.03568
 440.60858  0.03600
 440.62859  0.03597
 440.64859  0.03599
 440.66859  0.03597
 440.68859  0.03586
 440.70862  0.03594
 440.72862  0.03600
 440.74862  0.03556
 440.76862  0.03587
 440.78862  0.03613
 440.80863  0.03599
 440.82863  0.03575
 440.84863  0.03602
 440.86863  0.03615
 440.88864  0.03600
 440.90864  0.03611
 440.92863  0.03593
 440.94863  0.03593
 440.96864  0.03612
 440.98864  0.03603
 441.00864  0.03576
 441.02864  0.03563
 441.04865  0.03612
 441.06865  0.03595
 441.08865  0.03578
 441.10862  0.03540
 441.12862  0.03582
 441.14862  0.03569
 441.16862  0.03567
 441.18862  0.03581
 441.20863  0.03592
 441.22863  0.03583
 441.24863  0.03534
 441.26860  0.03544
 441.28861  0.03571
 441.30861  0.03580
 441.32860  0.03562
 441.34857  0.03561
 441.36858  0.03552
 441.38858  0.03539
 441.40858  0.03542
 441.42855  0.03558
 441.44856  0.03569
 441.46856  0.03538
 441.48856  0.03530
 441.50852  0.03531
 441.52853  0.03529
 441.54853  0.03531
 441.56850  0.03529
 441.58850  0.03528
 441.60851  0.03534
 441.62848  0.03522
 441.64848  0.03509
 441.66847  0.03478
 441.68845  0.03510
 441.70845  0.03511
 441.72842  0.03493
 441.74842  0.03498
 441.76840  0.03493
 441.78840  0.03456
 441.80840  0.03475
 441.82836  0.03492
 441.84837  0.03482
 441.86834  0.03486
 441.88834  0.03471
 441.90831  0.03463
 441.92832  0.03484
 441.94829  0.03496
 441.96829  0.03485
 441.98825  0.03476
 442.00823  0.03483
 442.02823  0.03468
 442.04820  0.03458
 442.06820  0.03476
 442.08818  0.03488
 442.10815  0.03466
 442.12815  0.03450
 442.14811  0.03447
 442.16812  0.03474
 442.18809  0.03454
 442.20806  0.03429
 442.22806  0.03469
 442.24804  0.03457
 442.26801  0.03471
 442.28801  0.03455
 442.30797  0.03450
 442.32795  0.03438
 442.34792  0.03428
 442.36792  0.03442
 442.38789  0.03425
 442.40787  0.03446
 442.42784  0.03451
 442.44783  0.03430
 442.46780  0.03441
 442.48778  0.03414
 442.50775  0.03417
 442.52772  0.03435
 442.54769  0.03407
 442.56770  0.03421
 442.58766  0.03422
 442.60763  0.03409
 442.62760  0.03439
 442.64758  0.03406
 442.66755  0.03411
 442.68752  0.03400
 442.70749  0.03394
 442.72746  0.03440
 442.74746  0.03424
 442.76743  0.03397
 442.78740  0.03420
 442.80738  0.03391
 442.82735  0.03398
 442.84732  0.03386
 442.86728  0.03380
 442.88726  0.03410
 442.90723  0.03402
 442.92720  0.03404
 442.94717  0.03396
 442.96715  0.03396
 442.98708  0.03372
 443.00705  0.03398
 443.02702  0.03387
 443.04700  0.03401
 443.06697  0.03407
 443.08694  0.03405
 443.10691  0.03406
 443.12688  0.03384
 443.14685  0.03398
 443.16679  0.03383
 443.18676  0.03410
 443.20674  0.03397
 443.22671  0.03384
 443.24667  0.03378
 443.26662  0.03379
 443.28659  0.03384
 443.30656  0.03381
 443.32653  0.03392
 443.34651  0.03374
 443.36644  0.03395
 443.38641  0.03385
 443.40638  0.03376
 443.42633  0.03356
 443.44630  0.03359
 443.46627  0.03384
 443.48623  0.03369
 443.50618  0.03373
 443.52615  0.03375
 443.54612  0.03387
 443.56606  0.03393
 443.58604  0.03362
 443.60597  0.03377
 443.62594  0.03364
 443.64591  0.03347
 443.66586  0.03358
 443.68583  0.03360
 443.70577  0.03372
 443.72573  0.03348
 443.74568  0.03378
 443.76565  0.03377
 443.78559  0.03404
 443.80556  0.03370
 443.82554  0.03373
 443.84547  0.03363
 443.86541  0.03357
 443.88538  0.03380
 443.90533  0.03370
 443.92530  0.03379
 443.94523  0.03400
 443.96520  0.03385
 443.98515  0.03364
 444.00512  0.03364
 444.02506  0.03383
 444.04500  0.03362
 444.06497  0.03383
 444.08491  0.03368
 444.10485  0.03413
 444.12482  0.03369
 444.14477  0.03353
 444.16470  0.03371
 444.18467  0.03360
 444.20461  0.03350
 444.22456  0.03393
 444.24453  0.03400
 444.26447  0.03390
 444.28440  0.03373
 444.30438  0.03378
 444.32432  0.03377
 444.34426  0.03395
 444.36420  0.03376
 444.38414  0.03396
 444.40411  0.03425
 444.42405  0.03388
 444.44400  0.03387
 444.46394  0.03399
 444.48387  0.03392
 444.50381  0.03375
 444.52379  0.03376
 444.54373  0.03377
 444.56367  0.03422
 444.58360  0.03419
 444.60355  0.03415
 444.62349  0.03403
 444.64343  0.03413
 444.66337  0.03400
 444.68331  0.03385
 444.70325  0.03414
 444.72319  0.03406
 444.74313  0.03401
 444.76311  0.03400
 444.78304  0.03384
 444.80298  0.03399
 444.82289  0.03423
 444.84284  0.03399
 444.86278  0.03429
 444.88271  0.03433
 444.90265  0.03423
 444.92260  0.03412
 444.94254  0.03411
 444.96248  0.03412
 444.98241  0.03412
 445.00236  0.03382
 445.02230  0.03431
 445.04224  0.03425
 445.06215  0.03392
 445.08209  0.03397
 445.10203  0.03404
 445.12197  0.03433
 445.14191  0.03389
 445.16186  0.03413
 445.18176  0.03442
 445.20170  0.03388
 445.22165  0.03435
 445.24159  0.03404
 445.26152  0.03436
 445.28143  0.03430
 445.30138  0.03438
 445.32132  0.03422
 445.34123  0.03416
 445.36116  0.03408
 445.38111  0.03442
 445.40105  0.03422
 445.42096  0.03441
 445.44089  0.03443
 445.46081  0.03413
 445.48075  0.03416
 445.50069  0.03410
 445.52060  0.03375
 445.54054  0.03421
 445.56048  0.03441
 445.58039  0.03447
 445.60033  0.03440
 445.62024  0.03437
 445.64018  0.03414
 445.66009  0.03436
 445.68003  0.03409
 445.69995  0.03392
 445.71988  0.03378
 445.73979  0.03418
 445.75973  0.03428
 445.77965  0.03422
 445.79958  0.03395
 445.81949  0.03394
 445.83944  0.03409
 445.85935  0.03409
 445.87929  0.03416
 445.89919  0.03403
 445.91914  0.03405
 445.93905  0.03379
 445.95896  0.03390
 445.97889  0.03404
 445.99881  0.03369
 446.01872  0.03366
 446.03866  0.03382
 446.05856  0.03383
 446.07848  0.03378
 446.09842  0.03368
 446.11833  0.03365
 446.13823  0.03373
 446.15818  0.03369
 446.17809  0.03296
 446.19800  0.03381
 446.21790  0.03364
 446.23785  0.03393
 446.25776  0.03358
 446.27767  0.03331
 446.29757  0.03369
 446.31752  0.03360
 446.33743  0.03344
 446.35734  0.03370
 446.37726  0.03358
 446.39716  0.03335
 446.41707  0.03320
 446.43698  0.03336
 446.45693  0.03346
 446.47683  0.03339
 446.49674  0.03317
 446.51665  0.03319
 446.53657  0.03322
 446.55647  0.03355
 446.57638  0.03337
 446.59629  0.03297
 446.61621  0.03285
 446.63611  0.03300
 446.65602  0.03439
 446.67593  0.03277
 446.69585  0.03254
 446.71575  0.03297
 446.73566  0.03277
 446.75557  0.03270
 446.77549  0.03277
 446.79539  0.03259
 446.81530  0.03273
 446.83522  0.03248
 446.85512  0.03267
 446.87503  0.03237
 446.89494  0.03250
 446.91486  0.03242
 446.93473  0.03236
 446.95464  0.03252
 446.97455  0.03247
 446.99447  0.03227
 447.01437  0.03198
 447.03428  0.03237
 447.05416  0.03204
 447.07408  0.03185
 447.09398  0.03215
 447.11389  0.03208
 447.13380  0.03189
 447.15369  0.03205
 447.17359  0.03180
 447.19350  0.03212
 447.21342  0.03180
 447.23329  0.03201
 447.25320  0.03184
 447.27311  0.03201
 447.29300  0.03183
 447.31290  0.03211
 447.33281  0.03161
 447.35269  0.03189
 447.37261  0.03166
 447.39251  0.03154
 447.41239  0.03190
 447.43230  0.03147
 447.45218  0.03186
 447.47209  0.03151
 447.49200  0.03153
 447.51188  0.03164
 447.53179  0.03164
 447.55167  0.03149
 447.57158  0.03161
 447.59146  0.03175
 447.61137  0.03218
 447.63125  0.03318
 447.65116  0.03481
