# wl 	 %tx
 288.72593  2.41329
 288.74703  2.38899
 288.76810  2.43188
 288.78920  2.42489
 288.81031  2.40813
 288.83138  2.41329
 288.85249  2.40450
 288.87359  2.42175
 288.89466  2.43643
 288.91576  2.44947
 288.93687  2.45662
 288.95797  2.44562
 288.97905  2.46559
 289.00014  2.45917
 289.02122  2.43472
 289.04232  2.41137
 289.06343  2.41844
 289.08449  2.43909
 289.10560  2.44192
 289.12670  2.43177
 289.14778  2.44654
 289.16888  2.43992
 289.18995  2.44015
 289.21105  2.43332
 289.23216  2.41892
 289.25323  2.42272
 289.27434  2.44192
 289.29540  2.44905
 289.31651  2.43571
 289.33758  2.42998
 289.35869  2.40742
 289.37979  2.38458
 289.40086  2.37926
 289.42196  2.39265
 289.44304  2.40264
 289.46414  2.40314
 289.48522  2.38673
 289.50631  2.38204
 289.52739  2.35455
 289.54850  2.37414
 289.56957  2.36883
 289.59068  2.36084
 289.61174  2.38507
 289.63285  2.37545
 289.65392  2.39641
 289.67500  2.37950
 289.69609  2.36716
 289.71717  2.38347
 289.73827  2.37361
 289.75935  2.39113
 289.78045  2.37894
 289.80152  2.37257
 289.82259  2.37218
 289.84370  2.34747
 289.86477  2.36407
 289.88588  2.36915
 289.90694  2.38457
 289.92802  2.36907
 289.94912  2.35076
 289.97020  2.33001
 289.99129  2.33089
 290.01237  2.32158
 290.03344  2.32728
 290.05455  2.31345
 290.07562  2.31879
 290.09669  2.32140
 290.11779  2.32733
 290.13887  2.32375
 290.15994  2.32123
 290.18105  2.32981
 290.20211  2.33960
 290.22319  2.33463
 290.24426  2.31949
 290.26537  2.33352
 290.28643  2.33425
 290.30751  2.34241
 290.32859  2.33724
 290.34969  2.33889
 290.37077  2.34741
 290.39183  2.32439
 290.41291  2.33114
 290.43401  2.30808
 290.45509  2.28668
 290.47615  2.27587
 290.49723  2.26968
 290.51830  2.25584
 290.53941  2.26482
 290.56048  2.27549
 290.58155  2.29739
 290.60262  2.27848
 290.62370  2.26927
 290.64480  2.26356
 290.66587  2.27362
 290.68694  2.25840
 290.70802  2.28167
 290.72909  2.26369
 290.75016  2.26885
 290.77123  2.26053
 290.79234  2.25278
 290.81341  2.25268
 290.83449  2.27068
 290.85555  2.27835
 290.87663  2.27202
 290.89770  2.24553
 290.91878  2.24266
 290.93984  2.20338
 290.96092  2.21154
 290.98199  2.19209
 291.00307  2.20733
 291.02414  2.21011
 291.04521  2.19260
 291.06629  2.19945
 291.08739  2.21931
 291.10847  2.19358
 291.12953  2.19386
 291.15061  2.18996
 291.17168  2.20204
 291.19276  2.19855
 291.21382  2.20551
 291.23490  2.21664
 291.25594  2.22774
 291.27702  2.24753
 291.29808  2.23532
 291.31916  2.23645
 291.34023  2.23273
 291.36131  2.22559
 291.38237  2.23093
 291.40345  2.25491
 291.42452  2.22872
 291.44560  2.22538
 291.46666  2.22472
 291.48774  2.24516
 291.50881  2.23551
 291.52989  2.21804
 291.55096  2.22959
 291.57200  2.24188
 291.59308  2.24300
 291.61415  2.24395
 291.63523  2.24401
 291.65629  2.26421
 291.67737  2.27586
 291.69844  2.26346
 291.71949  2.27274
 291.74055  2.27797
 291.76163  2.28499
 291.78270  2.27847
 291.80378  2.27852
 291.82481  2.29050
 291.84589  2.31109
 291.86696  2.30755
 291.88804  2.31362
 291.90910  2.32710
 291.93015  2.32998
 291.95122  2.33993
 291.97230  2.34234
 291.99336  2.36577
 292.01441  2.40361
 292.03548  2.40228
 292.05656  2.40785
 292.07762  2.40357
 292.09867  2.39090
 292.11975  2.41083
 292.14082  2.42171
 292.16186  2.44399
 292.18293  2.44472
 292.20401  2.44701
 292.22505  2.46896
 292.24612  2.49871
 292.26719  2.49956
 292.28824  2.50446
 292.30931  2.51814
 292.33038  2.53867
 292.35142  2.54166
 292.37250  2.52047
 292.39357  2.52721
 292.41461  2.52720
 292.43568  2.53360
 292.45676  2.54337
 292.47780  2.55932
 292.49887  2.56999
 292.51991  2.58203
 292.54099  2.58319
 292.56203  2.59520
 292.58310  2.63171
 292.60418  2.63694
 292.62522  2.65629
 292.64630  2.66260
 292.66733  2.68167
 292.68841  2.71259
 292.70945  2.73936
 292.73052  2.74280
 292.75156  2.74470
 292.77264  2.73112
 292.79368  2.74271
 292.81475  2.75013
 292.83579  2.79562
 292.85687  2.79049
 292.87791  2.79868
 292.89898  2.83710
 292.92002  2.85665
 292.94110  2.87054
 292.96214  2.85727
 292.98321  2.88310
 293.00425  2.90502
 293.02533  2.94189
 293.04638  2.95381
 293.06741  2.96894
 293.08849  2.99669
 293.10953  3.03589
 293.13060  3.05229
 293.15164  3.07291
 293.17269  3.09096
 293.19376  3.13146
 293.21480  3.13997
 293.23584  3.18496
 293.25692  3.23572
 293.27796  3.29059
 293.29903  3.34605
 293.32007  3.39712
 293.34112  3.43080
 293.36219  3.45650
 293.38323  3.50106
 293.40427  3.54998
 293.42532  3.58850
 293.44638  3.61951
 293.46743  3.67696
 293.48848  3.71302
 293.50955  3.78110
 293.53059  3.79231
 293.55163  3.84065
 293.57268  3.90628
 293.59375  3.97365
 293.61479  4.05308
 293.63583  4.08825
 293.65688  4.17294
 293.67794  4.20991
 293.69899  4.24326
 293.72003  4.28593
 293.74108  4.36592
 293.76214  4.42282
 293.78319  4.48179
 293.80423  4.56559
 293.82527  4.62207
 293.84631  4.68037
 293.86736  4.76457
 293.88844  4.82977
 293.90947  4.87263
 293.93052  4.92670
 293.95156  4.98645
 293.97261  5.05536
 293.99364  5.12118
 294.01469  5.18493
 294.03576  5.24905
 294.05680  5.30908
 294.07784  5.36576
 294.09889  5.40811
 294.11993  5.45877
 294.14097  5.52961
 294.16201  5.59061
 294.18306  5.64383
 294.20409  5.70036
 294.22514  5.73421
 294.24619  5.79454
 294.26723  5.87418
 294.28827  5.93947
 294.30931  6.00350
 294.33036  6.02913
 294.35139  6.05284
 294.37247  6.11931
 294.39351  6.17536
 294.41456  6.22488
 294.43556  6.24622
 294.45661  6.30873
 294.47765  6.35450
 294.49869  6.41488
 294.51973  6.46418
 294.54078  6.49957
 294.56182  6.55392
 294.58286  6.57866
 294.60390  6.61010
 294.62495  6.68334
 294.64599  6.72972
 294.66703  6.79879
 294.68808  6.84785
 294.70912  6.91254
 294.73016  6.95503
 294.75120  7.03057
 294.77222  7.12982
 294.79325  7.13325
 294.81430  7.19426
 294.83534  7.22720
 294.85638  7.28986
 294.87742  7.34656
 294.89847  7.41783
 294.91948  7.48282
 294.94052  7.55300
 294.96157  7.61470
 294.98261  7.68345
 295.00365  7.77312
 295.02469  7.85895
 295.04571  7.95609
 295.06674  8.03692
 295.08779  8.08505
 295.10883  8.15771
 295.12985  8.23523
 295.15088  8.35258
 295.17193  8.45632
 295.19297  8.52714
 295.21398  8.60800
 295.23502  8.69228
 295.25607  8.81742
 295.27711  8.93679
 295.29812  9.05461
 295.31917  9.16169
 295.34021  9.24005
 295.36122  9.36325
 295.38226  9.49017
 295.40331  9.62001
 295.42434  9.76696
 295.44536  9.84839
 295.46640  9.96159
 295.48744  10.06854
 295.50845  10.24245
 295.52950  10.39324
 295.55051  10.50923
 295.57155  10.62860
 295.59259  10.77942
 295.61361  10.91065
 295.63465  11.02317
 295.65569  11.16145
 295.67671  11.33111
 295.69774  11.48605
 295.71876  11.55970
 295.73980  11.70277
 295.76081  11.85866
 295.78185  11.97248
 295.80290  12.11347
 295.82391  12.22874
 295.84495  12.33527
 295.86596  12.46189
 295.88701  12.58075
 295.90801  12.69514
 295.92906  12.79588
 295.95008  12.92976
 295.97111  13.02313
 295.99213  13.15241
 296.01317  13.27588
 296.03418  13.35665
 296.05522  13.44419
 296.07624  13.54728
 296.09727  13.67064
 296.11829  13.73429
 296.13930  13.80600
 296.16035  13.87819
 296.18135  13.93212
 296.20240  13.98072
 296.22341  14.04827
 296.24445  14.11269
 296.26547  14.15940
 296.28648  14.21532
 296.30752  14.30145
 296.32853  14.35080
 296.34958  14.40602
 296.37058  14.46387
 296.39160  14.47540
 296.41264  14.49302
 296.43365  14.57970
 296.45466  14.59466
 296.47571  14.63183
 296.49671  14.66054
 296.51773  14.65442
 296.53877  14.67354
 296.55978  14.75392
 296.58080  14.76168
 296.60184  14.77916
 296.62285  14.79264
 296.64386  14.80808
 296.66488  14.84705
 296.68592  14.83206
 296.70693  14.86639
 296.72794  14.96304
 296.74899  14.95600
 296.76999  14.98351
 296.79101  15.00078
 296.81202  15.02937
 296.83303  15.08319
 296.85408  15.08882
 296.87509  15.14476
 296.89610  15.16412
 296.91711  15.20472
 296.93813  15.24514
 296.95916  15.28738
 296.98018  15.35054
 297.00119  15.36342
 297.02220  15.39215
 297.04321  15.47307
 297.06423  15.50139
 297.08526  15.57802
 297.10628  15.59593
 297.12730  15.64703
 297.14830  15.70927
 297.16932  15.73865
 297.19033  15.81061
 297.21134  15.84752
 297.23235  15.95070
 297.25337  15.96675
 297.27440  16.04566
 297.29542  16.05164
 297.31643  16.17522
 297.33744  16.21120
 297.35845  16.25437
 297.37947  16.28570
 297.40048  16.36309
 297.42149  16.34744
 297.44251  16.47061
 297.46351  16.51577
 297.48453  16.56476
 297.50554  16.61907
 297.52655  16.67616
 297.54756  16.66537
 297.56858  16.73741
 297.58958  16.77938
 297.61060  16.81587
 297.63161  16.85470
 297.65262  16.83665
 297.67364  16.85913
 297.69465  16.86184
 297.71566  16.88292
 297.73667  16.92601
 297.75765  16.92065
 297.77866  16.89586
 297.79968  16.91836
 297.82068  16.94268
 297.84170  16.90069
 297.86271  16.86784
 297.88372  16.87242
 297.90473  16.84127
 297.92575  16.79921
 297.94673  16.76089
 297.96774  16.75767
 297.98876  16.73875
 298.00976  16.72339
 298.03078  16.62631
 298.05179  16.59058
 298.07277  16.59271
 298.09378  16.47749
 298.11480  16.42210
 298.13580  16.42311
 298.15682  16.36657
 298.17781  16.31393
 298.19881  16.24548
 298.21983  16.20130
 298.24084  16.14681
 298.26182  16.06831
 298.28283  16.02659
 298.30384  15.97067
 298.32485  15.92480
 298.34584  15.88851
 298.36684  15.79188
 298.38786  15.74823
 298.40887  15.71035
 298.42985  15.62841
 298.45087  15.62951
 298.47188  15.53402
 298.49286  15.54812
 298.51387  15.45659
 298.53489  15.42894
 298.55586  15.38054
 298.57688  15.37561
 298.59788  15.36301
 298.61887  15.27105
 298.63988  15.27577
 298.66086  15.26119
 298.68188  15.23351
 298.70289  15.23788
 298.72387  15.19799
 298.74488  15.21172
 298.76590  15.19226
 298.78687  15.16048
 298.80789  15.18447
 298.82886  15.16540
 298.84988  15.16609
 298.87086  15.19963
 298.89187  15.19902
 298.91286  15.19807
 298.93387  15.25945
 298.95485  15.27599
 298.97586  15.29588
 298.99688  15.31784
 299.01785  15.31277
 299.03887  15.36696
 299.05985  15.42747
 299.08083  15.48757
 299.10184  15.49790
 299.12282  15.59775
 299.14384  15.60327
 299.16482  15.64853
 299.18583  15.67409
 299.20681  15.78195
 299.22783  15.86601
 299.24880  15.90549
 299.26982  15.96169
 299.29079  15.99678
 299.31178  16.10560
 299.33279  16.12342
 299.35377  16.20646
 299.37479  16.29229
 299.39577  16.37802
 299.41675  16.43651
 299.43776  16.50548
 299.45875  16.57486
 299.47972  16.61943
 299.50074  16.71814
 299.52171  16.76382
 299.54270  16.88392
 299.56371  16.91766
 299.58469  17.00071
 299.60568  17.07428
 299.62669  17.12938
 299.64767  17.16788
 299.66865  17.24841
 299.68963  17.30956
 299.71064  17.31746
 299.73163  17.38852
 299.75260  17.47683
 299.77362  17.45903
 299.79460  17.51284
 299.81558  17.56260
 299.83657  17.58856
 299.85754  17.57507
 299.87856  17.57544
 299.89954  17.59982
 299.92052  17.60235
 299.94150  17.64955
 299.96248  17.62643
 299.98349  17.56982
 300.00448  17.58504
 300.02545  17.51609
 300.04644  17.49383
 300.06743  17.50577
 300.08840  17.45494
 300.10942  17.42446
 300.13039  17.33636
 300.15138  17.28047
 300.17236  17.23108
 300.19334  17.12783
 300.21432  17.11065
 300.23530  16.98808
 300.25628  16.91725
 300.27727  16.82478
 300.29828  16.76114
 300.31926  16.68688
 300.34025  16.58800
 300.36122  16.49355
 300.38221  16.38654
 300.40318  16.33745
 300.42417  16.24588
 300.44515  16.16664
 300.46613  16.04905
 300.48712  15.96594
 300.50809  15.82883
 300.52908  15.76649
 300.55006  15.69500
 300.57104  15.58650
 300.59202  15.54275
 300.61300  15.44554
 300.63398  15.36736
 300.65497  15.25553
 300.67594  15.17682
 300.69693  15.10192
 300.71792  15.00871
 300.73889  14.96926
 300.75985  14.89267
 300.78082  14.82103
 300.80181  14.74262
 300.82279  14.70865
 300.84377  14.62986
 300.86475  14.59924
 300.88573  14.53541
 300.90672  14.49795
 300.92770  14.44969
 300.94865  14.40844
 300.96963  14.38712
 300.99061  14.33785
 301.01159  14.32904
 301.03258  14.27989
 301.05355  14.25880
 301.07451  14.21366
 301.09548  14.24436
 301.11647  14.21014
 301.13746  14.20755
 301.15843  14.18677
 301.17939  14.14526
 301.20036  14.17541
 301.22135  14.15598
 301.24233  14.20561
 301.26328  14.19388
 301.28426  14.19941
 301.30524  14.19107
 301.32623  14.18433
 301.34718  14.25741
 301.36816  14.22619
 301.38914  14.27555
 301.41009  14.26883
 301.43107  14.30411
 301.45205  14.33890
 301.47300  14.34678
 301.49399  14.39988
 301.51497  14.45025
 301.53592  14.44024
 301.55690  14.45462
 301.57788  14.49239
 301.59884  14.52084
 301.61981  14.57040
 301.64080  14.55355
 301.66174  14.57186
 301.68273  14.63322
 301.70369  14.62946
 301.72466  14.68361
 301.74565  14.66852
 301.76659  14.73563
 301.78758  14.75547
 301.80852  14.73255
 301.82951  14.78143
 301.85046  14.75325
 301.87144  14.79528
 301.89243  14.75723
 301.91337  14.78488
 301.93436  14.80890
 301.95531  14.81562
 301.97629  14.81100
 301.99724  14.83449
 302.01822  14.80700
 302.03917  14.83140
 302.06016  14.77211
 302.08111  14.75882
 302.10206  14.75790
 302.12304  14.70931
 302.14399  14.74993
 302.16497  14.69328
 302.18592  14.72637
 302.20691  14.62987
 302.22785  14.66071
 302.24881  14.55822
 302.26978  14.52877
 302.29074  14.53986
 302.31172  14.47655
 302.33267  14.48761
 302.35363  14.39195
 302.37460  14.38591
 302.39556  14.33852
 302.41653  14.34913
 302.43749  14.26246
 302.45845  14.26812
 302.47942  14.21689
 302.50038  14.14861
 302.52132  14.14781
 302.54231  14.11550
 302.56325  14.09964
 302.58421  14.04739
 302.60516  14.02821
 302.62614  13.98071
 302.64710  13.98822
 302.66804  13.94982
 302.68900  13.92336
 302.70997  13.93721
 302.73093  13.91016
 302.75188  13.88888
 302.77283  13.84266
 302.79381  13.86382
 302.81476  13.82351
 302.83572  13.84818
 302.85666  13.83168
 302.87762  13.87631
 302.89860  13.87138
 302.91955  13.85180
 302.94050  13.83478
 302.96145  13.89162
 302.98240  13.89079
 303.00338  13.89947
 303.02434  13.93261
 303.04528  13.95381
 303.06624  14.01232
 303.08719  14.02957
 303.10814  14.07139
 303.12909  14.09827
 303.15004  14.13853
 303.17099  14.21212
 303.19197  14.23941
 303.21293  14.26540
 303.23388  14.33690
 303.25483  14.43961
 303.27578  14.46100
 303.29673  14.53627
 303.31768  14.59947
 303.33863  14.67108
 303.35958  14.72641
 303.38053  14.84072
 303.40149  14.88554
 303.42244  15.00884
 303.44339  15.05405
 303.46434  15.14012
 303.48529  15.22217
 303.50624  15.31118
 303.52719  15.41752
 303.54815  15.47803
 303.56909  15.62613
 303.59005  15.69514
 303.61100  15.80398
 303.63195  15.87103
 303.65290  15.99669
 303.67382  16.11909
 303.69477  16.17918
 303.71572  16.28104
 303.73668  16.39326
 303.75762  16.49189
 303.77858  16.57020
 303.79953  16.65273
 303.82048  16.73752
 303.84143  16.86098
 303.86235  16.92125
 303.88330  16.99833
 303.90425  17.09099
 303.92521  17.17767
 303.94615  17.24921
 303.96711  17.31093
 303.98802  17.39132
 304.00898  17.49335
 304.02993  17.55516
 304.05088  17.58881
 304.07184  17.63879
 304.09275  17.70812
 304.11371  17.75184
 304.13465  17.75625
 304.15561  17.79522
 304.17652  17.84430
 304.19748  17.85129
 304.21843  17.84539
 304.23935  17.87911
 304.26031  17.85943
 304.28125  17.87640
 304.30221  17.86479
 304.32312  17.84599
 304.34408  17.85974
 304.36502  17.83824
 304.38595  17.77947
 304.40690  17.74892
 304.42785  17.73022
 304.44877  17.68826
 304.46972  17.64187
 304.49068  17.55170
 304.51159  17.52075
 304.53255  17.52211
 304.55346  17.42372
 304.57442  17.32590
 304.59537  17.28389
 304.61629  17.24297
 304.63724  17.15531
 304.65816  17.08010
 304.67911  16.95426
 304.70003  16.91036
 304.72098  16.85279
 304.74194  16.75895
 304.76285  16.68820
 304.78381  16.59712
 304.80473  16.54490
 304.82568  16.47549
 304.84660  16.36153
 304.86755  16.30021
 304.88848  16.25767
 304.90942  16.10310
 304.93035  16.05607
 304.95129  15.97349
 304.97222  15.94604
 304.99313  15.82840
 305.01409  15.76937
 305.03500  15.73779
 305.05596  15.66403
 305.07688  15.58272
 305.09783  15.48632
 305.11875  15.48330
 305.13967  15.38855
 305.16063  15.33722
 305.18154  15.26399
 305.20250  15.26588
 305.22342  15.22046
 305.24434  15.15363
 305.26529  15.11567
 305.28621  15.08009
 305.30713  15.03788
 305.32808  15.00634
 305.34900  14.97839
 305.36993  14.95474
 305.39087  14.97344
 305.41180  14.93616
 305.43271  14.89831
 305.45367  14.84923
 305.47458  14.92551
 305.49551  14.89490
 305.51642  14.88285
 305.53738  14.85444
 305.55830  14.89492
 305.57922  14.89820
 305.60014  14.91024
 305.62109  14.88758
 305.64202  14.90381
 305.66293  15.00358
 305.68386  14.95141
 305.70478  14.98555
 305.72573  14.97352
 305.74665  15.09759
 305.76757  15.07789
 305.78849  15.12436
 305.80941  15.17030
 305.83036  15.26710
 305.85129  15.24936
 305.87220  15.29989
 305.89313  15.34347
 305.91404  15.37968
 305.93497  15.48640
 305.95588  15.49762
 305.97681  15.58099
 305.99776  15.66216
 306.01868  15.72171
 306.03960  15.78310
 306.06052  15.87583
 306.08144  15.91477
 306.10236  16.02917
 306.12328  16.09700
 306.14421  16.12046
 306.16512  16.23462
 306.18605  16.33329
 306.20696  16.38756
 306.22789  16.48206
 306.24880  16.58256
 306.26973  16.66658
 306.29065  16.75206
 306.31157  16.80145
 306.33249  16.91402
 306.35341  17.03327
 306.37433  17.10120
 306.39525  17.16278
 306.41617  17.22465
 306.43710  17.35231
 306.45801  17.44031
 306.47894  17.53033
 306.49985  17.60667
 306.52075  17.72561
 306.54166  17.78757
 306.56259  17.86355
 306.58350  17.90130
 306.60443  18.04526
 306.62535  18.08411
 306.64627  18.18655
 306.66719  18.22846
 306.68808  18.35018
 306.70900  18.43140
 306.72992  18.45138
 306.75084  18.50880
 306.77177  18.60836
 306.79268  18.62210
 306.81358  18.72834
 306.83449  18.74117
 306.85542  18.79244
 306.87633  18.91398
 306.89726  18.91988
 306.91815  18.92293
 306.93907  18.96544
 306.95999  19.04185
 306.98091  19.07142
 307.00180  19.04414
 307.02272  19.05508
 307.04364  19.11362
 307.06454  19.15351
 307.08545  19.19483
 307.10638  19.16785
 307.12729  19.19135
 307.14819  19.22660
 307.16910  19.18747
 307.19003  19.14819
 307.21092  19.17815
 307.23184  19.17162
 307.25276  19.18850
 307.27365  19.11144
 307.29457  19.11042
 307.31547  19.10978
 307.33638  19.11962
 307.35731  19.07775
 307.37819  19.01433
 307.39912  19.01084
 307.42000  19.03123
 307.44093  18.94647
 307.46185  18.89246
 307.48274  18.89882
 307.50366  18.83712
 307.52455  18.78116
 307.54547  18.67359
 307.56635  18.71630
 307.58728  18.63804
 307.60817  18.55305
 307.62909  18.52444
 307.64998  18.44963
 307.67090  18.42369
 307.69179  18.33500
 307.71271  18.24677
 307.73360  18.20113
 307.75453  18.15707
 307.77541  18.06764
 307.79634  17.99241
 307.81722  17.93627
 307.83812  17.86784
 307.85903  17.81100
 307.87993  17.66453
 307.90085  17.63050
 307.92174  17.56751
 307.94266  17.48108
 307.96355  17.38725
 307.98444  17.27848
 308.00536  17.21746
 308.02625  17.14543
 308.04714  17.07588
 308.06806  16.96269
 308.08895  16.84444
 308.10984  16.83792
 308.13076  16.75530
 308.15165  16.65132
 308.17254  16.53750
 308.19347  16.46990
 308.21435  16.43215
 308.23525  16.29087
 308.25616  16.22754
 308.27706  16.14756
 308.29795  16.07095
 308.31884  15.98554
 308.33976  15.87863
 308.36065  15.81587
 308.38154  15.74785
 308.40242  15.69507
 308.42332  15.62618
 308.44424  15.52221
 308.46513  15.47794
 308.48602  15.37686
 308.50691  15.32441
 308.52780  15.22429
 308.54872  15.23480
 308.56961  15.08869
 308.59051  15.06539
 308.61139  14.96435
 308.63229  14.96328
 308.65317  14.89528
 308.67406  14.86982
 308.69498  14.74705
 308.71587  14.76838
 308.73677  14.71095
 308.75765  14.60302
 308.77855  14.55475
 308.79943  14.56686
 308.82033  14.52379
 308.84122  14.53533
 308.86211  14.40647
 308.88300  14.42002
 308.90388  14.37378
 308.92478  14.39592
 308.94566  14.32688
 308.96656  14.38347
 308.98745  14.34215
 309.00834  14.36519
 309.02923  14.27454
 309.05012  14.25173
 309.07101  14.30099
 309.09190  14.29551
 309.11279  14.31192
 309.13368  14.28252
 309.15457  14.27315
 309.17546  14.28027
 309.19635  14.28913
 309.21724  14.25174
 309.23814  14.29704
 309.25902  14.31138
 309.27992  14.31572
 309.30080  14.28784
 309.32170  14.31951
 309.34255  14.35844
 309.36344  14.42130
 309.38434  14.38603
 309.40522  14.46182
 309.42612  14.51947
 309.44700  14.57110
 309.46790  14.61011
 309.48875  14.66579
 309.50965  14.70922
 309.53054  14.76366
 309.55142  14.85130
 309.57232  14.86843
 309.59317  14.92518
 309.61407  15.00461
 309.63496  15.08006
 309.65585  15.11680
 309.67671  15.17431
 309.69760  15.28182
 309.71849  15.37734
 309.73937  15.41608
 309.76024  15.48190
 309.78113  15.60968
 309.80202  15.65693
 309.82291  15.74839
 309.84377  15.81196
 309.86466  15.88641
 309.88555  16.00244
 309.90641  16.07005
 309.92730  16.15020
 309.94819  16.23405
 309.96905  16.28119
 309.98994  16.43744
 310.01080  16.47124
 310.03170  16.57940
 310.05258  16.62828
 310.07344  16.77768
 310.09433  16.83509
 310.11522  16.87258
 310.13609  16.96426
 310.15697  17.07598
 310.17784  17.11476
 310.19872  17.26311
 310.21958  17.32073
 310.24047  17.34970
 310.26133  17.47291
 310.28223  17.52592
 310.30308  17.60507
 310.32398  17.65436
 310.34486  17.74320
 310.36572  17.81838
 310.38659  17.87835
 310.40747  17.94339
 310.42834  18.02073
 310.44922  18.08871
 310.47009  18.15951
 310.49097  18.17900
 310.51183  18.30993
 310.53273  18.34387
 310.55358  18.38894
 310.57448  18.41875
 310.59533  18.49066
 310.61620  18.55154
 310.63709  18.56099
 310.65794  18.61907
 310.67884  18.69136
 310.69969  18.75390
 310.72056  18.78800
 310.74144  18.80882
 310.76230  18.83139
 310.78317  18.88984
 310.80405  18.97028
 310.82492  18.98307
 310.84577  19.02354
 310.86667  19.06716
 310.88753  19.12354
 310.90838  19.13888
 310.92928  19.14338
 310.95013  19.16475
 310.97100  19.24180
 310.99185  19.26979
 311.01275  19.26916
 311.03361  19.32845
 311.05446  19.32825
 311.07533  19.38563
 311.09621  19.37954
 311.11708  19.38941
 311.13794  19.43618
 311.15879  19.47380
 311.17966  19.50030
 311.20054  19.48876
 311.22141  19.54159
 311.24227  19.58384
 311.26312  19.60748
 311.28399  19.61613
 311.30484  19.60661
 311.32571  19.67326
 311.34659  19.70212
 311.36746  19.70020
 311.38832  19.71938
 311.40917  19.77308
 311.43004  19.75984
 311.45089  19.79196
 311.47176  19.76197
 311.49262  19.81863
 311.51347  19.84626
 311.53434  19.82311
 311.55519  19.82698
 311.57609  19.83323
 311.59695  19.87100
 311.61780  19.90662
 311.63867  19.85529
 311.65952  19.86815
 311.68039  19.90143
 311.70124  19.92111
 311.72210  19.93410
 311.74297  19.95501
 311.76382  19.95812
 311.78469  19.96022
 311.80551  19.95598
 311.82637  19.91083
 311.84724  19.95287
 311.86809  19.97274
 311.88896  19.90593
 311.90981  19.94849
 311.93067  19.89052
 311.95154  19.89638
 311.97239  19.96415
 311.99326  19.84343
 312.01411  19.87279
 312.03494  19.82988
 312.05580  19.84190
 312.07666  19.81521
 312.09753  19.70418
 312.11838  19.74822
 312.13924  19.74834
 312.16010  19.70831
 312.18093  19.64335
 312.20180  19.63171
 312.22265  19.61270
 312.24351  19.58602
 312.26437  19.58162
 312.28520  19.49225
 312.30606  19.47220
 312.32692  19.45798
 312.34778  19.41107
 312.36861  19.34419
 312.38947  19.24163
 312.41032  19.26137
 312.43116  19.22308
 312.45202  19.16062
 312.47288  19.10704
 312.49374  19.05580
 312.51456  19.02122
 312.53543  18.96171
 312.55629  18.90167
 312.57711  18.90841
 312.59798  18.84763
 312.61883  18.77542
 312.63967  18.73063
 312.66053  18.64882
 312.68135  18.61508
 312.70222  18.56499
 312.72307  18.51581
 312.74391  18.44811
 312.76477  18.41419
 312.78559  18.37913
 312.80646  18.32442
 312.82731  18.24625
 312.84814  18.21932
 312.86901  18.16559
 312.88983  18.15528
 312.91070  18.09048
 312.93152  18.03853
 312.95238  17.99703
 312.97321  17.98854
 312.99407  17.93469
 313.01490  17.86347
 313.03576  17.82771
 313.05659  17.83034
 313.07745  17.75388
 313.09828  17.72732
 313.11914  17.67896
 313.13997  17.64704
 313.16083  17.66307
 313.18165  17.58549
 313.20249  17.52711
 313.22335  17.55141
 313.24418  17.58281
 313.26504  17.51040
 313.28586  17.47191
 313.30670  17.47661
 313.32756  17.45220
 313.34838  17.38149
 313.36925  17.39943
 313.39007  17.36657
 313.41091  17.41082
 313.43177  17.34514
 313.45259  17.34200
 313.47343  17.30216
 313.49428  17.36118
 313.51511  17.34552
 313.53595  17.35850
 313.55677  17.32680
 313.57764  17.31891
 313.59846  17.32700
 313.61929  17.33635
 313.64015  17.27359
 313.66098  17.28317
 313.68181  17.31452
 313.70264  17.33351
 313.72347  17.34492
 313.74432  17.33623
 313.76516  17.33197
 313.78599  17.36050
 313.80681  17.31836
 313.82765  17.35351
 313.84850  17.32853
 313.86934  17.37868
 313.89017  17.37758
 313.91099  17.37201
 313.93183  17.32508
 313.95265  17.37961
 313.97351  17.36493
 313.99435  17.37861
 314.01517  17.37034
 314.03600  17.33522
 314.05683  17.35925
 314.07766  17.35038
 314.09849  17.36937
 314.11932  17.37455
 314.14015  17.36906
 314.16098  17.36701
 314.18181  17.31602
 314.20264  17.32577
 314.22347  17.31908
 314.24430  17.33201
 314.26512  17.30909
 314.28596  17.25993
 314.30679  17.24399
 314.32761  17.25111
 314.34845  17.22171
 314.36927  17.21724
 314.39010  17.15885
 314.41094  17.17106
 314.43176  17.14232
 314.45259  17.11723
 314.47342  17.08713
 314.49425  17.04802
 314.51508  17.02670
 314.53591  17.05103
 314.55674  16.99053
 314.57757  16.92125
 314.59840  16.91242
 314.61920  16.85478
 314.64003  16.84466
 314.66086  16.78771
 314.68168  16.73903
 314.70252  16.73315
 314.72335  16.65913
 314.74414  16.68368
 314.76498  16.60745
 314.78580  16.53282
 314.80663  16.55855
 314.82747  16.46967
 314.84829  16.47610
 314.86909  16.37666
 314.88992  16.41128
 314.91075  16.33742
 314.93158  16.22495
 314.95238  16.24317
 314.97321  16.19544
 314.99403  16.24176
 315.01484  16.14046
 315.03567  16.12929
 315.05649  15.97300
 315.07733  16.05017
 315.09812  15.94122
 315.11895  15.91924
 315.13979  15.90712
 315.16058  15.85825
 315.18141  15.90292
 315.20224  15.70106
 315.22304  15.79773
 315.24387  15.72660
 315.26470  15.75337
 315.28550  15.69477
 315.30632  15.65938
 315.32713  15.64359
 315.34796  15.59345
 315.36878  15.58640
 315.38959  15.63830
 315.41041  15.49115
 315.43121  15.55915
 315.45205  15.52203
 315.47284  15.50618
 315.49367  15.46541
 315.51447  15.53724
 315.53530  15.45679
 315.55610  15.50564
 315.57693  15.41101
 315.59773  15.37385
 315.61855  15.52349
 315.63936  15.44511
 315.66019  15.43259
 315.68098  15.45001
 315.70182  15.41741
 315.72261  15.36026
 315.74344  15.50003
 315.76424  15.38222
 315.78504  15.39804
 315.80587  15.48355
 315.82666  15.43733
 315.84750  15.48397
 315.86830  15.44323
 315.88909  15.52724
 315.90993  15.52130
 315.93072  15.49542
 315.95152  15.57372
 315.97236  15.53308
 315.99315  15.57311
 316.01398  15.58021
 316.03478  15.60966
 316.05558  15.57466
 316.07638  15.63613
 316.09721  15.65537
 316.11801  15.75571
 316.13880  15.70501
 316.15964  15.71820
 316.18044  15.71221
 316.20123  15.81557
 316.22203  15.75465
 316.24286  15.81211
 316.26366  15.84847
 316.28446  15.86531
 316.30526  15.93916
 316.32606  15.95912
 316.34688  15.94386
 316.36769  15.99550
 316.38849  16.05720
 316.40928  16.06552
 316.43009  16.05304
 316.45091  16.10706
 316.47171  16.08239
 316.49251  16.22285
 316.51331  16.20599
 316.53411  16.20627
 316.55491  16.20145
 316.57571  16.33936
 316.59651  16.34548
 316.61730  16.32457
 316.63814  16.40828
 316.65894  16.46545
 316.67973  16.48634
 316.70054  16.45783
 316.72133  16.53256
 316.74213  16.53513
 316.76293  16.58384
 316.78373  16.56580
 316.80453  16.70066
 316.82532  16.69525
 316.84613  16.75067
 316.86693  16.75257
 316.88772  16.81078
 316.90852  16.84377
 316.92932  16.89775
 316.95012  16.94014
 316.97092  16.96587
 316.99172  17.02689
 317.01252  17.03981
 317.03331  17.06801
 317.05409  17.15577
 317.07489  17.16819
 317.09568  17.23717
 317.11648  17.30213
 317.13728  17.31347
 317.15808  17.35562
 317.17888  17.41848
 317.19968  17.46421
 317.22045  17.53872
 317.24125  17.61862
 317.26204  17.62010
 317.28285  17.69570
 317.30364  17.77047
 317.32444  17.80011
 317.34522  17.87374
 317.36601  17.91736
 317.38681  17.98596
 317.40761  18.06177
 317.42838  18.14696
 317.44918  18.19737
 317.46997  18.27136
 317.49078  18.34927
 317.51154  18.43323
 317.53234  18.52029
 317.55315  18.58479
 317.57394  18.64283
 317.59471  18.73815
 317.61550  18.82779
 317.63631  18.92737
 317.65708  18.98373
 317.67787  19.05526
 317.69867  19.15789
 317.71945  19.23269
 317.74024  19.32633
 317.76104  19.40711
 317.78181  19.50897
 317.80261  19.62976
 317.82338  19.69946
 317.84417  19.79779
 317.86498  19.88739
 317.88574  19.95119
 317.90654  20.03644
 317.92732  20.15693
 317.94811  20.25890
 317.96891  20.38641
 317.98967  20.49718
 318.01048  20.61548
 318.03125  20.65488
 318.05204  20.71245
 318.07281  20.77450
 318.09362  20.84183
 318.11438  21.00218
 318.13518  21.20545
 318.15595  21.30153
 318.17675  21.32185
 318.19752  21.30724
 318.21828  21.41461
 318.23909  21.49517
 318.25985  21.57022
 318.28065  21.65761
 318.30142  21.71289
 318.32222  21.78342
 318.34299  21.82287
 318.36375  21.91385
 318.38456  21.96638
 318.40533  22.01888
 318.42609  22.10379
 318.44689  22.10955
 318.46767  22.11461
 318.48846  22.15881
 318.50923  22.09300
 318.52999  22.16360
 318.55080  22.26794
 318.57157  22.21611
 318.59233  22.26256
 318.61310  22.26361
 318.63390  22.26101
 318.65467  22.24568
 318.67544  22.15014
 318.69620  22.09681
 318.71701  22.07453
 318.73777  22.03801
 318.75854  22.05538
 318.77931  21.97354
 318.80011  21.94964
 318.82088  21.88458
 318.84165  21.84475
 318.86242  21.77201
 318.88319  21.64018
 318.90398  21.56507
 318.92475  21.53242
 318.94553  21.42546
 318.96629  21.30740
 318.98706  21.20142
 319.00782  21.13847
 319.02860  21.07414
 319.04940  20.94384
 319.07016  20.81130
 319.09093  20.69947
 319.11171  20.54303
 319.13247  20.42169
 319.15324  20.37459
 319.17400  20.22395
 319.19478  20.10336
 319.21555  19.96683
 319.23631  19.81287
 319.25708  19.67705
 319.27785  19.58497
 319.29862  19.44562
 319.31939  19.33221
 319.34015  19.18382
 319.36093  19.05653
 319.38170  18.93192
 319.40246  18.82444
 319.42323  18.68911
 319.44400  18.55148
 319.46477  18.44116
 319.48554  18.33544
 319.50630  18.20465
 319.52708  18.09066
 319.54784  17.96511
 319.56861  17.83163
 319.58938  17.72605
 319.61011  17.62325
 319.63089  17.50011
 319.65166  17.40088
 319.67242  17.27517
 319.69319  17.18856
 319.71396  17.10237
 319.73473  16.93826
 319.75547  16.87457
 319.77623  16.81698
 319.79701  16.71564
 319.81777  16.60369
 319.83854  16.50587
 319.85928  16.37146
 319.88005  16.35364
 319.90082  16.27741
 319.92159  16.16977
 319.94232  16.07143
 319.96310  16.01275
 319.98386  15.98457
 320.00463  15.88030
 320.02537  15.77888
 320.04613  15.72105
 320.06691  15.68157
 320.08764  15.58356
 320.10841  15.54292
 320.12918  15.45209
 320.14992  15.47519
 320.17069  15.38725
 320.19146  15.31951
 320.21219  15.30653
 320.23297  15.22333
 320.25373  15.21232
 320.27447  15.10083
 320.29524  15.09580
 320.31597  14.99564
 320.33675  15.05627
 320.35752  14.98281
 320.37825  14.99368
 320.39902  14.92048
 320.41976  14.90473
 320.44053  14.94770
 320.46127  14.90867
 320.48203  14.79489
 320.50277  14.81366
 320.52354  14.77050
 320.54428  14.85378
 320.56505  14.80436
 320.58578  14.74294
 320.60656  14.69857
 320.62730  14.81688
 320.64806  14.73442
 320.66880  14.79379
 320.68956  14.72083
 320.71031  14.74017
 320.73108  14.72654
 320.75181  14.73784
 320.77255  14.70579
 320.79333  14.73210
 320.81406  14.81179
 320.83483  14.71599
 320.85556  14.80438
 320.87630  14.81668
 320.89708  14.82884
 320.91781  14.78901
 320.93855  14.89129
 320.95931  14.84276
 320.98005  14.93419
 321.00080  14.94216
 321.02156  15.00678
 321.04230  14.99445
 321.06304  15.07613
 321.08377  15.07662
 321.10455  15.07609
 321.12528  15.07523
 321.14602  15.21116
 321.16679  15.14614
 321.18753  15.31432
 321.20827  15.30781
 321.22901  15.40777
 321.24974  15.40210
 321.27051  15.46503
 321.29125  15.53703
 321.31199  15.60977
 321.33273  15.65211
 321.35346  15.71221
 321.37423  15.76421
 321.39498  15.76119
 321.41571  15.90425
 321.43645  15.95006
 321.45718  16.00607
 321.47792  16.10077
 321.49867  16.18041
 321.51940  16.22357
 321.54014  16.35753
 321.56091  16.42247
 321.58164  16.45710
 321.60239  16.55028
 321.62312  16.61988
 321.64386  16.68340
 321.66460  16.75576
 321.68533  16.83418
 321.70608  16.93443
 321.72681  17.01287
 321.74755  17.03972
 321.76829  17.17104
 321.78902  17.26851
 321.80977  17.36349
 321.83051  17.45284
 321.85124  17.49112
 321.87198  17.55978
 321.89271  17.63264
 321.91346  17.74369
 321.93420  17.81961
 321.95490  17.89959
 321.97564  17.97490
 321.99638  18.04087
 322.01711  18.12267
 322.03786  18.18165
 322.05859  18.26085
 322.07933  18.31867
 322.10007  18.39563
 322.12077  18.45459
 322.14152  18.52015
 322.16226  18.56538
 322.18299  18.62293
 322.20373  18.68504
 322.22446  18.73726
 322.24517  18.76747
 322.26592  18.80627
 322.28665  18.84588
 322.30739  18.88035
 322.32810  18.92439
 322.34883  18.94851
 322.36958  18.98336
 322.39031  19.01117
 322.41102  19.01810
 322.43176  19.04252
 322.45249  19.05564
 322.47324  19.06615
 322.49395  19.09559
 322.51468  19.06464
 322.53542  19.05186
 322.55612  19.05651
 322.57686  19.04245
 322.59761  19.03058
 322.61831  18.99406
 322.63905  18.96481
 322.65979  18.94746
 322.68049  18.93385
 322.70123  18.90138
 322.72195  18.86303
 322.74268  18.83318
 322.76339  18.79394
 322.78412  18.76659
 322.80486  18.73189
 322.82557  18.70183
 322.84631  18.65645
 322.86702  18.59526
 322.88776  18.54271
 322.90846  18.49055
 322.92920  18.43897
 322.94991  18.39280
 322.97065  18.35369
 322.99136  18.30716
 323.01209  18.25433
 323.03280  18.18820
 323.05354  18.13731
 323.07425  18.08093
 323.09499  18.04024
 323.11569  17.99157
 323.13640  17.94256
 323.15714  17.86627
 323.17784  17.81697
 323.19859  17.77988
 323.21930  17.72014
 323.24000  17.66272
 323.26074  17.67553
 323.28144  17.61513
 323.30215  17.54525
 323.32290  17.51097
 323.34360  17.48242
 323.36431  17.44613
 323.38505  17.43310
 323.40575  17.39548
 323.42646  17.34035
 323.44720  17.28894
 323.46791  17.25645
 323.48862  17.24196
 323.50935  17.17743
 323.53006  17.20419
 323.55077  17.17927
 323.57147  17.15873
 323.59222  17.10510
 323.61293  17.06718
 323.63363  17.07284
 323.65434  17.08939
 323.67504  17.07731
 323.69578  17.08594
 323.71649  17.04439
 323.73720  17.06976
 323.75791  17.03260
 323.77862  16.98452
 323.79932  16.98451
 323.82003  17.00609
 323.84076  17.00427
 323.86148  17.01668
 323.88219  17.01090
 323.90289  16.98272
 323.92360  16.98341
 323.94431  16.99365
 323.96501  16.98671
 323.98572  16.97806
 324.00644  16.99389
 324.02714  17.01399
 324.04785  17.01598
 324.06855  16.99906
 324.08926  17.02848
 324.10997  17.02694
 324.13067  17.01862
 324.15139  17.01766
 324.17210  17.00144
 324.19280  16.98517
 324.21351  17.00210
 324.23421  17.00034
 324.25492  17.01178
 324.27563  17.03918
 324.29634  16.98683
 324.31705  16.98711
 324.33776  17.03428
 324.35846  17.02753
 324.37917  16.98857
 324.39988  16.99559
 324.42055  17.02809
 324.44127  17.01894
 324.46197  17.00196
 324.48268  16.96214
 324.50339  16.95979
 324.52409  16.97881
 324.54480  16.97127
 324.56548  16.94999
 324.58618  16.94493
 324.60690  16.96743
 324.62761  16.96715
 324.64831  16.90260
 324.66899  16.87810
 324.68969  16.91002
 324.71040  16.88165
 324.73111  16.86699
 324.75179  16.88123
 324.77250  16.88353
 324.79321  16.85107
 324.81388  16.79874
 324.83459  16.81485
 324.85529  16.83633
 324.87600  16.82563
 324.89668  16.80886
 324.91739  16.82137
 324.93810  16.83538
 324.95878  16.80133
 324.97948  16.77985
 325.00016  16.80530
 325.02087  16.78919
 325.04157  16.81812
 325.06225  16.82908
 325.08296  16.82358
 325.10367  16.83179
 325.12435  16.83957
 325.14505  16.84456
 325.16573  16.82913
 325.18644  16.86979
 325.20711  16.90745
 325.22782  16.88408
 325.24850  16.88693
 325.26921  16.92022
 325.28989  16.96079
 325.31059  16.97217
 325.33127  17.00240
 325.35198  17.03144
 325.37265  17.03441
 325.39336  17.10288
 325.41404  17.14637
 325.43475  17.18465
 325.45543  17.21671
 325.47614  17.23069
 325.49681  17.28896
 325.51749  17.32808
 325.53819  17.38255
 325.55887  17.41991
 325.57958  17.46642
 325.60025  17.51493
 325.62094  17.56471
 325.64165  17.62064
 325.66232  17.68307
 325.68300  17.74418
 325.70371  17.79663
 325.72438  17.82976
 325.74506  17.87998
 325.76576  17.94251
 325.78644  18.01411
 325.80713  18.06980
 325.82780  18.12620
 325.84851  18.18585
 325.86919  18.24070
 325.88986  18.29082
 325.91054  18.34024
 325.93125  18.39842
 325.95192  18.44986
 325.97260  18.51834
 325.99328  18.56391
 326.01396  18.61048
 326.03467  18.63886
 326.05534  18.67643
 326.07602  18.72744
 326.09670  18.78154
 326.11737  18.81785
 326.13805  18.83927
 326.15876  18.86917
 326.17943  18.88722
 326.20011  18.92579
 326.22080  18.95826
 326.24147  18.98255
 326.26215  19.00489
 326.28282  19.01891
 326.30350  19.01568
 326.32418  19.01898
 326.34485  19.02001
 326.36553  19.00422
 326.38621  19.01467
 326.40688  19.01905
 326.42757  19.00589
 326.44825  18.99084
 326.46892  18.97553
 326.48960  18.94387
 326.51027  18.91492
 326.53095  18.86160
 326.55163  18.83810
 326.57230  18.80792
 326.59298  18.78924
 326.61366  18.75584
 326.63433  18.71631
 326.65502  18.66094
 326.67570  18.60695
 326.69637  18.55759
 326.71705  18.51150
 326.73773  18.46531
 326.75837  18.41702
 326.77905  18.36956
 326.79972  18.32619
 326.82040  18.26455
 326.84108  18.20913
 326.86175  18.16432
 326.88243  18.11850
 326.90309  18.06395
 326.92376  18.00542
 326.94444  17.95423
 326.96512  17.90536
 326.98576  17.86545
 327.00644  17.81970
 327.02712  17.75478
 327.04779  17.69921
 327.06844  17.65118
 327.08911  17.61361
 327.10979  17.59962
 327.13047  17.57055
 327.15111  17.52734
 327.17180  17.50555
 327.19248  17.48216
 327.21312  17.46231
 327.23380  17.43739
 327.25448  17.40137
 327.27512  17.39785
 327.29580  17.38705
 327.31648  17.37115
 327.33712  17.36538
 327.35780  17.35939
 327.37844  17.32584
 327.39912  17.36157
 327.41980  17.36166
 327.44044  17.37944
 327.46113  17.39917
 327.48178  17.38906
 327.50245  17.40132
 327.52310  17.40936
 327.54378  17.43411
 327.56442  17.47121
 327.58510  17.52301
 327.60575  17.57337
 327.62642  17.59545
 327.64707  17.60891
 327.66774  17.65388
 327.68839  17.69644
 327.70907  17.76583
 327.72971  17.81310
 327.75040  17.86360
 327.77105  17.92545
 327.79172  17.97613
 327.81237  18.04020
 327.83302  18.10555
 327.85369  18.16223
 327.87434  18.23894
 327.89499  18.31396
 327.91566  18.39155
 327.93631  18.46022
 327.95699  18.52634
 327.97763  18.60918
 327.99828  18.68625
 328.01895  18.76099
 328.03960  18.83329
 328.06025  18.90067
 328.08089  18.98451
 328.10157  19.06058
 328.12223  19.14372
 328.14287  19.22243
 328.16355  19.31720
 328.18420  19.39166
 328.20484  19.46523
 328.22549  19.53423
 328.24614  19.59118
 328.26681  19.64584
 328.28746  19.71893
 328.30810  19.79050
 328.32875  19.86836
 328.34940  19.92731
 328.37007  19.96679
 328.39072  20.02074
 328.41137  20.05863
 328.43201  20.08992
 328.45266  20.16683
 328.47331  20.20822
 328.49395  20.29044
 328.51460  20.31862
 328.53529  20.27993
 328.55593  20.30247
 328.57658  20.30349
 328.59723  20.31157
 328.61787  20.31136
 328.63852  20.36487
 328.65916  20.42026
 328.67981  20.41062
 328.70046  20.37940
 328.72110  20.35492
 328.74175  20.30835
 328.76240  20.29725
 328.78304  20.28957
 328.80369  20.28863
 328.82434  20.25924
 328.84498  20.22645
 328.86563  20.18379
 328.88628  20.15849
 328.90692  20.08268
 328.92757  20.08339
 328.94819  20.00704
 328.96883  19.96589
 328.98948  19.87704
 329.01013  19.85492
 329.03077  19.81274
 329.05142  19.75406
 329.07207  19.70113
 329.09272  19.66015
 329.11334  19.59100
 329.13398  19.53550
 329.15463  19.46516
 329.17528  19.40255
 329.19592  19.33568
 329.21654  19.27652
 329.23719  19.22014
 329.25783  19.15521
 329.27848  19.08712
 329.29913  19.02878
 329.31974  18.96376
 329.34039  18.91061
 329.36104  18.85719
 329.38165  18.80659
 329.40230  18.74645
 329.42295  18.69034
 329.44359  18.63535
 329.46421  18.58273
 329.48485  18.53538
 329.50550  18.47541
 329.52612  18.43580
 329.54676  18.39074
 329.56738  18.34058
 329.58803  18.29741
 329.60867  18.25621
 329.62929  18.22562
 329.64994  18.18640
 329.67055  18.14602
 329.69120  18.10791
 329.71185  18.08356
 329.73246  18.05391
 329.75311  18.02180
 329.77373  17.98518
 329.79437  17.95849
 329.81499  17.92642
 329.83564  17.91088
 329.85625  17.88760
 329.87690  17.88293
 329.89752  17.86051
 329.91816  17.85327
 329.93878  17.85146
 329.95942  17.83749
 329.98004  17.80471
 330.00070  17.79398
 330.02130  17.77640
 330.04192  17.75895
 330.06258  17.75698
 330.08319  17.75041
 330.10384  17.74217
 330.12446  17.74414
 330.14507  17.73660
 330.16572  17.72603
 330.18634  17.72734
 330.20698  17.73179
 330.22760  17.74050
 330.24822  17.75000
 330.26886  17.73779
 330.28948  17.73771
 330.31010  17.73504
 330.33071  17.73359
 330.35136  17.73723
 330.37198  17.73106
 330.39259  17.72940
 330.41321  17.72013
 330.43386  17.72020
 330.45447  17.72915
 330.47509  17.73583
 330.49570  17.74231
 330.51635  17.74499
 330.53697  17.73885
 330.55758  17.73646
 330.57820  17.72536
 330.59882  17.72797
 330.61946  17.71152
 330.64008  17.70983
 330.66070  17.69063
 330.68131  17.68151
 330.70193  17.67846
 330.72255  17.67878
 330.74316  17.67163
 330.76378  17.65833
 330.78440  17.64931
 330.80504  17.63912
 330.82566  17.64174
 330.84628  17.62996
 330.86689  17.61156
 330.88751  17.58905
 330.90813  17.56143
 330.92873  17.53826
 330.94935  17.53145
 330.96997  17.49951
 330.99058  17.47777
 331.01120  17.46093
 331.03182  17.45100
 331.05243  17.43195
 331.07305  17.41254
 331.09366  17.40052
 331.11428  17.37564
 331.13490  17.33904
 331.15548  17.32296
 331.17610  17.29197
 331.19672  17.25230
 331.21733  17.23563
 331.23795  17.20255
 331.25857  17.17901
 331.27918  17.14897
 331.29980  17.13344
 331.32039  17.12052
 331.34100  17.09646
 331.36162  17.07196
 331.38224  17.10955
 331.40285  17.18696
 331.42347  17.31476
 331.44406  17.50857
