# wl 	 %tx
 369.05887  19.68519
 369.07957  20.00301
 369.10024  20.16845
 369.12094  20.24429
 369.14161  20.19821
 369.16232  20.28762
 369.18300  20.32118
 369.20367  20.42711
 369.22437  20.44793
 369.24504  20.55721
 369.26571  20.61929
 369.28641  20.68693
 369.30708  20.71687
 369.32778  20.85263
 369.34845  20.81548
 369.36912  20.94846
 369.38982  21.00664
 369.41049  21.08020
 369.43116  21.15156
 369.45183  21.14713
 369.47253  21.35851
 369.49320  21.37802
 369.51388  21.34680
 369.53458  21.56282
 369.55525  21.57514
 369.57592  21.64710
 369.59659  21.76595
 369.61730  21.77453
 369.63797  21.87370
 369.65864  21.96006
 369.67931  21.94078
 369.70001  22.04758
 369.72068  22.07265
 369.74135  22.25676
 369.76202  22.27502
 369.78269  22.39200
 369.80339  22.37482
 369.82406  22.38230
 369.84473  22.44780
 369.86540  22.63302
 369.88607  22.55708
 369.90674  22.67621
 369.92745  22.70340
 369.94812  22.74405
 369.96879  22.75468
 369.98946  22.84997
 370.01013  22.84415
 370.03080  22.88849
 370.05148  22.91417
 370.07215  23.05460
 370.09282  22.94941
 370.11352  23.04149
 370.13419  22.87615
 370.15486  23.04344
 370.17553  23.09541
 370.19620  23.10042
 370.21687  23.02999
 370.23754  23.00477
 370.25821  23.02074
 370.27888  23.05098
 370.29955  23.06214
 370.32022  22.92670
 370.34089  22.95426
 370.36156  23.01415
 370.38224  22.93280
 370.40291  22.98210
 370.42358  23.01452
 370.44425  22.89818
 370.46493  22.82015
 370.48560  22.83794
 370.50627  22.72819
 370.52694  22.69800
 370.54758  22.75285
 370.56825  22.56772
 370.58892  22.52077
 370.60959  22.47572
 370.63026  22.44396
 370.65093  22.39347
 370.67160  22.30233
 370.69227  22.25840
 370.71294  22.24540
 370.73358  22.00028
 370.75425  22.06983
 370.77492  21.94331
 370.79559  21.89165
 370.81626  21.79109
 370.83693  21.71239
 370.85758  21.75207
 370.87825  21.54008
 370.89892  21.55202
 370.91959  21.49545
 370.94026  21.31039
 370.96090  21.26988
 370.98157  21.15896
 371.00225  21.07211
 371.02292  21.07203
 371.04356  20.97818
 371.06423  20.84777
 371.08490  20.83208
 371.10557  20.68369
 371.12621  20.67231
 371.14688  20.62948
 371.16755  20.54864
 371.18819  20.35285
 371.20886  20.36181
 371.22953  20.24201
 371.25018  20.17126
 371.27085  20.12081
 371.29152  20.08442
 371.31216  20.00127
 371.33283  19.98177
 371.35350  19.87306
 371.37414  19.76686
 371.39481  19.80135
 371.41548  19.64819
 371.43612  19.59510
 371.45679  19.61827
 371.47743  19.49775
 371.49810  19.48189
 371.51877  19.43104
 371.53941  19.26128
 371.56008  19.30295
 371.58072  19.26636
 371.60139  19.21138
 371.62203  19.17459
 371.64271  19.12946
 371.66335  19.05419
 371.68402  19.09944
 371.70466  19.02654
 371.72533  18.98061
 371.74597  18.94834
 371.76664  18.93827
 371.78728  18.85330
 371.80795  18.92109
 371.82859  18.90574
 371.84926  18.85109
 371.86990  18.85323
 371.89057  18.83834
 371.91121  18.76404
 371.93188  18.83543
 371.95252  18.79368
 371.97316  18.74833
 371.99383  18.77537
 372.01448  18.76171
 372.03515  18.72442
 372.05579  18.75992
 372.07643  18.78545
 372.09710  18.76426
 372.11774  18.80681
 372.13841  18.75890
 372.15905  18.77183
 372.17969  18.88690
 372.20036  18.78973
 372.22100  18.88906
 372.24164  18.85956
 372.26228  18.86835
 372.28295  18.91529
 372.30359  18.94505
 372.32423  18.94271
 372.34491  19.00499
 372.36554  19.02725
 372.38619  19.04794
 372.40683  19.09350
 372.42751  19.09807
 372.44815  19.09866
 372.46878  19.25981
 372.48942  19.22939
 372.51010  19.25730
 372.53074  19.36474
 372.55137  19.34907
 372.57201  19.36283
 372.59265  19.45717
 372.61333  19.50283
 372.63397  19.49962
 372.65460  19.57526
 372.67524  19.62392
 372.69588  19.65180
 372.71652  19.77413
 372.73719  19.76695
 372.75784  19.84220
 372.77848  19.93675
 372.79912  19.94111
 372.81976  19.92531
 372.84040  20.08967
 372.86104  20.07500
 372.88168  20.19029
 372.90232  20.19875
 372.92299  20.19325
 372.94363  20.36239
 372.96427  20.41536
 372.98491  20.42543
 373.00555  20.46736
 373.02619  20.51031
 373.04683  20.51301
 373.06747  20.66348
 373.08811  20.69269
 373.10876  20.69115
 373.12940  20.81628
 373.15004  20.83063
 373.17068  20.87272
 373.19132  20.95072
 373.21196  20.92715
 373.23260  20.98339
 373.25324  21.18501
 373.27388  21.06030
 373.29452  21.14316
 373.31516  21.10454
 373.33577  21.23847
 373.35641  21.22849
 373.37705  21.32188
 373.39769  21.33078
 373.41833  21.36471
 373.43897  21.34245
 373.45962  21.47897
 373.48026  21.42780
 373.50090  21.55627
 373.52151  21.54068
 373.54215  21.56438
 373.56279  21.54543
 373.58343  21.53205
 373.60407  21.53467
 373.62471  21.55685
 373.64532  21.67983
 373.66596  21.59417
 373.68660  21.60903
 373.70724  21.63263
 373.72788  21.60340
 373.74849  21.63294
 373.76913  21.66913
 373.78977  21.60678
 373.81042  21.65522
 373.83103  21.65657
 373.85167  21.57437
 373.87231  21.65061
 373.89295  21.52750
 373.91356  21.62198
 373.93420  21.70218
 373.95484  21.43686
 373.97544  21.63656
 373.99608  21.44810
 374.01672  21.57717
 374.03733  21.49400
 374.05797  21.49191
 374.07861  21.48012
 374.09922  21.39827
 374.11986  21.33043
 374.14050  21.34311
 374.16112  21.40407
 374.18176  21.30984
 374.20237  21.28363
 374.22301  21.30060
 374.24365  21.20913
 374.26426  21.15548
 374.28490  21.13440
 374.30551  21.08905
 374.32615  21.15169
 374.34676  21.08509
 374.36740  20.99405
 374.38804  21.06424
 374.40865  20.98268
 374.42929  20.98067
 374.44990  20.88414
 374.47054  20.95012
 374.49116  20.77748
 374.51180  20.81198
 374.53241  20.76992
 374.55305  20.68750
 374.57366  20.75322
 374.59430  20.70307
 374.61490  20.65867
 374.63551  20.63045
 374.65615  20.59901
 374.67676  20.51377
 374.69740  20.56500
 374.71801  20.46513
 374.73865  20.48793
 374.75926  20.44524
 374.77987  20.44764
 374.80051  20.42605
 374.82113  20.48848
 374.84177  20.45275
 374.86238  20.35415
 374.88299  20.34822
 374.90363  20.31057
 374.92424  20.28192
 374.94485  20.35202
 374.96549  20.30304
 374.98610  20.27764
 375.00671  20.22757
 375.02735  20.26388
 375.04796  20.13974
 375.06856  20.23638
 375.08917  20.23975
 375.10981  20.21014
 375.13042  20.19221
 375.15104  20.18978
 375.17165  20.15665
 375.19229  20.22125
 375.21290  20.24560
 375.23351  20.28388
 375.25412  20.31320
 375.27476  20.25730
 375.29537  20.29758
 375.31598  20.31781
 375.33659  20.22645
 375.35720  20.37498
 375.37784  20.24326
 375.39845  20.27033
 375.41906  20.31970
 375.43967  20.33930
 375.46028  20.29411
 375.48089  20.43060
 375.50150  20.40557
 375.52214  20.43944
 375.54275  20.42129
 375.56336  20.46808
 375.58397  20.51007
 375.60458  20.51549
 375.62519  20.52977
 375.64580  20.55210
 375.66641  20.59067
 375.68702  20.65128
 375.70763  20.68724
 375.72824  20.76569
 375.74885  20.85168
 375.76946  20.81177
 375.79007  20.96138
 375.81068  20.81679
 375.83129  20.91902
 375.85190  20.89136
 375.87251  21.00806
 375.89312  20.97410
 375.91373  21.03568
 375.93434  21.02683
 375.95495  21.04939
 375.97556  21.19200
 375.99617  21.19419
 376.01678  21.24938
 376.03739  21.33882
 376.05800  21.23522
 376.07861  21.35057
 376.09923  21.40581
 376.11983  21.44194
 376.14044  21.46747
 376.16102  21.56625
 376.18163  21.55649
 376.20224  21.59422
 376.22285  21.63478
 376.24346  21.68312
 376.26407  21.76187
 376.28468  21.84504
 376.30526  21.78629
 376.32587  21.88203
 376.34648  21.82518
 376.36709  21.87243
 376.38770  22.08568
 376.40828  21.93391
 376.42889  22.10256
 376.44950  22.01312
 376.47011  22.22375
 376.49072  22.13305
 376.51130  22.10846
 376.53191  22.18250
 376.55252  22.16318
 376.57310  22.21580
 376.59371  22.22220
 376.61432  22.23564
 376.63493  22.26530
 376.65551  22.21369
 376.67611  22.19194
 376.69672  22.19609
 376.71731  22.25895
 376.73792  22.25296
 376.75853  22.29821
 376.77911  22.27344
 376.79972  22.25217
 376.82033  22.26937
 376.84091  22.29904
 376.86152  22.23039
 376.88210  22.19452
 376.90271  22.17876
 376.92331  22.25546
 376.94389  22.18156
 376.96450  22.18302
 376.98508  22.11968
 377.00570  22.12462
 377.02631  22.08027
 377.04689  22.08517
 377.06750  22.03747
 377.08808  22.01584
 377.10869  21.93471
 377.12927  21.86123
 377.14988  21.87281
 377.17045  21.95169
 377.19106  21.85030
 377.21164  21.80822
 377.23225  21.81007
 377.25283  21.64782
 377.27344  21.64193
 377.29402  21.52653
 377.31464  21.47989
 377.33522  21.38441
 377.35580  21.38968
 377.37641  21.39085
 377.39698  21.36005
 377.41759  21.30534
 377.43817  21.29355
 377.45875  21.28030
 377.47936  21.21281
 377.49994  21.17903
 377.52055  21.12936
 377.54113  20.98675
 377.56171  20.94172
 377.58232  20.83534
 377.60290  20.83425
 377.62348  20.81619
 377.64409  20.78628
 377.66467  20.73450
 377.68525  20.66159
 377.70586  20.58367
 377.72644  20.57053
 377.74702  20.57751
 377.76760  20.48755
 377.78821  20.56982
 377.80878  20.47117
 377.82936  20.42420
 377.84994  20.30421
 377.87055  20.30953
 377.89114  20.17258
 377.91172  20.16416
 377.93230  20.16982
 377.95291  20.07697
 377.97349  20.10973
 377.99407  20.00626
 378.01464  19.99226
 378.03522  20.01057
 378.05580  19.91581
 378.07641  19.90266
 378.09699  19.89155
 378.11757  19.96802
 378.13815  19.93810
 378.15873  19.89824
 378.17932  19.91376
 378.19989  19.81584
 378.22047  19.74307
 378.24108  19.71492
 378.26166  19.73842
 378.28224  19.74154
 378.30282  19.75381
 378.32340  19.66825
 378.34398  19.68057
 378.36456  19.66567
 378.38513  19.62867
 378.40571  19.67056
 378.42629  19.65972
 378.44687  19.66378
 378.46746  19.69114
 378.48804  19.69207
 378.50862  19.74606
 378.52920  19.77782
 378.54978  19.88849
 378.57035  19.86547
 378.59093  19.79367
 378.61151  19.77994
 378.63209  19.76986
 378.65267  19.79049
 378.67325  19.85386
 378.69383  19.83832
 378.71441  19.84629
 378.73499  19.90998
 378.75554  19.86554
 378.77612  19.88438
 378.79670  19.98369
 378.81728  20.02748
 378.83786  20.03225
 378.85844  20.06765
 378.87902  20.15363
 378.89960  20.09429
 378.92014  20.18924
 378.94072  20.26730
 378.96130  20.33909
 378.98188  20.48284
 379.00246  20.48503
 379.02302  20.51561
 379.04360  20.51568
 379.06417  20.52782
 379.08475  20.58651
 379.10533  20.60850
 379.12588  20.66671
 379.14646  20.72470
 379.16704  20.75981
 379.18759  20.79558
 379.20817  20.88971
 379.22874  20.92213
 379.24932  20.96402
 379.26987  21.09275
 379.29046  21.05124
 379.31104  21.10602
 379.33159  21.14017
 379.35217  21.29035
 379.37275  21.31639
 379.39329  21.34000
 379.41387  21.38247
 379.43445  21.51965
 379.45500  21.59235
 379.47558  21.72295
 379.49616  21.81223
 379.51671  21.78212
 379.53728  21.75683
 379.55784  21.87840
 379.57842  21.76554
 379.59897  21.90786
 379.61955  21.91147
 379.64013  22.03222
 379.66068  22.05858
 379.68126  21.97629
 379.70180  22.01576
 379.72238  22.13692
 379.74293  22.10569
 379.76351  22.13085
 379.78406  22.32302
 379.80464  22.23660
 379.82520  22.27328
 379.84577  22.24795
 379.86632  22.29380
 379.88690  22.35340
 379.90745  22.33066
 379.92803  22.36960
 379.94858  22.32678
 379.96912  22.46089
 379.98970  22.42069
 380.01025  22.52279
 380.03083  22.48119
 380.05138  22.44047
 380.07196  22.45325
 380.09252  22.36843
 380.11306  22.37900
 380.13364  22.32693
 380.15419  22.33462
 380.17474  22.38815
 380.19532  22.29932
 380.21587  22.24060
 380.23642  22.23394
 380.25699  22.22919
 380.27754  22.15915
 380.29809  22.10937
 380.31867  22.11340
 380.33922  21.98446
 380.35978  22.11460
 380.38033  21.95610
 380.40090  22.01556
 380.42145  21.96719
 380.44200  21.92959
 380.46255  21.92347
 380.48313  21.82564
 380.50368  21.70272
 380.52422  21.72095
 380.54477  21.62212
 380.56532  21.55460
 380.58590  21.41934
 380.60645  21.42318
 380.62701  21.26810
 380.64755  21.17384
 380.66810  21.08705
 380.68868  20.97975
 380.70923  20.88909
 380.72978  20.78606
 380.75033  20.81521
 380.77088  20.67230
 380.79142  20.61634
 380.81197  20.51829
 380.83252  20.42668
 380.85307  20.29119
 380.87366  20.13786
 380.89421  20.08940
 380.91475  19.97690
 380.93530  19.85644
 380.95585  19.87290
 380.97640  19.88337
 380.99695  19.78747
 381.01750  19.69332
 381.03804  19.52887
 381.05859  19.33674
 381.07914  19.26214
 381.09969  19.12980
 381.12024  19.10179
 381.14080  18.97407
 381.16134  18.99531
 381.18189  18.94548
 381.20244  18.89027
 381.22299  18.94273
 381.24354  18.78384
 381.26406  18.73385
 381.28460  18.58446
 381.30515  18.47643
 381.32570  18.39442
 381.34625  18.31751
 381.36680  18.21544
 381.38736  18.12864
 381.40790  18.20086
 381.42845  18.04287
 381.44897  18.02128
 381.46952  18.10692
 381.49007  18.05358
 381.51061  18.04979
 381.53116  17.97029
 381.55171  17.88075
 381.57223  17.76218
 381.59278  17.64909
 381.61333  17.67231
 381.63387  17.55016
 381.65443  17.62416
 381.67495  17.53315
 381.69550  17.46968
 381.71605  17.53095
 381.73660  17.42433
 381.75711  17.46584
 381.77766  17.48295
 381.79821  17.61524
 381.81873  17.57928
 381.83928  17.54555
 381.85982  17.50952
 381.88034  17.35004
 381.90090  17.43217
 381.92145  17.37005
 381.94197  17.34734
 381.96251  17.38010
 381.98306  17.36284
 382.00358  17.37902
 382.02413  17.33888
 382.04468  17.43067
 382.06520  17.35337
 382.08574  17.38169
 382.10626  17.46578
 382.12681  17.46698
 382.14737  17.58852
 382.16789  17.66814
 382.18843  17.72076
 382.20895  17.68164
 382.22950  17.63432
 382.25002  17.63950
 382.27057  17.62046
 382.29108  17.69101
 382.31163  17.67409
 382.33215  17.72883
 382.35270  17.83102
 382.37322  17.83086
 382.39378  17.91870
 382.41429  17.90075
 382.43484  17.99641
 382.45536  18.03942
 382.47591  18.10125
 382.49643  18.16400
 382.51697  18.19896
 382.53749  18.39220
 382.55801  18.49056
 382.57856  18.59629
 382.59908  18.65799
 382.61962  18.61881
 382.64015  18.68417
 382.66067  18.69868
 382.68122  18.76272
 382.70174  18.79321
 382.72225  18.84219
 382.74280  18.98140
 382.76332  18.99588
 382.78384  19.11714
 382.80439  19.19219
 382.82490  19.24436
 382.84542  19.39050
 382.86598  19.43258
 382.88650  19.54518
 382.90702  19.64546
 382.92753  19.75933
 382.94808  19.81064
 382.96860  19.90467
 382.98912  20.04257
 383.00963  20.22644
 383.03018  20.32936
 383.05070  20.38740
 383.07122  20.41633
 383.09174  20.38662
 383.11226  20.46457
 383.13281  20.62023
 383.15333  20.68193
 383.17385  20.80961
 383.19437  20.83632
 383.21488  20.91153
 383.23540  21.01620
 383.25595  21.06523
 383.27647  21.12945
 383.29699  21.25755
 383.31750  21.29871
 383.33802  21.49054
 383.35855  21.47624
 383.37907  21.50963
 383.39958  21.51248
 383.42010  21.69796
 383.44062  21.71956
 383.46117  21.80823
 383.48169  21.98068
 383.50220  22.03963
 383.52272  22.17160
 383.54324  22.06663
 383.56376  22.10711
 383.58429  22.12028
 383.60480  22.25366
 383.62532  22.15780
 383.64584  22.17741
 383.66636  22.28910
 383.68687  22.20004
 383.70739  22.32587
 383.72788  22.28668
 383.74840  22.37148
 383.76892  22.32730
 383.78943  22.40653
 383.80995  22.42031
 383.83048  22.38004
 383.85100  22.43629
 383.87151  22.46224
 383.89203  22.45313
 383.91255  22.42976
 383.93304  22.31571
 383.95356  22.33896
 383.97407  22.31890
 383.99459  22.38123
 384.01511  22.34944
 384.03563  22.38445
 384.05612  22.26082
 384.07664  22.11235
 384.09716  22.13138
 384.11768  21.99605
 384.13819  22.03491
 384.15868  22.01441
 384.17920  21.90576
 384.19972  21.86213
 384.22024  21.77620
 384.24072  21.73134
 384.26124  21.64154
 384.28177  21.55499
 384.30229  21.48936
 384.32277  21.41588
 384.34329  21.37699
 384.36381  21.29725
 384.38430  21.23183
 384.40481  21.26660
 384.42533  21.11090
 384.44582  20.94825
 384.46634  20.91539
 384.48686  20.78356
 384.50734  20.69670
 384.52787  20.69168
 384.54839  20.59033
 384.56888  20.49301
 384.58939  20.52466
 384.60988  20.43302
 384.63040  20.39550
 384.65089  20.27618
 384.67140  20.16617
 384.69192  20.19814
 384.71241  20.10080
 384.73293  19.99753
 384.75342  19.95653
 384.77394  19.98152
 384.79443  19.98705
 384.81495  19.88506
 384.83543  19.85850
 384.85595  19.85522
 384.87644  19.68700
 384.89696  19.59000
 384.91744  19.54270
 384.93796  19.49381
 384.95845  19.43418
 384.97895  19.39047
 384.99946  19.37018
 385.01995  19.20840
 385.04047  19.11035
 385.06096  19.02982
 385.08147  18.92186
 385.10196  19.02144
 385.12245  19.02453
 385.14297  19.01080
 385.16345  18.96013
 385.18394  18.77549
 385.20447  18.67639
 385.22496  18.66738
 385.24544  18.65625
 385.26596  18.61321
 385.28645  18.60105
 385.30694  18.71372
 385.32745  18.64873
 385.34794  18.59070
 385.36843  18.57647
 385.38895  18.41077
 385.40943  18.36683
 385.42993  18.34249
 385.45042  18.32471
 385.47094  18.30106
 385.49142  18.30895
 385.51191  18.42865
 385.53240  18.48146
 385.55289  18.57438
 385.57340  18.57968
 385.59389  18.45107
 385.61438  18.47080
 385.63488  18.35237
 385.65536  18.31923
 385.67585  18.35248
 385.69637  18.34092
 385.71685  18.33847
 385.73734  18.30691
 385.75783  18.41325
 385.77832  18.41775
 385.79880  18.53046
 385.81929  18.68900
 385.83978  18.75793
 385.86028  18.76712
 385.88079  18.70647
 385.90128  18.66464
 385.92177  18.68268
 385.94226  18.66345
 385.96274  18.75052
 385.98323  18.70609
 386.00372  18.77972
 386.02420  18.80838
 386.04469  18.85382
 386.06518  19.02318
 386.08568  19.01081
 386.10616  19.13600
 386.12665  19.27951
 386.14714  19.38193
 386.16763  19.48569
 386.18811  19.44345
 386.20860  19.43238
 386.22906  19.39497
 386.24954  19.48282
 386.27003  19.55349
 386.29053  19.57376
 386.31102  19.62753
 386.33150  19.66815
 386.35199  19.83918
 386.37248  19.78554
 386.39297  19.96041
 386.41342  20.02587
 386.43391  20.08631
 386.45440  20.16149
 386.47488  20.38054
 386.49537  20.47196
 386.51587  20.63895
 386.53633  20.69500
 386.55681  20.66733
 386.57730  20.61442
 386.59779  20.73281
 386.61824  20.74532
 386.63873  20.79740
 386.65922  20.89721
 386.67971  20.94591
 386.70016  20.98438
 386.72065  21.08521
 386.74115  21.14721
 386.76163  21.17759
 386.78209  21.38022
 386.80258  21.32743
 386.82307  21.39211
 386.84352  21.51754
 386.86401  21.50410
 386.88450  21.68977
 386.90495  21.89903
 386.92544  21.85473
 386.94594  21.98545
 386.96640  21.86081
 386.98688  22.03051
 387.00734  21.93843
 387.02783  21.99985
 387.04831  22.00401
 387.06877  22.05134
 387.08926  22.00442
 387.10972  22.15853
 387.13020  22.09363
 387.15067  22.13586
 387.17116  22.22268
 387.19164  22.12934
 387.21210  22.21373
 387.23259  22.22651
 387.25304  22.24734
 387.27353  22.17720
 387.29399  22.28365
 387.31448  22.22883
 387.33493  22.29711
 387.35539  22.37860
 387.37589  22.31067
 387.39634  22.28486
 387.41683  22.13087
 387.43729  22.15196
 387.45778  22.14335
 387.47823  22.12272
 387.49869  22.01378
 387.51918  21.95387
 387.53963  21.94508
 387.56012  21.96404
 387.58059  21.78426
 387.60104  21.87605
 387.62153  21.77417
 387.64199  21.67228
 387.66244  21.68446
 387.68293  21.57889
 387.70339  21.47497
 387.72385  21.41839
 387.74433  21.39759
 387.76479  21.28850
 387.78526  21.30768
 387.80571  21.22321
 387.82620  21.21821
 387.84666  21.04485
 387.86711  21.02888
 387.88757  20.98993
 387.90806  20.86510
 387.92851  20.69186
 387.94897  20.61355
 387.96943  20.53854
 387.98993  20.40966
 388.01038  20.36437
 388.03084  20.30739
 388.05130  20.12380
 388.07175  20.07010
 388.09221  19.96419
 388.11270  19.88939
 388.13315  19.83449
 388.15361  19.73798
 388.17407  19.64681
 388.19453  19.58521
 388.21499  19.47999
 388.23545  19.34918
 388.25590  19.18269
 388.27636  19.14224
 388.29685  19.01469
 388.31730  18.99705
 388.33776  18.99458
 388.35822  18.87444
 388.37868  18.84279
 388.39914  18.72105
 388.41960  18.58331
 388.44006  18.46648
 388.46051  18.36878
 388.48097  18.34637
 388.50143  18.22124
 388.52188  18.13014
 388.54234  18.11974
 388.56280  17.97417
 388.58325  17.95149
 388.60372  17.95108
 388.62415  17.91202
 388.64460  17.77876
 388.66506  17.67472
 388.68552  17.66531
 388.70597  17.52049
 388.72643  17.47715
 388.74689  17.47689
 388.76734  17.34940
 388.78780  17.37446
 388.80824  17.28789
 388.82869  17.23027
 388.84915  17.21400
 388.86961  17.12721
 388.89006  17.20475
 388.91052  17.07546
 388.93095  17.06216
 388.95140  17.02350
 388.97186  16.88731
 388.99232  16.97270
 389.01275  16.85472
 389.03321  16.82296
 389.05367  16.84106
 389.07412  16.74461
 389.09455  16.78049
 389.11501  16.69759
 389.13546  16.70992
 389.15592  16.68887
 389.17635  16.61678
 389.19680  16.74422
 389.21727  16.63653
 389.23770  16.65691
 389.25815  16.68239
 389.27861  16.62133
 389.29904  16.62136
 389.31949  16.58205
 389.33995  16.67148
 389.36038  16.63522
 389.38083  16.63642
 389.40126  16.81423
 389.42173  16.75809
 389.44218  16.83788
 389.46261  16.86000
 389.48307  16.83648
 389.50349  16.91500
 389.52395  16.85127
 389.54437  16.84313
 389.56483  16.76381
 389.58526  16.85354
 389.60572  17.08312
 389.62615  16.98162
 389.64661  16.99466
 389.66703  16.94874
 389.68749  16.88172
 389.70792  16.92564
 389.72837  17.01093
 389.74880  17.15821
 389.76926  17.29027
 389.78968  17.24177
 389.81015  17.20413
 389.83058  17.12442
 389.85103  17.15792
 389.87146  17.21468
 389.89189  17.20998
 389.91234  17.34449
 389.93277  17.46279
 389.95319  17.57676
 389.97365  17.64071
 389.99408  17.59805
 390.01451  17.59466
 390.03497  17.59671
 390.05540  17.62058
 390.07582  17.61972
 390.09628  17.64286
 390.11671  17.77206
 390.13713  17.81505
 390.15759  17.93530
 390.17802  18.10821
 390.19845  18.15972
 390.21888  18.21410
 390.23933  18.19399
 390.25976  18.15618
 390.28019  18.19003
 390.30061  18.21178
 390.32107  18.31561
 390.34150  18.30302
 390.36192  18.36501
 390.38235  18.45936
 390.40279  18.50350
 390.42324  18.66198
 390.44367  18.75513
 390.46409  18.84718
 390.48452  18.92858
 390.50495  18.94191
 390.52537  18.91779
 390.54580  18.89482
 390.56623  18.94256
 390.58669  19.04292
 390.60712  19.04284
 390.62755  19.12219
 390.64797  19.11925
 390.66840  19.18719
 390.68882  19.23769
 390.70925  19.27194
 390.72968  19.40195
 390.75010  19.40655
 390.77053  19.56102
 390.79097  19.63329
 390.81139  19.64253
 390.83182  19.59420
 390.85224  19.62128
 390.87267  19.60580
 390.89310  19.71509
 390.91352  19.70773
 390.93395  19.67128
 390.95438  19.77603
 390.97481  19.78400
 390.99524  19.79678
 391.01566  19.81017
 391.03606  19.85537
 391.05649  19.92053
 391.07691  19.92624
 391.09734  20.02666
 391.11777  20.00741
 391.13819  20.06540
 391.15863  20.14569
 391.17905  20.08089
 391.19945  20.08485
 391.21988  20.10646
 391.24030  20.00323
 391.26073  20.04490
 391.28115  20.08758
 391.30155  20.03506
 391.32198  20.07487
 391.34240  20.05251
 391.36284  20.09393
 391.38327  20.06174
 391.40366  20.05228
 391.42409  20.07100
 391.44451  20.03240
 391.46491  20.01952
 391.48534  20.12104
 391.50576  20.05899
 391.52619  20.04069
 391.54659  20.04281
 391.56702  20.06805
 391.58745  20.05813
 391.60784  20.10237
 391.62827  20.01648
 391.64869  19.93355
 391.66909  19.95496
 391.68952  19.90423
 391.70991  19.90822
 391.73035  19.89161
 391.75077  19.83291
 391.77117  19.91834
 391.79160  19.78788
 391.81199  19.80989
 391.83242  19.81954
 391.85281  19.71455
 391.87324  19.78707
 391.89367  19.69706
 391.91407  19.71330
 391.93450  19.73784
 391.95489  19.64819
 391.97532  19.62850
 391.99572  19.70757
 392.01614  19.66808
 392.03654  19.60308
 392.05697  19.59392
 392.07736  19.58790
 392.09777  19.56299
 392.11819  19.55128
 392.13859  19.55195
 392.15901  19.55826
 392.17941  19.47512
 392.19984  19.47404
 392.22023  19.46027
 392.24063  19.40207
 392.26105  19.44380
 392.28146  19.39947
 392.30186  19.44054
 392.32228  19.40193
 392.34268  19.40779
 392.36307  19.35500
 392.38350  19.29183
 392.40390  19.31417
 392.42429  19.36248
 392.44472  19.38114
 392.46512  19.37231
 392.48552  19.39586
 392.50595  19.33234
 392.52634  19.33916
 392.54674  19.30206
 392.56713  19.31483
 392.58753  19.31484
 392.60795  19.32515
 392.62835  19.38571
 392.64876  19.32399
 392.66915  19.34633
 392.68958  19.37845
 392.70997  19.31039
 392.73037  19.35520
 392.75077  19.38161
 392.77116  19.38192
 392.79156  19.36944
 392.81195  19.38105
 392.83239  19.40019
 392.85278  19.39908
 392.87318  19.49772
 392.89358  19.44768
 392.91397  19.51457
 392.93437  19.46429
 392.95476  19.50810
 392.97516  19.51784
 392.99556  19.49596
 393.01596  19.58794
 393.03636  19.61518
 393.05675  19.62273
 393.07715  19.63082
 393.09754  19.67458
 393.11794  19.71144
 393.13834  19.68858
 393.15873  19.74999
 393.17913  19.83091
 393.19953  19.79625
 393.21993  19.79960
 393.24032  19.84375
 393.26072  19.87582
 393.28112  19.84381
 393.30151  19.91180
 393.32191  19.91981
 393.34230  20.01759
 393.36270  20.00108
 393.38310  19.97120
 393.40350  20.01719
 393.42387  20.06764
 393.44426  20.08618
 393.46466  20.16221
 393.48505  20.18986
 393.50545  20.25453
 393.52584  20.23727
 393.54621  20.22362
 393.56661  20.23485
 393.58701  20.21499
 393.60741  20.29375
 393.62780  20.27086
 393.64817  20.33167
 393.66856  20.42102
 393.68896  20.38158
 393.70935  20.39532
 393.72972  20.39118
 393.75013  20.50091
 393.77052  20.44146
 393.79089  20.43437
 393.81128  20.45843
 393.83168  20.48989
 393.85207  20.57600
 393.87244  20.57480
 393.89283  20.56872
 393.91324  20.57208
 393.93361  20.52177
 393.95400  20.51599
 393.97437  20.62911
 393.99476  20.56994
 394.01516  20.52043
 394.03552  20.61122
 394.05592  20.54993
 394.07628  20.58243
 394.09669  20.61423
 394.11709  20.53281
 394.13745  20.49414
 394.15785  20.50834
 394.17821  20.51005
 394.19861  20.48634
 394.21897  20.50913
 394.23937  20.49847
 394.25973  20.46746
 394.28014  20.46583
 394.30050  20.51640
 394.32090  20.44527
 394.34127  20.45626
 394.36166  20.43228
 394.38203  20.42322
 394.40242  20.39408
 394.42279  20.39980
 394.44316  20.40088
 394.46356  20.27966
 394.48392  20.20437
 394.50432  20.20401
 394.52468  20.14693
 394.54505  20.15354
 394.56545  20.13525
 394.58581  20.05413
 394.60618  19.97978
 394.62658  19.92506
 394.64695  19.89112
 394.66731  19.93549
 394.68771  19.81682
 394.70807  19.86403
 394.72844  19.79978
 394.74883  19.69332
 394.76920  19.61940
 394.78956  19.50612
 394.80994  19.50362
 394.83034  19.39825
 394.85070  19.47376
 394.87107  19.39580
 394.89143  19.36667
 394.91180  19.31878
 394.93219  19.27459
 394.95256  19.17007
 394.97293  19.06063
 394.99330  19.03364
 395.01366  18.91250
 395.03406  18.87599
 395.05442  18.84622
 395.07479  18.81449
 395.09515  18.80719
 395.11552  18.78842
 395.13589  18.78102
 395.15626  18.65692
 395.17663  18.57184
 395.19699  18.54405
 395.21739  18.42312
 395.23775  18.38438
 395.25812  18.38196
 395.27848  18.29020
 395.29885  18.24205
 395.31922  18.21444
 395.33959  18.11429
 395.35995  18.12782
 395.38032  18.12457
 395.40068  18.08391
 395.42105  18.04096
 395.44141  17.97564
 395.46178  17.95232
 395.48214  17.84579
 395.50252  17.79473
 395.52289  17.78561
 395.54322  17.70701
 395.56358  17.69268
 395.58395  17.66660
 395.60432  17.58668
 395.62468  17.57330
 395.64505  17.56355
 395.66542  17.55517
 395.68579  17.49213
 395.70615  17.45331
 395.72649  17.45110
 395.74685  17.38561
 395.76722  17.35124
 395.78758  17.36687
 395.80795  17.27507
 395.82832  17.27789
 395.84866  17.23676
 395.86902  17.20044
 395.88939  17.21275
 395.90975  17.15594
 395.93009  17.16272
 395.95045  17.13714
 395.97082  17.11172
 395.99118  17.14165
 396.01153  17.09983
 396.03189  17.06903
 396.05226  17.07841
 396.07259  17.07117
 396.09296  17.10320
 396.11332  17.09630
 396.13366  17.05294
 396.15402  17.05122
 396.17440  16.98820
 396.19473  17.00077
 396.21510  17.02886
 396.23546  16.94574
 396.25580  17.04165
 396.27616  17.01451
 396.29650  17.01258
 396.31686  17.00519
 396.33724  16.97629
 396.35757  17.00432
 396.37794  16.98614
 396.39827  17.02151
 396.41864  17.05875
 396.43897  17.00407
 396.45934  17.02912
 396.47967  17.05263
 396.50004  17.04874
 396.52038  17.07595
 396.54075  17.07761
 396.56108  17.10563
 396.58145  17.10982
 396.60178  17.09578
 396.62215  17.14843
 396.64248  17.15069
 396.66285  17.13598
 396.68319  17.19091
 396.70353  17.20374
 396.72389  17.23598
 396.74423  17.24509
 396.76456  17.22745
 396.78493  17.23916
 396.80526  17.26450
 396.82563  17.27651
 396.84597  17.31002
 396.86631  17.30149
 396.88667  17.35322
 396.90701  17.36293
 396.92734  17.34290
 396.94768  17.41224
 396.96804  17.43521
 396.98838  17.47665
 397.00872  17.44984
 397.02909  17.47673
 397.04942  17.52137
 397.06976  17.47798
 397.09009  17.51536
 397.11046  17.58300
 397.13079  17.57905
 397.15112  17.59684
 397.17147  17.61383
 397.19180  17.62974
 397.21217  17.65364
 397.23250  17.66891
 397.25284  17.69964
 397.27317  17.70691
 397.29351  17.72460
 397.31384  17.76114
 397.33419  17.75534
 397.35452  17.75070
 397.37489  17.77844
 397.39522  17.78121
 397.41556  17.79951
 397.43589  17.81037
 397.45623  17.82501
 397.47656  17.83951
 397.49690  17.80724
 397.51724  17.83248
 397.53758  17.83828
 397.55791  17.80658
 397.57824  17.82588
 397.59858  17.83800
 397.61891  17.82206
 397.63925  17.83696
 397.65958  17.83168
 397.67993  17.81952
 397.70026  17.81149
 397.72060  17.82635
 397.74093  17.83211
 397.76127  17.78405
 397.78160  17.82554
 397.80194  17.83033
 397.82227  17.76959
 397.84259  17.75567
 397.86292  17.77839
 397.88325  17.73582
 397.90359  17.70614
 397.92392  17.69796
 397.94426  17.65614
 397.96459  17.63495
 397.98490  17.63771
 398.00524  17.64907
 398.02558  17.60170
 398.04591  17.58502
 398.06625  17.58629
 398.08655  17.53647
 398.10689  17.51385
 398.12722  17.51023
 398.14756  17.46295
 398.16787  17.43456
 398.18820  17.41051
 398.20854  17.39007
 398.22887  17.36072
 398.24918  17.29723
 398.26951  17.29293
 398.28985  17.21377
 398.31015  17.16444
 398.33050  17.20582
 398.35083  17.15996
 398.37113  17.11577
 398.39147  17.09142
 398.41180  17.03107
 398.43211  17.02058
 398.45244  16.98778
 398.47275  16.94871
 398.49309  16.96180
 398.51343  16.87249
 398.53373  16.86712
 398.55407  16.84997
 398.57437  16.78887
 398.59470  16.77613
 398.61501  16.76589
 398.63535  16.69124
 398.65566  16.65832
 398.67599  16.61541
 398.69630  16.61419
 398.71663  16.52959
 398.73694  16.47425
 398.75727  16.52251
 398.77757  16.43970
 398.79792  16.42130
 398.81822  16.46846
 398.83856  16.36617
 398.85886  16.32970
 398.87917  16.37416
 398.89950  16.30934
 398.91981  16.29705
 398.94014  16.26809
 398.96045  16.23508
 398.98076  16.19263
 399.00109  16.13762
 399.02140  16.17775
 399.04170  16.18655
 399.06204  16.11052
 399.08234  16.12018
 399.10264  16.09353
 399.12299  16.06938
 399.14329  16.04721
 399.16360  16.03704
 399.18393  16.05088
 399.20424  16.02175
 399.22454  16.02982
 399.24484  16.08669
 399.26518  15.98403
 399.28549  16.02065
 399.30580  16.03821
 399.32610  15.98085
 399.34641  16.04012
 399.36674  16.01294
 399.38705  16.04169
 399.40735  16.04825
 399.42765  15.95767
 399.44797  16.03800
 399.46827  16.04067
 399.48861  16.04654
 399.50891  16.07873
 399.52921  16.07420
 399.54952  16.05647
 399.56982  16.15070
 399.59014  16.09685
 399.61044  16.15533
 399.63075  16.20193
 399.65105  16.19693
 399.67135  16.26355
 399.69166  16.24091
 399.71196  16.27744
 399.73227  16.30646
 399.75258  16.30049
 399.77289  16.35302
 399.79319  16.39019
 399.81349  16.41544
 399.83380  16.49753
 399.85410  16.50116
 399.87441  16.50516
 399.89471  16.59646
 399.91502  16.60676
 399.93533  16.69919
 399.95563  16.73104
 399.97594  16.76022
 399.99624  16.79765
 400.01655  16.82427
 400.03685  16.88186
 400.05713  16.96137
 400.07744  17.00372
 400.09774  17.08154
 400.11805  17.12195
 400.13835  17.17839
 400.15865  17.24455
 400.17893  17.29957
 400.19923  17.35867
 400.21955  17.43114
 400.23985  17.47608
 400.26015  17.53663
 400.28043  17.60682
 400.30073  17.66748
 400.32104  17.74035
 400.34134  17.80466
 400.36161  17.89794
 400.38193  17.97504
 400.40223  18.04665
 400.42254  18.13849
 400.44281  18.16102
 400.46312  18.24381
 400.48342  18.27921
 400.50369  18.35976
 400.52401  18.44840
 400.54431  18.52172
 400.56458  18.62880
 400.58489  18.70337
 400.60516  18.75254
 400.62547  18.87123
 400.64577  18.90084
 400.66604  18.99897
 400.68636  19.09141
 400.70663  19.14344
 400.72694  19.19218
 400.74721  19.32872
 400.76751  19.38621
 400.78779  19.42930
 400.80809  19.51159
 400.82841  19.61538
 400.84868  19.67661
 400.86898  19.73980
 400.88926  19.79201
 400.90953  19.89667
 400.92984  19.94696
 400.95011  20.00052
 400.97041  20.04805
 400.99070  20.12474
 401.01100  20.14486
 401.03128  20.19560
 401.05158  20.29979
 401.07185  20.33218
 401.09213  20.38284
 401.11243  20.47458
 401.13270  20.44691
 401.15299  20.49717
 401.17329  20.57225
 401.19357  20.58707
 401.21384  20.62557
 401.23414  20.65294
 401.25442  20.66418
 401.27469  20.72117
 401.29501  20.73391
 401.31528  20.74075
 401.33555  20.78090
 401.35583  20.76667
 401.37613  20.82581
 401.39640  20.85342
 401.41668  20.78355
 401.43696  20.75578
 401.45727  20.73834
 401.47754  20.72280
 401.49781  20.73184
 401.51809  20.72450
 401.53836  20.77041
 401.55867  20.66466
 401.57894  20.65739
 401.59922  20.63233
 401.61950  20.54670
 401.63977  20.49617
 401.66004  20.47043
 401.68032  20.44455
 401.70059  20.44520
 401.72090  20.34238
 401.74118  20.23401
 401.76145  20.19252
 401.78173  20.13233
 401.80200  20.07606
 401.82227  20.02195
 401.84255  19.91763
 401.86282  19.85556
 401.88309  19.78822
 401.90338  19.66075
 401.92365  19.59621
 401.94393  19.49057
 401.96420  19.44384
 401.98447  19.35758
 402.00475  19.24564
 402.02502  19.15146
 402.04530  19.02874
 402.06558  18.92213
 402.08585  18.84164
 402.10609  18.73813
 402.12637  18.64889
 402.14664  18.53189
 402.16692  18.41499
 402.18719  18.31766
 402.20747  18.21585
 402.22775  18.10826
 402.24802  17.99765
 402.26826  17.89136
 402.28854  17.77592
 402.30881  17.64896
 402.32908  17.55151
 402.34937  17.43425
 402.36961  17.34344
 402.38988  17.22673
 402.41016  17.10557
 402.43043  16.97685
 402.45068  16.88147
 402.47095  16.77896
 402.49123  16.70598
 402.51151  16.55965
 402.53175  16.47776
 402.55202  16.40098
 402.57230  16.25724
 402.59254  16.16755
 402.61281  16.07779
 402.63309  15.95276
 402.65334  15.92099
 402.67361  15.79840
 402.69389  15.68699
 402.71413  15.65754
 402.73440  15.52433
 402.75465  15.43959
 402.77492  15.30277
 402.79521  15.21806
 402.81545  15.16414
 402.83572  15.05544
 402.85597  14.95312
 402.87624  14.97802
 402.89648  14.76071
 402.91676  14.79067
 402.93701  14.67290
 402.95728  14.55154
 402.97753  14.56947
 402.99780  14.49047
 403.01804  14.36344
 403.03832  14.38168
 403.05856  14.23427
 403.07884  14.14333
 403.09909  14.17765
 403.11936  13.95935
 403.13960  14.04912
 403.15988  13.92882
 403.18012  13.92454
 403.20036  13.85997
 403.22064  13.71140
 403.24089  13.80917
 403.26113  13.73205
 403.28141  13.63053
 403.30165  13.64592
 403.32189  13.49269
 403.34217  13.57294
 403.36241  13.49913
 403.38266  13.40985
 403.40294  13.32227
 403.42318  13.47799
 403.44342  13.27976
 403.46367  13.33703
 403.48394  13.23815
 403.50418  13.21984
 403.52444  13.23775
 403.54468  13.18417
 403.56495  13.12702
 403.58520  13.14758
 403.60544  13.02602
 403.62568  13.07684
 403.64593  13.04160
 403.66621  12.98208
 403.68645  13.01026
 403.70670  13.02070
 403.72694  12.84983
 403.74718  12.90998
 403.76742  12.81985
 403.78767  12.87961
 403.80792  12.80390
 403.82819  12.73557
 403.84844  12.78936
 403.86868  12.79081
 403.88892  12.64615
 403.90917  12.70595
 403.92941  12.69028
 403.94965  12.55424
 403.96991  12.57299
 403.99015  12.54624
 404.01039  12.54429
 404.03064  12.50054
 404.05088  12.48089
 404.07112  12.46033
 404.09137  12.33599
 404.11162  12.33814
 404.13186  12.32480
 404.15211  12.17763
 404.17235  12.11574
 404.19259  12.27565
 404.21280  12.07874
 404.23305  12.09828
 404.25330  11.99324
 404.27354  11.95545
 404.29379  11.92990
 404.31403  11.85660
 404.33427  11.75203
 404.35449  11.76618
 404.37473  11.66107
 404.39498  11.52303
 404.41523  11.53637
 404.43547  11.46968
 404.45568  11.34815
 404.47592  11.31190
 404.49617  11.17025
 404.51641  11.10368
 404.53666  11.00078
 404.55688  10.91840
 404.57712  10.86690
 404.59736  10.79530
 404.61758  10.61289
 404.63782  10.56933
 404.65806  10.42316
 404.67831  10.39704
 404.69853  10.26250
 404.71877  10.13563
 404.73898  10.02596
 404.75923  9.91072
 404.77947  9.80193
 404.79968  9.68515
 404.81994  9.51576
 404.84018  9.46639
 404.86039  9.30692
 404.88063  9.09745
 404.90085  9.11950
 404.92109  8.91447
 404.94130  8.75322
 404.96156  8.68727
 404.98180  8.54260
 405.00201  8.43776
 405.02225  8.25883
 405.04247  8.14620
 405.06271  8.04618
 405.08292  7.88029
 405.10318  7.70321
 405.12339  7.66843
 405.14360  7.40998
 405.16384  7.35975
 405.18406  7.18801
 405.20430  7.01539
 405.22451  6.91506
 405.24477  6.79962
 405.26498  6.61008
 405.28519  6.49664
 405.30543  6.34595
 405.32565  6.24372
 405.34586  6.07849
 405.36610  5.93788
 405.38633  5.82287
 405.40654  5.72679
 405.42678  5.55983
 405.44699  5.42156
 405.46721  5.33216
 405.48745  5.15239
 405.50766  5.06353
 405.52789  4.94295
 405.54810  4.77523
 405.56834  4.70443
 405.58855  4.56541
 405.60877  4.41909
 405.62898  4.32989
 405.64922  4.15984
 405.66944  4.09712
 405.68966  4.00392
 405.70987  3.84827
 405.73008  3.77453
 405.75033  3.65289
 405.77054  3.54331
 405.79075  3.47861
 405.81097  3.35693
 405.83119  3.26784
 405.85140  3.16336
 405.87161  3.07053
 405.89182  3.01289
 405.91204  2.90557
 405.93228  2.78819
 405.95250  2.74681
 405.97272  2.64316
 405.99293  2.56486
 406.01314  2.48790
 406.03335  2.40237
 406.05357  2.34359
 406.07378  2.28703
 406.09400  2.20146
 406.11421  2.13937
 406.13443  2.07617
 406.15464  2.00715
 406.17485  1.95725
 406.19506  1.88925
 406.21526  1.82355
 406.23547  1.78446
 406.25568  1.73067
 406.27589  1.67515
 406.29611  1.62423
 406.31632  1.57016
 406.33653  1.51164
 406.35675  1.49254
 406.37697  1.43076
 406.39715  1.38446
 406.41736  1.35610
 406.43757  1.30401
 406.45779  1.27268
 406.47800  1.22859
 406.49819  1.19656
 406.51840  1.16234
 406.53862  1.12523
 406.55883  1.10324
 406.57904  1.06458
 406.59922  1.03113
 406.61944  1.00776
 406.63966  0.98304
 406.65984  0.94955
 406.68005  0.91821
 406.70027  0.89869
 406.72048  0.86669
 406.74066  0.85217
 406.76087  0.81740
 406.78110  0.79809
 406.80128  0.78052
 406.82149  0.75559
 406.84167  0.73812
 406.86189  0.71583
 406.88210  0.69867
 406.90229  0.68298
 406.92250  0.66613
 406.94269  0.65294
 406.96290  0.64118
 406.98311  0.61687
 407.00329  0.60205
 407.02351  0.59021
 407.04370  0.56960
 407.06391  0.56009
 407.08409  0.55299
 407.10431  0.53047
 407.12449  0.52656
 407.14470  0.51028
 407.16488  0.49222
 407.18511  0.48796
 407.20529  0.47412
 407.22547  0.46494
 407.24568  0.45521
 407.26586  0.44443
 407.28608  0.43397
 407.30626  0.42544
 407.32645  0.41665
 407.34666  0.41280
 407.36685  0.39624
 407.38706  0.39474
 407.40724  0.39286
 407.42742  0.37964
 407.44765  0.37163
 407.46783  0.36414
 407.48801  0.35812
 407.50822  0.35294
 407.52840  0.34780
 407.54859  0.33330
 407.56877  0.33299
 407.58899  0.32531
 407.60917  0.32203
 407.62936  0.31471
 407.64954  0.30986
 407.66975  0.30340
 407.68993  0.30082
 407.71011  0.29469
 407.73031  0.29057
 407.75049  0.28906
 407.77067  0.27936
 407.79088  0.28021
 407.81107  0.27433
 407.83125  0.26911
 407.85143  0.26453
 407.87162  0.26110
 407.89180  0.25812
 407.91199  0.25582
 407.93217  0.25210
 407.95238  0.24514
 407.97256  0.24120
 407.99276  0.24058
 408.01294  0.23890
 408.03312  0.23399
 408.05330  0.22841
 408.07348  0.22976
 408.09367  0.22362
 408.11385  0.22125
 408.13404  0.21841
 408.15422  0.21416
 408.17440  0.21222
 408.19459  0.20941
 408.21477  0.21069
 408.23495  0.20827
 408.25510  0.20334
 408.27529  0.19813
 408.29548  0.20253
 408.31566  0.19635
 408.33584  0.19474
 408.35602  0.19403
 408.37621  0.19165
 408.39640  0.18696
 408.41658  0.18928
 408.43673  0.18149
 408.45691  0.18243
 408.47710  0.17734
 408.49728  0.17790
 408.51746  0.17726
 408.53762  0.17448
 408.55780  0.17073
 408.57799  0.17299
 408.59817  0.16821
 408.61832  0.16692
 408.63850  0.16710
 408.65869  0.16441
 408.67888  0.16039
 408.69903  0.15904
 408.71921  0.13582
 408.73939  0.15871
 408.75954  0.15445
 408.77973  0.15365
 408.79992  0.15354
 408.82007  0.14988
 408.84025  0.14781
 408.86043  0.14906
 408.88058  0.14818
 408.90077  0.14100
 408.92093  0.14220
 408.94111  0.14027
 408.96129  0.14350
 408.98144  0.13926
 409.00163  0.13713
 409.02178  0.13273
 409.04196  0.13491
 409.06212  0.13297
 409.08230  0.12650
 409.10246  0.12990
 409.12264  0.12999
 409.14279  0.12821
 409.16297  0.12350
 409.18312  0.12496
 409.20332  0.12301
 409.22347  0.12056
 409.24365  0.11937
 409.26380  0.11650
 409.28395  0.11621
 409.30413  0.11597
 409.32430  0.11302
 409.34448  0.11276
 409.36463  0.11220
 409.38478  0.10925
 409.40496  0.10886
 409.42511  0.10645
 409.44527  0.10496
 409.46546  0.10443
 409.48561  0.10607
 409.50576  0.10226
 409.52594  0.10227
 409.54610  0.09864
 409.56625  0.10056
 409.58641  0.09721
 409.60659  0.09820
 409.62674  0.09779
 409.64689  0.09481
 409.66705  0.09502
 409.68720  0.09152
 409.70738  0.09286
 409.72754  0.09241
 409.74769  0.09000
 409.76784  0.08760
 409.78800  0.08584
 409.80818  0.08855
 409.82833  0.08585
 409.84849  0.08530
 409.86864  0.08265
 409.88879  0.08165
 409.90895  0.08479
 409.92910  0.08193
 409.94925  0.08268
 409.96940  0.07814
 409.98956  0.08295
 410.00971  0.07745
 410.02987  0.07617
 410.05005  0.07634
 410.07020  0.07502
 410.09035  0.07375
 410.11051  0.07774
 410.13066  0.07339
 410.15082  0.07560
 410.17094  0.07280
 410.19109  0.07346
 410.21124  0.06981
 410.23140  0.07207
 410.25155  0.07220
 410.27170  0.07032
 410.29186  0.07089
 410.31201  0.06892
 410.33216  0.07002
 410.35231  0.06815
 410.37247  0.07028
 410.39259  0.06518
 410.41275  0.06556
 410.43290  0.06694
 410.45305  0.06552
 410.47320  0.06468
 410.49336  0.06482
 410.51348  0.06540
 410.53363  0.06437
 410.55379  0.06604
 410.57394  0.06254
 410.59406  0.06468
 410.61421  0.06237
 410.63437  0.06520
 410.65452  0.05970
 410.67464  0.06228
 410.69480  0.06067
 410.71495  0.05955
 410.73507  0.06182
 410.75523  0.06159
 410.77538  0.06135
 410.79550  0.06089
 410.81565  0.06147
 410.83581  0.05971
 410.85593  0.06507
 410.87609  0.06263
