# wl 	 tx
328.8606230 0.1996162
328.8815093 0.1990517
328.9024057 0.1986140
328.9232920 0.1978756
328.9441783 0.1972881
328.9650447 0.1970862
328.9859310 0.1964961
329.0068273 0.1958692
329.0277137 0.1952104
329.0486100 0.1943054
329.0694664 0.1934843
329.0903627 0.1931006
329.1112490 0.1922753
329.1321354 0.1915734
329.1530017 0.1911922
329.1738881 0.1905807
329.1947844 0.1901330
329.2156408 0.1895381
329.2365371 0.1887653
329.2574235 0.1882621
329.2783098 0.1874593
329.2991762 0.1871821
329.3200625 0.1868729
329.3409588 0.1857099
329.3618152 0.1853947
329.3827115 0.1847312
329.4035979 0.1844663
329.4244642 0.1838048
329.4453506 0.1834548
329.4662070 0.1830601
329.4871033 0.1827368
329.5079897 0.1821782
329.5288560 0.1819520
329.5497424 0.1811111
329.5706387 0.1809548
329.5914951 0.1806798
329.6123814 0.1808336
329.6332478 0.1802041
329.6541342 0.1796031
329.6750005 0.1791378
329.6958869 0.1795842
329.7167832 0.1787726
329.7376396 0.1784344
329.7585260 0.1785864
329.7793923 0.1782797
329.8002787 0.1780535
329.8211451 0.1782385
329.8420314 0.1777827
329.8628978 0.1775788
329.8837841 0.1774713
329.9046405 0.1775461
329.9255369 0.1771782
329.9463933 0.1775451
329.9672896 0.1770814
329.9881460 0.1767518
330.0090124 0.1767731
330.0298987 0.1772461
330.0507551 0.1767781
330.0716515 0.1770124
330.0925079 0.1767258
330.1134042 0.1769556
330.1342606 0.1774620
330.1551270 0.1768372
330.1760134 0.1768994
330.1968697 0.1772788
330.2177661 0.1768545
330.2386225 0.1766293
330.2594889 0.1764990
330.2803753 0.1766916
330.3012416 0.1767879
330.3220980 0.1769241
330.3429844 0.1768731
330.3638508 0.1765139
330.3847372 0.1770796
330.4056035 0.1771195
330.4264599 0.1767904
330.4473163 0.1765536
330.4682127 0.1766453
330.4890691 0.1767018
330.5099355 0.1766440
330.5308219 0.1766878
330.5516883 0.1767587
330.5725447 0.1762183
330.5934011 0.1767028
330.6142974 0.1760747
330.6351538 0.1765074
330.6560202 0.1758593
330.6768766 0.1757735
330.6977630 0.1761199
330.7186294 0.1757019
330.7394858 0.1754971
330.7603522 0.1759008
330.7812386 0.1753100
330.8021050 0.1755052
330.8229614 0.1756096
330.8438178 0.1745106
330.8646842 0.1747330
330.8855406 0.1744373
330.9064370 0.1743191
330.9272934 0.1746126
330.9481498 0.1740655
330.9690162 0.1737610
330.9898726 0.1736097
331.0107390 0.1739318
331.0315954 0.1732250
331.0524818 0.1732937
331.0733482 0.1724043
331.0942046 0.1727557
331.1150710 0.1717053
331.1359274 0.1715464
331.1567839 0.1718895
331.1776503 0.1713939
331.1985067 0.1711482
331.2193731 0.1704144
331.2402295 0.1713065
331.2610859 0.1706924
331.2819523 0.1697538
331.3028087 0.1699995
331.3236752 0.1696481
331.3445316 0.1691761
331.3653880 0.1690894
331.3862544 0.1686955
331.4071108 0.1676889
331.4279772 0.1682906
331.4488337 0.1678664
331.4697001 0.1673643
331.4905565 0.1673801
331.5114129 0.1670958
331.5322793 0.1673409
331.5531358 0.1666778
331.5740022 0.1663899
331.5948586 0.1660010
331.6157150 0.1661041
331.6365815 0.1660681
331.6574379 0.1653776
331.6783043 0.1647572
331.6991607 0.1645547
331.7199872 0.1649830
331.7408536 0.1649384
331.7617100 0.1642426
331.7825665 0.1639073
331.8034329 0.1643925
331.8242893 0.1642820
331.8451558 0.1637312
331.8660122 0.1637805
331.8868386 0.1642398
331.9077051 0.1628680
331.9285615 0.1629199
331.9494279 0.1635024
331.9702844 0.1627588
331.9911108 0.1628317
332.0119773 0.1621717
332.0328337 0.1634928
332.0537001 0.1628263
332.0745566 0.1633342
332.0953830 0.1627609
332.1162495 0.1622733
332.1371059 0.1625677
332.1579723 0.1626534
332.1787988 0.1625992
332.1996552 0.1623920
332.2205217 0.1621376
332.2413781 0.1630438
332.2622046 0.1626936
332.2830710 0.1637704
332.3039275 0.1626058
332.3247639 0.1637493
332.3456204 0.1628922
332.3664768 0.1634710
332.3873133 0.1639938
332.4081697 0.1634733
332.4290362 0.1645475
332.4498626 0.1642959
332.4707191 0.1652271
332.4915855 0.1648597
332.5124120 0.1654682
332.5332784 0.1656945
332.5541049 0.1657357
332.5749614 0.1662401
332.5958278 0.1668022
332.6166543 0.1665785
332.6375107 0.1669738
332.6583472 0.1686451
332.6792036 0.1678398
332.7000701 0.1689849
332.7208966 0.1690323
332.7417530 0.1698471
332.7625895 0.1704291
332.7834460 0.1710301
332.8042724 0.1713200
332.8251389 0.1720533
332.8459654 0.1732436
332.8668318 0.1737163
332.8876583 0.1749276
332.9085148 0.1751357
332.9293512 0.1756133
332.9502077 0.1766496
332.9710342 0.1775459
332.9919006 0.1784386
333.0127271 0.1784442
333.0335936 0.1802168
333.0544201 0.1805558
333.0752765 0.1819324
333.0961130 0.1826383
333.1169395 0.1838746
333.1377960 0.1842903
333.1586324 0.1855161
333.1794889 0.1866770
333.2003254 0.1873616
333.2211519 0.1887214
333.2420084 0.1893494
333.2628448 0.1907405
333.2837013 0.1919138
333.3045278 0.1930031
333.3253643 0.1942031
333.3462208 0.1949054
333.3670572 0.1960407
333.3878837 0.1973542
333.4087402 0.1987637
333.4295767 0.1997590
333.4504032 0.2010208
333.4712597 0.2019182
333.4920962 0.2030934
333.5129227 0.2043967
333.5337492 0.2050933
333.5546156 0.2063647
333.5754421 0.2075942
333.5962786 0.2087951
333.6171051 0.2098844
333.6379616 0.2106693
333.6587981 0.2116816
333.6796246 0.2128273
333.7004511 0.2139372
333.7213176 0.2147676
333.7421441 0.2157085
333.7629706 0.2158991
333.7838071 0.2169661
333.8046336 0.2178946
333.8255001 0.2187538
333.8463266 0.2196939
333.8671531 0.2202580
333.8879896 0.2208918
333.9088161 0.2205692
333.9296426 0.2212088
333.9505091 0.2221591
333.9713356 0.2224469
333.9921621 0.2224075
334.0129986 0.2229654
334.0338251 0.2229333
334.0546516 0.2226823
334.0754881 0.2225222
334.0963146 0.2233129
334.1171412 0.2235406
334.1380076 0.2235826
334.1588342 0.2220174
334.1796707 0.2218987
334.2004972 0.2220055
334.2213237 0.2221616
334.2421602 0.2216315
334.2629867 0.2213824
334.2838132 0.2203584
334.3046498 0.2195688
334.3254763 0.2187100
334.3463028 0.2181143
334.3671393 0.2180947
334.3879658 0.2168099
334.4087923 0.2159092
334.4296289 0.2148323
334.4504554 0.2142368
334.4712919 0.2136244
334.4921184 0.2124851
334.5129449 0.2112702
334.5337815 0.2103952
334.5546080 0.2093410
334.5754345 0.2082636
334.5962411 0.2070254
334.6170676 0.2060449
334.6378941 0.2050580
334.6587306 0.2041551
334.6795572 0.2031612
334.7003837 0.2018198
334.7212202 0.2006663
334.7420467 0.1994662
334.7628733 0.1985876
334.7836798 0.1973933
334.8045064 0.1962490
334.8253329 0.1950600
334.8461694 0.1943997
334.8669959 0.1932048
334.8878225 0.1924546
334.9086290 0.1909995
334.9294556 0.1899292
334.9502821 0.1893811
334.9711186 0.1883636
334.9919452 0.1874618
335.0127417 0.1864344
335.0335783 0.1861788
335.0544048 0.1850056
335.0752313 0.1839176
335.0960379 0.1834161
335.1168644 0.1824898
335.1376910 0.1815258
335.1585275 0.1808771
335.1793241 0.1804106
335.2001506 0.1805326
335.2209871 0.1787829
335.2418137 0.1786153
335.2626102 0.1777765
335.2834468 0.1780172
335.3042733 0.1767066
335.3250699 0.1768076
335.3459064 0.1763323
335.3667330 0.1755101
335.3875295 0.1758647
335.4083661 0.1750728
335.4291926 0.1755227
335.4499892 0.1740037
335.4708258 0.1745609
335.4916223 0.1742949
335.5124489 0.1739978
335.5332854 0.1744736
335.5540820 0.1736596
335.5749085 0.1741062
335.5957151 0.1735607
335.6165417 0.1738778
335.6373382 0.1743397
335.6581748 0.1741468
335.6790013 0.1742242
335.6997979 0.1741197
335.7206345 0.1744205
335.7414310 0.1739754
335.7622576 0.1752535
335.7830642 0.1750253
335.8038907 0.1754875
335.8246873 0.1760756
335.8455239 0.1754493
335.8663204 0.1762793
335.8871470 0.1765151
335.9079536 0.1776787
335.9287801 0.1776187
335.9495767 0.1781328
335.9703833 0.1781591
335.9912099 0.1790251
336.0120064 0.1794526
336.0328430 0.1799278
336.0536396 0.1806333
336.0744662 0.1811644
336.0952727 0.1817475
336.1160693 0.1820147
336.1368959 0.1828221
336.1577025 0.1836665
336.1785290 0.1836316
336.1993256 0.1848067
336.2201222 0.1852981
336.2409588 0.1863853
336.2617554 0.1867248
336.2825520 0.1877673
336.3033885 0.1881740
336.3241851 0.1886245
336.3449817 0.1894519
336.3658183 0.1901581
336.3866149 0.1908327
336.4074115 0.1915299
336.4282480 0.1924005
336.4490446 0.1933500
336.4698412 0.1938161
336.4906478 0.1946285
336.5114744 0.1950657
336.5322710 0.1960035
336.5530676 0.1968147
336.5738742 0.1974941
336.5947008 0.1980855
336.6154974 0.1986066
336.6363040 0.1994522
336.6571006 0.1996561
336.6778972 0.2004887
336.6987337 0.2007203
336.7195303 0.2015435
336.7403270 0.2021336
336.7611335 0.2025687
336.7819302 0.2032030
336.8027268 0.2035632
336.8235633 0.2037684
336.8443599 0.2042246
336.8651566 0.2048738
336.8859532 0.2051788
336.9067598 0.2054296
336.9275564 0.2057095
336.9483530 0.2059871
336.9691596 0.2062772
336.9899862 0.2064719
337.0107828 0.2066860
337.0315894 0.2068340
337.0523860 0.2072007
337.0731826 0.2073279
337.0939792 0.2072639
337.1147858 0.2071388
337.1355824 0.2071674
337.1563791 0.2071762
337.1771857 0.2073015
337.1979823 0.2071306
337.2187789 0.2068437
337.2395855 0.2064839
337.2603821 0.2066730
337.2811787 0.2065332
337.3019754 0.2061023
337.3227820 0.2060945
337.3435786 0.2059636
337.3643752 0.2056964
337.3851818 0.2053899
337.4059785 0.2050719
337.4267751 0.2046990
337.4475817 0.2044010
337.4683783 0.2037901
337.4891749 0.2033435
337.5099416 0.2030227
337.5307482 0.2024480
337.5515448 0.2020709
337.5723415 0.2015965
337.5931481 0.2013608
337.6139447 0.2008990
337.6347413 0.2004984
337.6555380 0.2000424
337.6763446 0.1994214
337.6971112 0.1989390
337.7179079 0.1984798
337.7387145 0.1979922
337.7595111 0.1974118
337.7803077 0.1969074
337.8010744 0.1964118
337.8218810 0.1958295
337.8426777 0.1955437
337.8634743 0.1951754
337.8842809 0.1944680
337.9050476 0.1943043
337.9258442 0.1935004
337.9466508 0.1933295
337.9674475 0.1926553
337.9882141 0.1924992
338.0090108 0.1917308
338.0298174 0.1916567
338.0506140 0.1912767
338.0713807 0.1906151
338.0921873 0.1900439
338.1129840 0.1898795
338.1337506 0.1896872
338.1545473 0.1892156
338.1753539 0.1891620
338.1961206 0.1885510
338.2169172 0.1882584
338.2377139 0.1880723
338.2584905 0.1877761
338.2792872 0.1878371
338.3000838 0.1874499
338.3208605 0.1873620
338.3416571 0.1865646
338.3624238 0.1867734
338.3832204 0.1864508
338.4040271 0.1862779
338.4247937 0.1864727
338.4455904 0.1862928
338.4663670 0.1859447
338.4871637 0.1859583
338.5079304 0.1859174
338.5287270 0.1863651
338.5495337 0.1864766
338.5703003 0.1865774
338.5910970 0.1859051
338.6118637 0.1857752
338.6326703 0.1865504
338.6534370 0.1860895
338.6742336 0.1859771
338.6950103 0.1861816
338.7158070 0.1865662
338.7365736 0.1870151
338.7573703 0.1867411
338.7781470 0.1869560
338.7989137 0.1869563
338.8197103 0.1877082
338.8404770 0.1873214
338.8612836 0.1876518
338.8820503 0.1881504
338.9028470 0.1885739
338.9236237 0.1890318
338.9443903 0.1887040
338.9651870 0.1893071
338.9859537 0.1897620
339.0067604 0.1901626
339.0275270 0.1903734
339.0482937 0.1902694
339.0690904 0.1910134
339.0898671 0.1911807
339.1106338 0.1919751
339.1314304 0.1924063
339.1521971 0.1930933
339.1729738 0.1929593
339.1937705 0.1931644
339.2145372 0.1938105
339.2353038 0.1942782
339.2560805 0.1947684
339.2768772 0.1949875
339.2976439 0.1958954
339.3184206 0.1964874
339.3392172 0.1969842
339.3599839 0.1973021
339.3807506 0.1975736
339.4015273 0.1980844
339.4223240 0.1985364
339.4430907 0.1987788
339.4638574 0.1993337
339.4846341 0.1998231
339.5054008 0.2004201
339.5261975 0.2008388
339.5469642 0.2011780
339.5677408 0.2013498
339.5885075 0.2019927
339.6092742 0.2025693
339.6300409 0.2031296
339.6508476 0.2033762
339.6716143 0.2036922
339.6923810 0.2039788
339.7131477 0.2044004
339.7339244 0.2048968
339.7546911 0.2051425
339.7754578 0.2054217
339.7962245 0.2057404
339.8170012 0.2059499
339.8377679 0.2061898
339.8585646 0.2066004
339.8793313 0.2069001
339.9001080 0.2072859
339.9208748 0.2073747
339.9416415 0.2077365
339.9624082 0.2076972
339.9831849 0.2080321
340.0039516 0.2081757
340.0247183 0.2084514
340.0454850 0.2087086
340.0662617 0.2088739
340.0870284 0.2089187
340.1077951 0.2085980
340.1285619 0.2088171
340.1493386 0.2089076
340.1701053 0.2090440
340.1908720 0.2091264
340.2116387 0.2089130
340.2324154 0.2087022
340.2531522 0.2088593
340.2739189 0.2092559
340.2946856 0.2094068
340.3154623 0.2089714
340.3362290 0.2089484
340.3569957 0.2088456
340.3777625 0.2087515
340.3985392 0.2089271
340.4193059 0.2086636
340.4400426 0.2086549
340.4608094 0.2085039
340.4815861 0.2082705
340.5023528 0.2084735
340.5231195 0.2082260
340.5438863 0.2080446
340.5646230 0.2075630
340.5853997 0.2074724
340.6061665 0.2073300
340.6269332 0.2073510
340.6476999 0.2070550
340.6684467 0.2068711
340.6892134 0.2067346
340.7099801 0.2065275
340.7307468 0.2060832
340.7514936 0.2058340
340.7722603 0.2058954
340.7930270 0.2059159
340.8137938 0.2055497
340.8345405 0.2056297
340.8553073 0.2052084
340.8760740 0.2050282
340.8968107 0.2048602
340.9175775 0.2045787
340.9383542 0.2045931
340.9590910 0.2043461
340.9798577 0.2042497
341.0006244 0.2039402
341.0213712 0.2037593
341.0421379 0.2038350
341.0629047 0.2035169
341.0836414 0.2033719
341.1044182 0.2031130
341.1251849 0.2034617
341.1459217 0.2032329
341.1666884 0.2028920
341.1874252 0.2027256
341.2082019 0.2025407
341.2289687 0.2024202
341.2497054 0.2023224
341.2704722 0.2024846
341.2912189 0.2023727
341.3119857 0.2020892
341.3327224 0.2021941
341.3534892 0.2020985
341.3742259 0.2022117
341.3950027 0.2021749
341.4157395 0.2021073
341.4365062 0.2021403
341.4572430 0.2020470
341.4780197 0.2021733
341.4987565 0.2019655
341.5195232 0.2020246
341.5402600 0.2019765
341.5610268 0.2019422
341.5817735 0.2020714
341.6025103 0.2020758
341.6232771 0.2022059
341.6440138 0.2021143
341.6647906 0.2021178
341.6855274 0.2022153
341.7062941 0.2023241
341.7270309 0.2022746
341.7477677 0.2023251
341.7685444 0.2025437
341.7892812 0.2025192
341.8100180 0.2026962
341.8307847 0.2028866
341.8515215 0.2027676
341.8722683 0.2027308
341.8930350 0.2027948
341.9137718 0.2031637
341.9345086 0.2031887
341.9552854 0.2030203
341.9760222 0.2031623
341.9967589 0.2031681
342.0175257 0.2033314
342.0382625 0.2033870
342.0590093 0.2035092
342.0797460 0.2035121
342.1005128 0.2036415
342.1212496 0.2039173
342.1419864 0.2038228
342.1627332 0.2040803
342.1834999 0.2040370
342.2042367 0.2039688
342.2249735 0.2038998
342.2457103 0.2038803
342.2664571 0.2040920
342.2871939 0.2042218
342.3079607 0.2040313
342.3286975 0.2043672
342.3494342 0.2041592
342.3701810 0.2043721
342.3909178 0.2043870
342.4116546 0.2045042
342.4324214 0.2045505
342.4531582 0.2045856
342.4739050 0.2045263
342.4946418 0.2044264
342.5153786 0.2045482
342.5361154 0.2044514
342.5568522 0.2044896
342.5775990 0.2045923
342.5983358 0.2043534
342.6190726 0.2043711
342.6398094 0.2042201
342.6605462 0.2042183
342.6812930 0.2042483
342.7020298 0.2043231
342.7227966 0.2042827
342.7435334 0.2039608
342.7642702 0.2039908
342.7850170 0.2038154
342.8057538 0.2040027
342.8264606 0.2038682
342.8471974 0.2033863
342.8679342 0.2034509
342.8886810 0.2033953
342.9094178 0.2032786
342.9301546 0.2030241
342.9508914 0.2029492
342.9716282 0.2027642
342.9923750 0.2026179
343.0131119 0.2025388
343.0338487 0.2020790
343.0545855 0.2020954
343.0753223 0.2019464
343.0960691 0.2018392
343.1167759 0.2016462
343.1375127 0.2014441
343.1582496 0.2011581
343.1789864 0.2010530
343.1997232 0.2008634
343.2204700 0.2006702
343.2411768 0.2002901
343.2619137 0.2003212
343.2826505 0.1999824
343.3033873 0.1996580
343.3241341 0.1995450
343.3448409 0.1993616
343.3655778 0.1993005
343.3863146 0.1989227
343.4070514 0.1987104
343.4277882 0.1983685
343.4485051 0.1982027
343.4692419 0.1979823
343.4899787 0.1977840
343.5107155 0.1974664
343.5314224 0.1973784
343.5521692 0.1970609
343.5729060 0.1969970
343.5936129 0.1966617
343.6143497 0.1964856
343.6350865 0.1962900
343.6557934 0.1960077
343.6765402 0.1960975
343.6972770 0.1958036
343.7179839 0.1956084
343.7387207 0.1950441
343.7594575 0.1948719
343.7801644 0.1949654
343.8009112 0.1949643
343.8216181 0.1947572
343.8423549 0.1940015
343.8630917 0.1943244
343.8837986 0.1942287
343.9045454 0.1939961
343.9252523 0.1937876
343.9459891 0.1938001
343.9666960 0.1936379
343.9874328 0.1934767
344.0081696 0.1935689
344.0288865 0.1936200
344.0496233 0.1933269
344.0703302 0.1933131
344.0910670 0.1929947
344.1117739 0.1928667
344.1325107 0.1929481
344.1532276 0.1931055
344.1739644 0.1930744
344.1946713 0.1933500
344.2154081 0.1931928
344.2361150 0.1930340
344.2568218 0.1930987
344.2775687 0.1934363
344.2982755 0.1936007
344.3190124 0.1934743
344.3397193 0.1939222
344.3604561 0.1937372
344.3811630 0.1939583
344.4018798 0.1939004
344.4226167 0.1941266
344.4433236 0.1945258
344.4640304 0.1946251
344.4847673 0.1945117
344.5054741 0.1948633
344.5261910 0.1951308
344.5469279 0.1955139
344.5676347 0.1955819
344.5883416 0.1958606
344.6090785 0.1961372
344.6297853 0.1964489
344.6505022 0.1965550
344.6712391 0.1966060
344.6919459 0.1971489
344.7126528 0.1973024
344.7333597 0.1977663
344.7540965 0.1982036
344.7748034 0.1986245
344.7955203 0.1990703
344.8162272 0.1995191
344.8369640 0.1999223
344.8576709 0.2002332
344.8783778 0.2005882
344.8990847 0.2010218
344.9198015 0.2015608
344.9405384 0.2020666
344.9612453 0.2024053
344.9819522 0.2031234
345.0026591 0.2036860
345.0233659 0.2040331
345.0440728 0.2041937
345.0648197 0.2047554
345.0855266 0.2052334
345.1062335 0.2059034
345.1269403 0.2062322
345.1476472 0.2071138
345.1683541 0.2075038
345.1890610 0.2084067
345.2097779 0.2086059
345.2304848 0.2092784
345.2511917 0.2099250
345.2719285 0.2103675
345.2926354 0.2105517
345.3133423 0.2109951
345.3340592 0.2119367
345.3547661 0.2125271
345.3754730 0.2132594
345.3961799 0.2134892
345.4168868 0.2139731
345.4375937 0.2144603
345.4583006 0.2150682
345.4790175 0.2158919
345.4997244 0.2162086
345.5204313 0.2167737
345.5411382 0.2175127
345.5618451 0.2181207
345.5825220 0.2185780
345.6032289 0.2183810
345.6239458 0.2187238
345.6446527 0.2193643
345.6653596 0.2202583
345.6860665 0.2210083
345.7067734 0.2214078
345.7274803 0.2210173
345.7481872 0.2212704
345.7689041 0.2220114
345.7895810 0.2229817
345.8102879 0.2232660
345.8309948 0.2238328
345.8517017 0.2240551
345.8724086 0.2240220
345.8931155 0.2242370
345.9137925 0.2256307
345.9345094 0.2255387
345.9552163 0.2248873
345.9759232 0.2249442
345.9966301 0.2256368
346.0173070 0.2264300
346.0380139 0.2266442
346.0587208 0.2260897
346.0794377 0.2268796
346.1001147 0.2271446
346.1208216 0.2273262
346.1415285 0.2281734
346.1622354 0.2275600
346.1829124 0.2273645
346.2036193 0.2270024
346.2243262 0.2275927
346.2450131 0.2277267
346.2657200 0.2286027
346.2864270 0.2280732
346.3071039 0.2284234
346.3278108 0.2281703
346.3485177 0.2278176
346.3691947 0.2271131
346.3899016 0.2275203
346.4106185 0.2283755
346.4312954 0.2279128
346.4520024 0.2279595
346.4726793 0.2275179
346.4933862 0.2277804
346.5140932 0.2275880
346.5347701 0.2272301
346.5554770 0.2272818
346.5761540 0.2276722
346.5968709 0.2283498
346.6175478 0.2278767
346.6382548 0.2271974
346.6589317 0.2269694
346.6796386 0.2264079
346.7003156 0.2265206
346.7210225 0.2261611
346.7416995 0.2266988
346.7624164 0.2267949
346.7830933 0.2264739
346.8038003 0.2256449
346.8244772 0.2262938
346.8451842 0.2257827
346.8658611 0.2254411
346.8865680 0.2256023
346.9072450 0.2256698
346.9279619 0.2251735
346.9486389 0.2252325
346.9693158 0.2255422
346.9900228 0.2247428
347.0106997 0.2249291
347.0313767 0.2247699
347.0520836 0.2245473
347.0727606 0.2240847
347.0934675 0.2239835
347.1141545 0.2241048
347.1348314 0.2238221
347.1555384 0.2240209
347.1762153 0.2228629
347.1968923 0.2232057
347.2175992 0.2234130
347.2382762 0.2237338
347.2589532 0.2234681
347.2796301 0.2227124
347.3003371 0.2225579
347.3210240 0.2223732
347.3417010 0.2224699
347.3624079 0.2223431
347.3830849 0.2222175
347.4037619 0.2218682
347.4244388 0.2219981
347.4451158 0.2219104
347.4658228 0.2222123
347.4864997 0.2217040
347.5071867 0.2212614
347.5278637 0.2212130
347.5485406 0.2214493
347.5692476 0.2208216
347.5899246 0.2213518
347.6106015 0.2212872
347.6312785 0.2200407
347.6519555 0.2201601
347.6726325 0.2201522
347.6933094 0.2195901
347.7140264 0.2198254
347.7347034 0.2194583
347.7553803 0.2190569
347.7760573 0.2193135
347.7967343 0.2193843
347.8174113 0.2189297
347.8380882 0.2184764
347.8587652 0.2183549
347.8794422 0.2180322
347.9001192 0.2180668
347.9207962 0.2178842
347.9414831 0.2177703
347.9621601 0.2175402
347.9828371 0.2167162
348.0035141 0.2164230
348.0241911 0.2160957
348.0448680 0.2160147
348.0655450 0.2160784
348.0862220 0.2155913
348.1068990 0.2153588
348.1275760 0.2150432
348.1482530 0.2147721
348.1689400 0.2141833
348.1896169 0.2143107
348.2102939 0.2139663
348.2309709 0.2137895
348.2516479 0.2128816
348.2723249 0.2127292
348.2930019 0.2126319
348.3136489 0.2120772
348.3343259 0.2121794
348.3550029 0.2110157
348.3756799 0.2113679
348.3963669 0.2104968
348.4170439 0.2099496
348.4377209 0.2093776
348.4583679 0.2096216
348.4790449 0.2088053
348.4997219 0.2085815
348.5203989 0.2082937
348.5410759 0.2076913
348.5617229 0.2070286
348.5823999 0.2066001
348.6030769 0.2062747
348.6237539 0.2060792
348.6444009 0.2058117
348.6650879 0.2048198
348.6857649 0.2049596
348.7064419 0.2044360
348.7270889 0.2040135
348.7477659 0.2033829
348.7684429 0.2028942
348.7890899 0.2023646
348.8097669 0.2021081
348.8304439 0.2016525
348.8510910 0.2012157
348.8717680 0.2007814
348.8924450 0.2003561
348.9130920 0.2002500
348.9337790 0.1999713
348.9544560 0.1998044
348.9751030 0.1988705
348.9957801 0.1983657
349.0164571 0.1978671
349.0371041 0.1978289
349.0577811 0.1975526
349.0784281 0.1973183
349.0991052 0.1968349
349.1197522 0.1966044
349.1404292 0.1961729
349.1611062 0.1962373
349.1817532 0.1957466
349.2024303 0.1951810
349.2230873 0.1951132
349.2437643 0.1947328
349.2644113 0.1949962
349.2850884 0.1946596
349.3057354 0.1943528
349.3264124 0.1936704
349.3470594 0.1934676
349.3677365 0.1936383
349.3883835 0.1936781
349.4090305 0.1933715
349.4297076 0.1931466
349.4503546 0.1930522
349.4710316 0.1929754
349.4916787 0.1930754
349.5123557 0.1927866
349.5330027 0.1928656
349.5536598 0.1927043
349.5743368 0.1926831
349.5949838 0.1925603
349.6156309 0.1922657
349.6363079 0.1927587
349.6569550 0.1929355
349.6776320 0.1926787
349.6982790 0.1927336
349.7189261 0.1928938
349.7395731 0.1931473
349.7602502 0.1933339
349.7808972 0.1931244
349.8015443 0.1931377
349.8222213 0.1931718
349.8428683 0.1937616
349.8635154 0.1937828
349.8841625 0.1940609
349.9048395 0.1941974
349.9254965 0.1941064
349.9461436 0.1946535
349.9667906 0.1948464
349.9874677 0.1953142
350.0081147 0.1955208
350.0287618 0.1955060
350.0494088 0.1961276
350.0700559 0.1963026
350.0907329 0.1967428
350.1113800 0.1973712
350.1320271 0.1976037
350.1526741 0.1977090
350.1733212 0.1984487
350.1939682 0.1984751
350.2146453 0.1992661
350.2352923 0.1997066
350.2559394 0.2001523
350.2765865 0.2003984
350.2972335 0.2010915
350.3178806 0.2015588
350.3385277 0.2021379
350.3591847 0.2023836
350.3798318 0.2028353
350.4004788 0.2034610
350.4211259 0.2040828
350.4417730 0.2049539
350.4624201 0.2053432
350.4830671 0.2058057
350.5037142 0.2062260
350.5243613 0.2066576
350.5450083 0.2075152
350.5656554 0.2079385
350.5863025 0.2085895
350.6069495 0.2094231
350.6275966 0.2098145
350.6482437 0.2105785
350.6688908 0.2110729
350.6895378 0.2115750
350.7101849 0.2122029
350.7308320 0.2128242
350.7514791 0.2135542
350.7721261 0.2138251
350.7927732 0.2150724
350.8134203 0.2159640
350.8340374 0.2163177
350.8546845 0.2163586
350.8753315 0.2170936
350.8959886 0.2172344
350.9166357 0.2187655
350.9372828 0.2188472
350.9579299 0.2192293
350.9785470 0.2203534
350.9991940 0.2206061
351.0198411 0.2213586
351.0404882 0.2213945
351.0611353 0.2214455
351.0817524 0.2228302
351.1023995 0.2229733
351.1230466 0.2242350
351.1436936 0.2240384
351.1643108 0.2248053
351.1849578 0.2255886
351.2056049 0.2248815
351.2262520 0.2257812
351.2468691 0.2267898
351.2675162 0.2262533
351.2881633 0.2270549
351.3087804 0.2275764
351.3294275 0.2275466
351.3500746 0.2274039
351.3706917 0.2274469
351.3913388 0.2281238
351.4119859 0.2284677
351.4326030 0.2285567
351.4532501 0.2289438
351.4738972 0.2285019
351.4945143 0.2284098
351.5151614 0.2294530
351.5357785 0.2289265
351.5564256 0.2287370
351.5770727 0.2286243
351.5976898 0.2290069
351.6183369 0.2286976
351.6389540 0.2294582
351.6596011 0.2284986
351.6802183 0.2285194
351.7008654 0.2289996
351.7214825 0.2282979
351.7421296 0.2284674
351.7627467 0.2278482
351.7834038 0.2269236
351.8040209 0.2280481
351.8246680 0.2263371
351.8452852 0.2263415
351.8659323 0.2267533
351.8865494 0.2253714
351.9071965 0.2256533
351.9278136 0.2247935
351.9484607 0.2241942
351.9690778 0.2246897
351.9896950 0.2228227
352.0103421 0.2230434
352.0309592 0.2230268
352.0516063 0.2224182
352.0722235 0.2222126
352.0928406 0.2213500
352.1134877 0.2203940
352.1341048 0.2201676
352.1547220 0.2197542
352.1753691 0.2192558
352.1959862 0.2185781
352.2166033 0.2175848
352.2372505 0.2169857
352.2578676 0.2164011
352.2784847 0.2156481
352.2991318 0.2154823
352.3197490 0.2147924
352.3403661 0.2145774
352.3609833 0.2136248
352.3816304 0.2131759
352.4022475 0.2124779
352.4228646 0.2118950
352.4434818 0.2112470
352.4641289 0.2101111
352.4847460 0.2098051
352.5053632 0.2091964
352.5259803 0.2085983
352.5465975 0.2078891
352.5672146 0.2072193
352.5878617 0.2065681
352.6084789 0.2064993
352.6290960 0.2055962
352.6497132 0.2049318
352.6703303 0.2049252
352.6909475 0.2038507
352.7115646 0.2032826
352.7322117 0.2028360
352.7528289 0.2022829
352.7734460 0.2022733
352.7940632 0.2010620
352.8146803 0.2008517
352.8352975 0.2004526
352.8559146 0.1996100
352.8765318 0.2000777
352.8971489 0.1991794
352.9177661 0.1982903
352.9383832 0.1983750
352.9590004 0.1976988
352.9796176 0.1977810
353.0002347 0.1971500
353.0208519 0.1966656
353.0414690 0.1966391
353.0620862 0.1957588
353.0827033 0.1957470
353.1033105 0.1956756
353.1239276 0.1948304
353.1445448 0.1948969
353.1651620 0.1939316
353.1857791 0.1941131
353.2063963 0.1947850
353.2270134 0.1940875
353.2476306 0.1936730
353.2682178 0.1934658
353.2888349 0.1930022
353.3094521 0.1932934
353.3300693 0.1929354
353.3506864 0.1930461
353.3713036 0.1930828
353.3919208 0.1924287
353.4125080 0.1927386
353.4331251 0.1923832
353.4537423 0.1924419
353.4743595 0.1927014
353.4949766 0.1922537
353.5155638 0.1926471
353.5361810 0.1921303
353.5567981 0.1925019
353.5774153 0.1928387
353.5980325 0.1926169
353.6186197 0.1927371
353.6392368 0.1922132
353.6598540 0.1924963
353.6804412 0.1931380
353.7010584 0.1927801
353.7216756 0.1927660
353.7422927 0.1933844
353.7628799 0.1930569
353.7834971 0.1936362
353.8041143 0.1939950
353.8247015 0.1938561
353.8453186 0.1942780
353.8659358 0.1938954
353.8865230 0.1943669
353.9071402 0.1950484
353.9277274 0.1950804
353.9483446 0.1953775
353.9689618 0.1953094
353.9895390 0.1956304
354.0101561 0.1956303
354.0307433 0.1956469
354.0513605 0.1964039
354.0719477 0.1963348
354.0925649 0.1968457
354.1131821 0.1975298
354.1337693 0.1975214
354.1543865 0.1979502
354.1749737 0.1988389
354.1955909 0.1982766
354.2161781 0.1987937
354.2367953 0.1990286
354.2573825 0.1994304
354.2779997 0.1998213
354.2985869 0.1998235
354.3191741 0.2003868
354.3397913 0.2007914
354.3603785 0.2004251
354.3809957 0.2019058
354.4015829 0.2014819
354.4222001 0.2019137
354.4427873 0.2019176
354.4633745 0.2023839
354.4839917 0.2032105
354.5045789 0.2033066
354.5251861 0.2036647
354.5457733 0.2043121
354.5663605 0.2035358
354.5869777 0.2041270
354.6075649 0.2044300
354.6281522 0.2049020
354.6487694 0.2054387
354.6693566 0.2053394
354.6899438 0.2058057
354.7105310 0.2061337
354.7311482 0.2063784
354.7517354 0.2068076
354.7723227 0.2069198
354.7929399 0.2069648
354.8135271 0.2075554
354.8341143 0.2074280
354.8547015 0.2076565
354.8752888 0.2081203
354.8959060 0.2081562
354.9164932 0.2083494
354.9370704 0.2082727
354.9576576 0.2089525
354.9782449 0.2096575
354.9988621 0.2092421
355.0194493 0.2092408
355.0400365 0.2090056
355.0606238 0.2099096
355.0812110 0.2099661
355.1017982 0.2095899
355.1223854 0.2099795
355.1430027 0.2099669
355.1635899 0.2097629
355.1841771 0.2104688
355.2047643 0.2105860
355.2253516 0.2105303
355.2459388 0.2104302
355.2665260 0.2104062
355.2871133 0.2106052
355.3076905 0.2109142
355.3282778 0.2109991
355.3488650 0.2111227
355.3694522 0.2105726
355.3900395 0.2108409
355.4106267 0.2109170
355.4312139 0.2112803
355.4518012 0.2115469
355.4723884 0.2111530
355.4929757 0.2108613
355.5135629 0.2108302
355.5341501 0.2105805
355.5547374 0.2114458
355.5753246 0.2114800
355.5959119 0.2107777
355.6164891 0.2113128
355.6370764 0.2115157
355.6576636 0.2110091
355.6782209 0.2114597
355.6988081 0.2112579
355.7193954 0.2111109
355.7399826 0.2112588
355.7605698 0.2110939
355.7811571 0.2114434
355.8017443 0.2113763
355.8223016 0.2113320
355.8428889 0.2114399
355.8634761 0.2111627
355.8840634 0.2114368
355.9046506 0.2119919
355.9251979 0.2115732
355.9457851 0.2118149
355.9663724 0.2116412
355.9869596 0.2112375
356.0075169 0.2113893
356.0281042 0.2118774
356.0486914 0.2119983
356.0692787 0.2123946
356.0898360 0.2118092
356.1104232 0.2121040
356.1310105 0.2119208
356.1515677 0.2121611
356.1721450 0.2121339
356.1927323 0.2122672
356.2132895 0.2120466
356.2338768 0.2126479
356.2544641 0.2123464
356.2750213 0.2131302
356.2956086 0.2129222
356.3161959 0.2128941
356.3367531 0.2135577
356.3573404 0.2127446
356.3778977 0.2134029
356.3984850 0.2137565
356.4190622 0.2132870
356.4396195 0.2135598
356.4602068 0.2138799
356.4807641 0.2132783
356.5013513 0.2145108
356.5219086 0.2142636
356.5424959 0.2139897
356.5630532 0.2149542
356.5836404 0.2142466
356.6041977 0.2146980
356.6247850 0.2151190
356.6453323 0.2148536
356.6659196 0.2153110
356.6864768 0.2156208
356.7070641 0.2155274
356.7276214 0.2159045
356.7482087 0.2161723
356.7687660 0.2162244
356.7893233 0.2167087
356.8099105 0.2159424
356.8304678 0.2168323
356.8510551 0.2166419
356.8716024 0.2175443
356.8921597 0.2171705
356.9127470 0.2174090
356.9333043 0.2171971
356.9538616 0.2174408
356.9744489 0.2176909
356.9950062 0.2187983
357.0155635 0.2181483
357.0361507 0.2181770
357.0567080 0.2183409
357.0772553 0.2179915
357.0978426 0.2185343
357.1183999 0.2190072
357.1389572 0.2184382
357.1595145 0.2189568
357.1801018 0.2186373
357.2006591 0.2189385
357.2212164 0.2188613
357.2417737 0.2188829
357.2623610 0.2193103
357.2829083 0.2190784
357.3034656 0.2190867
357.3240229 0.2189180
357.3445802 0.2188209
357.3651376 0.2184945
357.3857248 0.2187379
357.4062822 0.2186117
357.4268395 0.2186906
357.4473968 0.2187603
357.4679541 0.2185283
357.4885014 0.2186043
357.5090587 0.2177597
357.5296160 0.2178672
357.5502033 0.2183550
357.5707606 0.2174257
357.5913180 0.2182857
357.6118753 0.2174001
357.6324326 0.2166797
357.6529899 0.2165771
357.6735372 0.2165945
357.6940945 0.2164730
357.7146519 0.2166119
357.7352092 0.2156903
357.7557665 0.2155641
357.7763238 0.2148784
357.7968811 0.2149198
357.8174385 0.2146407
357.8379858 0.2143054
357.8585431 0.2144702
357.8791004 0.2135920
357.8996577 0.2130743
357.9202151 0.2133453
357.9407724 0.2123169
357.9613297 0.2120732
357.9818571 0.2119403
358.0024144 0.2111779
358.0229617 0.2111181
358.0435190 0.2107521
358.0640764 0.2099885
358.0846337 0.2100350
358.1051910 0.2088927
358.1257484 0.2083982
358.1462757 0.2083035
358.1668330 0.2079262
358.1873804 0.2073658
358.2079377 0.2072468
358.2284950 0.2061443
358.2490224 0.2062775
358.2695797 0.2056366
358.2901370 0.2055134
358.3106944 0.2056550
358.3312517 0.2041726
358.3517691 0.2037200
358.3723264 0.2036657
358.3928837 0.2030226
358.4134111 0.2024732
358.4339684 0.2024406
358.4545258 0.2015284
358.4750831 0.2020609
358.4956005 0.2007797
358.5161578 0.2010944
358.5367151 0.2006586
358.5572425 0.1999464
358.5777998 0.2004380
358.5983572 0.1990750
358.6188845 0.1985445
358.6394419 0.1990646
358.6599593 0.1983525
358.6805166 0.1983670
358.7010739 0.1980239
358.7216013 0.1970146
358.7421587 0.1969620
358.7626860 0.1972829
358.7832434 0.1967797
358.8037607 0.1968225
358.8243181 0.1965902
358.8448754 0.1959967
358.8654028 0.1963415
358.8859601 0.1958974
358.9064875 0.1957343
358.9270449 0.1958376
358.9475622 0.1953578
358.9681196 0.1953535
358.9886470 0.1956380
359.0092043 0.1949692
359.0297317 0.1954641
359.0502591 0.1947319
359.0708164 0.1949944
359.0913338 0.1950867
359.1118911 0.1957690
359.1324185 0.1951594
359.1529759 0.1959357
359.1735032 0.1954822
359.1940306 0.1954889
359.2145880 0.1955865
359.2351054 0.1954079
359.2556327 0.1961799
359.2761901 0.1961721
359.2967175 0.1959457
359.3172449 0.1963558
359.3378022 0.1958102
359.3583296 0.1963279
359.3788470 0.1968985
359.3994043 0.1972078
359.4199317 0.1978053
359.4404591 0.1976733
359.4609865 0.1980939
359.4815439 0.1986039
359.5020612 0.1987342
359.5225886 0.1993409
359.5431160 0.1996689
359.5636734 0.1995953
359.5842008 0.1995815
359.6047281 0.2006722
359.6252555 0.2009041
359.6457729 0.2018875
359.6663303 0.2018277
359.6868577 0.2020333
359.7073851 0.2026446
359.7279125 0.2029294
359.7484399 0.2037609
359.7689573 0.2045554
359.7895146 0.2044932
359.8100420 0.2052944
359.8305694 0.2055316
359.8510968 0.2059665
359.8716242 0.2067894
359.8921416 0.2071936
359.9126690 0.2075604
359.9331964 0.2080896
359.9537238 0.2086584
359.9742512 0.2091867
359.9947786 0.2095439
360.0152960 0.2104536
360.0358234 0.2110649
360.0563508 0.2111011
360.0768782 0.2118917
360.0974056 0.2123950
360.1179330 0.2133226
360.1384504 0.2135893
360.1589778 0.2143637
360.1795052 0.2141844
360.2000326 0.2147715
360.2205600 0.2154935
360.2410874 0.2159807
360.2616048 0.2165696
360.2821322 0.2165231
360.3026596 0.2165561
360.3231870 0.2177873
360.3436844 0.2182762
360.3642118 0.2187094
360.3847293 0.2185518
360.4052567 0.2189854
360.4257841 0.2192644
360.4463115 0.2196050
360.4668389 0.2204273
360.4873363 0.2212346
360.5078537 0.2207788
360.5283811 0.2208462
360.5489086 0.2209049
360.5694360 0.2206282
360.5899334 0.2213320
360.6104508 0.2215885
360.6309782 0.2221475
360.6515057 0.2214196
360.6720031 0.2218230
360.6925305 0.2218570
360.7130579 0.2224098
360.7335753 0.2217293
360.7540728 0.2219060
360.7746002 0.2220629
360.7951276 0.2215224
360.8156250 0.2217439
360.8361425 0.2217462
360.8566699 0.2217815
360.8771673 0.2214523
360.8976947 0.2208905
360.9182222 0.2206133
360.9387196 0.2206800
360.9592370 0.2207522
360.9797345 0.2204741
361.0002619 0.2203065
361.0207893 0.2195468
361.0412868 0.2191940
361.0618042 0.2190735
361.0823016 0.2188895
361.1028291 0.2184472
361.1233265 0.2179497
361.1438539 0.2175427
361.1643414 0.2169528
361.1848688 0.2164059
361.2053663 0.2164196
361.2258937 0.2160128
361.2463912 0.2154105
361.2669186 0.2148732
361.2874060 0.2144824
361.3079335 0.2140715
361.3284309 0.2141454
361.3489584 0.2132632
361.3694558 0.2126972
361.3899433 0.2130896
361.4104707 0.2115016
361.4309682 0.2119474
361.4514956 0.2108349
361.4719930 0.2106446
361.4924805 0.2100291
361.5130079 0.2100861
361.5335054 0.2087090
361.5540328 0.2090059
361.5745303 0.2090921
361.5950178 0.2085134
361.6155452 0.2077780
361.6360427 0.2069841
361.6565401 0.2069430
361.6770276 0.2064360
361.6975550 0.2062591
361.7180525 0.2064308
361.7385499 0.2056033
361.7590774 0.2050008
361.7795748 0.2046313
361.8000623 0.2044678
361.8205598 0.2048048
361.8410572 0.2046052
361.8615847 0.2038700
361.8820722 0.2035080
361.9025696 0.2035432
361.9230671 0.2033107
361.9435646 0.2034386
361.9640920 0.2033310
361.9845795 0.2027128
362.0050770 0.2027552
362.0255744 0.2025742
362.0460719 0.2027564
362.0665694 0.2023784
362.0870568 0.2019366
362.1075543 0.2024202
362.1280818 0.2024232
362.1485792 0.2024019
362.1690767 0.2022725
362.1895642 0.2028578
362.2100617 0.2028613
362.2305591 0.2030272
362.2510566 0.2027321
362.2715441 0.2030643
362.2920416 0.2032803
362.3125391 0.2036435
362.3330365 0.2039699
362.3535340 0.2036049
362.3740215 0.2036552
362.3945190 0.2042750
362.4150164 0.2044419
362.4355139 0.2049776
362.4560014 0.2060684
362.4764989 0.2055761
362.4969964 0.2056171
362.5174939 0.2063296
362.5379913 0.2070736
362.5584489 0.2074371
362.5789463 0.2079005
362.5994438 0.2081237
362.6199413 0.2083920
362.6404288 0.2087954
362.6609263 0.2094571
362.6814238 0.2102677
362.7018913 0.2109297
362.7223788 0.2109382
362.7428763 0.2114315
362.7633737 0.2120729
362.7838712 0.2124683
362.8043687 0.2136168
362.8248262 0.2137766
362.8453237 0.2141487
362.8658212 0.2152202
362.8863187 0.2155728
362.9067762 0.2159655
362.9272737 0.2170863
362.9477712 0.2177968
362.9682687 0.2183109
362.9887262 0.2190071
363.0092237 0.2192646
363.0297212 0.2202488
363.0501887 0.2209868
363.0706862 0.2221204
363.0911737 0.2219528
363.1116413 0.2226214
363.1321388 0.2229791
363.1526363 0.2239533
363.1730938 0.2244662
363.1935913 0.2253176
363.2140588 0.2255032
363.2345563 0.2254471
363.2550438 0.2267244
363.2755113 0.2274531
363.2960088 0.2282871
363.3164763 0.2285544
363.3369639 0.2292132
363.3574314 0.2288405
363.3779289 0.2299137
363.3983964 0.2304195
363.4188839 0.2309843
363.4393514 0.2314802
363.4598490 0.2317159
363.4803165 0.2317032
363.5008140 0.2320701
363.5212715 0.2327673
363.5417690 0.2329621
363.5622366 0.2330718
363.5827341 0.2336039
363.6031916 0.2335014
363.6236891 0.2334238
363.6441566 0.2334753
363.6646142 0.2339684
363.6851117 0.2336377
363.7055792 0.2342423
363.7260767 0.2334049
363.7465443 0.2337163
363.7670018 0.2335283
363.7874993 0.2340778
363.8079669 0.2331547
363.8284244 0.2333954
363.8489219 0.2328012
363.8693895 0.2320833
363.8898570 0.2329286
363.9103545 0.2323320
363.9308121 0.2317570
363.9512796 0.2317342
363.9717471 0.2309630
363.9922347 0.2301651
364.0127022 0.2301727
364.0331698 0.2302383
364.0536373 0.2297963
364.0741248 0.2286093
364.0945924 0.2281514
364.1150599 0.2275356
364.1355275 0.2268065
364.1559850 0.2261767
364.1764825 0.2261695
364.1969501 0.2246940
364.2174176 0.2244738
364.2378752 0.2238145
364.2583427 0.2231807
364.2788103 0.2226065
364.2992778 0.2220473
364.3197653 0.2210283
364.3402329 0.2202169
364.3607004 0.2194698
364.3811580 0.2184940
364.4016256 0.2177956
364.4220931 0.2175578
364.4425607 0.2160860
364.4630182 0.2156035
364.4834858 0.2146401
364.5039533 0.2140295
364.5244209 0.2134428
364.5448784 0.2124802
364.5653460 0.2123931
364.5858135 0.2106139
364.6062811 0.2103070
364.6267387 0.2093499
364.6472062 0.2087034
364.6676738 0.2080314
364.6881313 0.2073164
364.7085989 0.2065867
364.7290665 0.2058365
364.7495340 0.2057957
364.7699916 0.2048189
364.7904292 0.2037955
364.8108967 0.2037546
364.8313543 0.2024994
364.8518219 0.2017957
364.8722894 0.2014993
364.8927570 0.2010459
364.9132146 0.2005734
364.9336521 0.2001199
364.9541197 0.1990062
364.9745873 0.1989711
364.9950448 0.1983463
365.0155124 0.1978249
365.0359500 0.1980038
365.0564076 0.1968367
365.0768751 0.1967462
365.0973427 0.1961198
365.1177803 0.1961804
365.1382379 0.1954441
365.1587054 0.1952988
365.1791730 0.1948167
365.1996006 0.1945967
365.2200682 0.1942249
365.2405358 0.1938274
365.2609733 0.1941253
365.2814309 0.1936282
365.3018985 0.1936896
365.3223361 0.1931180
365.3427937 0.1930612
365.3632613 0.1927120
365.3836988 0.1928665
365.4041664 0.1930921
365.4246240 0.1931930
365.4450616 0.1922081
365.4655292 0.1923323
365.4859568 0.1928466
365.5064244 0.1922693
365.5268620 0.1927149
365.5473295 0.1924545
365.5677572 0.1930667
365.5882247 0.1929733
365.6086923 0.1928795
365.6291199 0.1928032
365.6495875 0.1934147
365.6700251 0.1942220
365.6904827 0.1939571
365.7109203 0.1940313
365.7313579 0.1948382
365.7518255 0.1945060
365.7722531 0.1958345
365.7927207 0.1954254
365.8131583 0.1960944
365.8336159 0.1958530
365.8540535 0.1958168
365.8744911 0.1964622
365.8949487 0.1973431
365.9153863 0.1972704
365.9358539 0.1975000
365.9562915 0.1983507
365.9767191 0.1989547
365.9971867 0.1989794
366.0176243 0.1995871
366.0380520 0.2003615
366.0585196 0.2010885
366.0789572 0.2015300
366.0993848 0.2019772
366.1198224 0.2022615
366.1402900 0.2028977
366.1607176 0.2035046
366.1811552 0.2039122
366.2016228 0.2050719
366.2220604 0.2051627
366.2424881 0.2063035
366.2629257 0.2064638
366.2833633 0.2072374
366.3038209 0.2078823
366.3242585 0.2081977
366.3446962 0.2086715
366.3651238 0.2097850
366.3855614 0.2100578
366.4059990 0.2110473
366.4264566 0.2120103
366.4468943 0.2125193
366.4673319 0.2133084
366.4877595 0.2137380
366.5081971 0.2143107
366.5286348 0.2148121
366.5490624 0.2157411
366.5695000 0.2158080
366.5899376 0.2160041
366.6103753 0.2167246
366.6308329 0.2173004
366.6512705 0.2180083
366.6717081 0.2185949
366.6921358 0.2189847
366.7125734 0.2197032
366.7330110 0.2198337
366.7534387 0.2203816
366.7738763 0.2210885
366.7943139 0.2218153
366.8147416 0.2218918
366.8351492 0.2222687
366.8555869 0.2225694
366.8760145 0.2231828
366.8964521 0.2230123
366.9168898 0.2233526
366.9373174 0.2237543
366.9577551 0.2235443
366.9781927 0.2239750
366.9986203 0.2246828
367.0190580 0.2243838
367.0394656 0.2242345
367.0598933 0.2241429
367.0803309 0.2243180
367.1007686 0.2246817
367.1211962 0.2244731
367.1416339 0.2242362
367.1620415 0.2247375
367.1824692 0.2241672
367.2029068 0.2238086
367.2233444 0.2238277
367.2437721 0.2236597
367.2641798 0.2235978
367.2846174 0.2233165
367.3050451 0.2225541
367.3254827 0.2229173
367.3458904 0.2223349
367.3663180 0.2218113
367.3867557 0.2212157
367.4071633 0.2217808
367.4275910 0.2207155
367.4480286 0.2202407
367.4684363 0.2196641
367.4888640 0.2196541
367.5093016 0.2190515
367.5297093 0.2186830
367.5501369 0.2182592
367.5705746 0.2175430
367.5909823 0.2168528
367.6114099 0.2161221
367.6318176 0.2155059
367.6522553 0.2155610
367.6726529 0.2142728
367.6930906 0.2136873
367.7135282 0.2130669
367.7339259 0.2124415
367.7543636 0.2120874
367.7747713 0.2119525
367.7951989 0.2112247
367.8156066 0.2104387
367.8360443 0.2096157
367.8564420 0.2094559
367.8768796 0.2083113
367.8972773 0.2083670
367.9176850 0.2073569
367.9381226 0.2068714
367.9585203 0.2061899
367.9789580 0.2051418
367.9993657 0.2050581
368.0197933 0.2049939
368.0402010 0.2039459
368.0606087 0.2034714
368.0810364 0.2031983
368.1014441 0.2020906
368.1218518 0.2018871
368.1422794 0.2015450
368.1626871 0.2013081
368.1830848 0.2004266
368.2035225 0.2000968
368.2239302 0.1993552
368.2443279 0.1992332
368.2647655 0.1987243
368.2851732 0.1982888
368.3055709 0.1985414
368.3259786 0.1974521
368.3464163 0.1974302
368.3668140 0.1965263
368.3872217 0.1969945
368.4076294 0.1963554
368.4280571 0.1964025
368.4484647 0.1964502
368.4688624 0.1957732
368.4892701 0.1961189
368.5096778 0.1954590
368.5300755 0.1953930
368.5505132 0.1955391
368.5709209 0.1960411
368.5913186 0.1954099
368.6117263 0.1951565
368.6321340 0.1953434
368.6525317 0.1951719
368.6729394 0.1953438
368.6933371 0.1951548
368.7137748 0.1951467
368.7341825 0.1954714
368.7545802 0.1950150
368.7749879 0.1955168
368.7953956 0.1959653
368.8157933 0.1958149
368.8362010 0.1965823
368.8565988 0.1962626
368.8770065 0.1967272
368.8974142 0.1967999
368.9178119 0.1978628
368.9382196 0.1974140
368.9586273 0.1982331
368.9790250 0.1980303
368.9994327 0.1987158
369.0198304 0.1990740
369.0402082 0.1994949
369.0606159 0.1995231
369.0810136 0.2009275
369.1014213 0.2010572
369.1218290 0.2014362
369.1422267 0.2020125
369.1626344 0.2025490
369.1830322 0.2031858
369.2034099 0.2037594
369.2238176 0.2039934
369.2442153 0.2048858
369.2646230 0.2049939
369.2850208 0.2053376
369.3054285 0.2065825
369.3258062 0.2071694
369.3462039 0.2078959
369.3666117 0.2084432
369.3870194 0.2090993
369.4073871 0.2098727
369.4277948 0.2108618
369.4481926 0.2114762
369.4686003 0.2121794
369.4889780 0.2128418
369.5093758 0.2128800
369.5297835 0.2140300
369.5501512 0.2151126
369.5705590 0.2154679
369.5909667 0.2164034
369.6113344 0.2173718
369.6317422 0.2175608
369.6521399 0.2181091
369.6725176 0.2188191
369.6929254 0.2196936
369.7132931 0.2204650
369.7337008 0.2212952
369.7541086 0.2215074
369.7744763 0.2223083
369.7948841 0.2231417
369.8152518 0.2237580
369.8356595 0.2251014
369.8560273 0.2251874
369.8764350 0.2260557
369.8968128 0.2262080
369.9172105 0.2265419
369.9375883 0.2269217
369.9579960 0.2277334
369.9783638 0.2284554
369.9987715 0.2285739
370.0191393 0.2284051
370.0395470 0.2293089
370.0599148 0.2296619
370.0803225 0.2305640
370.1007002 0.2311878
370.1210680 0.2309089
370.1414757 0.2308839
370.1618435 0.2311801
370.1822513 0.2312024
370.2026290 0.2316009
370.2229968 0.2318452
370.2434045 0.2318253
370.2637723 0.2325061
370.2841500 0.2314702
370.3045578 0.2315657
370.3249256 0.2314272
370.3453033 0.2319898
370.3657011 0.2315099
370.3860788 0.2316251
370.4064566 0.2311379
370.4268244 0.2312915
370.4472321 0.2316762
370.4675999 0.2310265
370.4879777 0.2309483
370.5083454 0.2302703
370.5287532 0.2290349
370.5491309 0.2293552
370.5694987 0.2293396
370.5898765 0.2286359
370.6102443 0.2282551
370.6306520 0.2278827
370.6510298 0.2266770
370.6713976 0.2261553
370.6917753 0.2256236
370.7121431 0.2251996
370.7325209 0.2249408
370.7528887 0.2239946
370.7732664 0.2233165
370.7936742 0.2227844
370.8140420 0.2220401
370.8344197 0.2215019
370.8547875 0.2206828
370.8751653 0.2198819
370.8955431 0.2189904
370.9159109 0.2180994
370.9362886 0.2175017
370.9566564 0.2166920
370.9770342 0.2163632
370.9974020 0.2148287
371.0177798 0.2141372
371.0381576 0.2133843
371.0585253 0.2125569
371.0789031 0.2124992
371.0992709 0.2112522
371.1196487 0.2104894
