# wl 	 %tx
 247.54220  0.14628
 247.56350  0.14428
 247.58478  0.14493
 247.60609  0.14459
 247.62738  0.14497
 247.64867  0.14228
 247.66997  0.14351
 247.69127  0.14445
 247.71256  0.14383
 247.73385  0.14400
 247.75515  0.14389
 247.77644  0.14464
 247.79772  0.14534
 247.81903  0.14504
 247.84031  0.14367
 247.86161  0.14513
 247.88290  0.14296
 247.90420  0.14405
 247.92549  0.14321
 247.94678  0.14389
 247.96806  0.14451
 247.98937  0.14340
 248.01065  0.14335
 248.03196  0.14159
 248.05324  0.14386
 248.07452  0.14198
 248.09583  0.14284
 248.11711  0.14288
 248.13839  0.14305
 248.15970  0.14294
 248.18098  0.14336
 248.20227  0.14205
 248.22357  0.14216
 248.24485  0.14303
 248.26614  0.14186
 248.28743  0.14287
 248.30872  0.14265
 248.33001  0.14143
 248.35129  0.14229
 248.37260  0.14052
 248.39388  0.14166
 248.41516  0.14314
 248.43645  0.14251
 248.45773  0.14350
 248.47904  0.14408
 248.50032  0.14266
 248.52160  0.14330
 248.54289  0.14251
 248.56417  0.14334
 248.58545  0.14364
 248.60674  0.14340
 248.62803  0.14416
 248.64932  0.14369
 248.67061  0.14252
 248.69189  0.14249
 248.71319  0.14314
 248.73447  0.14396
 248.75576  0.14457
 248.77704  0.14244
 248.79832  0.14171
 248.81961  0.14256
 248.84089  0.14357
 248.86217  0.14399
 248.88347  0.14498
 248.90473  0.14480
 248.92602  0.14479
 248.94730  0.14378
 248.96859  0.14347
 248.98988  0.14583
 249.01116  0.14733
 249.03245  0.14718
 249.05373  0.14664
 249.07501  0.14747
 249.09629  0.14766
 249.11757  0.14754
 249.13886  0.14763
 249.16014  0.14757
 249.18142  0.14826
 249.20270  0.14883
 249.22398  0.14806
 249.24526  0.14925
 249.26655  0.14800
 249.28782  0.14866
 249.30911  0.14730
 249.33039  0.14742
 249.35166  0.14699
 249.37295  0.14681
 249.39423  0.14784
 249.41551  0.14913
 249.43679  0.14720
 249.45807  0.14788
 249.47934  0.14901
 249.50063  0.14814
 249.52191  0.14617
 249.54318  0.14909
 249.56446  0.14788
 249.58574  0.14823
 249.60702  0.14792
 249.62829  0.14919
 249.64958  0.14924
 249.67085  0.14872
 249.69214  0.14830
 249.71340  0.14931
 249.73468  0.14900
 249.75596  0.14806
 249.77724  0.14758
 249.79852  0.14843
 249.81980  0.14640
 249.84106  0.14773
 249.86234  0.14769
 249.88362  0.14861
 249.90489  0.14711
 249.92618  0.14769
 249.94744  0.14799
 249.96872  0.14788
 249.99000  0.14618
 250.01127  0.14708
 250.03254  0.14715
 250.05383  0.14722
 250.07510  0.14827
 250.09637  0.14808
 250.11763  0.14845
 250.13892  0.14764
 250.16019  0.14892
 250.18147  0.14820
 250.20273  0.14836
 250.22401  0.14676
 250.24529  0.14817
 250.26656  0.14871
 250.28783  0.14781
 250.30910  0.14659
 250.33036  0.14610
 250.35166  0.14771
 250.37292  0.14746
 250.39419  0.14929
 250.41546  0.14730
 250.43673  0.14857
 250.45801  0.14764
 250.47927  0.14670
 250.50054  0.14796
 250.52181  0.14841
 250.54308  0.15145
 250.56436  0.15316
 250.58562  0.14648
 250.60689  0.14682
 250.62816  0.14623
 250.64943  0.14813
 250.67071  0.14650
 250.69197  0.14697
 250.71324  0.14514
 250.73451  0.14469
 250.75578  0.14528
 250.77706  0.14416
 250.79832  0.14463
 250.81959  0.14373
 250.84085  0.14448
 250.86211  0.14480
 250.88338  0.14257
 250.90466  0.14489
 250.92592  0.14376
 250.94720  0.14426
 250.96845  0.14479
 250.98972  0.14347
 251.01099  0.14422
 251.03226  0.14461
 251.05352  0.14297
 251.07478  0.14323
 251.09605  0.14213
 251.11733  0.14108
 251.13858  0.14189
 251.15985  0.14244
 251.18112  0.14262
 251.20237  0.14043
 251.22365  0.14076
 251.24491  0.14066
 251.26617  0.14049
 251.28744  0.13840
 251.30869  0.13978
 251.32997  0.13917
 251.35122  0.14029
 251.37249  0.13918
 251.39376  0.13994
 251.41501  0.13893
 251.43628  0.13869
 251.45754  0.13939
 251.47881  0.13997
 251.50006  0.14006
 251.52133  0.14013
 251.54259  0.14065
 251.56385  0.13991
 251.58511  0.14130
 251.60637  0.13946
 251.62763  0.13913
 251.64889  0.14025
 251.67016  0.14122
 251.69141  0.13939
 251.71267  0.13889
 251.73394  0.13821
 251.75520  0.13837
 251.77645  0.13752
 251.79771  0.13781
 251.81897  0.13749
 251.84023  0.13833
 251.86150  0.13715
 251.88275  0.13780
 251.90400  0.13871
 251.92526  0.13804
 251.94653  0.13838
 251.96779  0.13877
 251.98904  0.13794
 252.01029  0.13847
 252.03155  0.13425
 252.05282  0.13259
 252.07408  0.13517
 252.09533  0.13853
 252.11658  0.13820
 252.13784  0.13802
 252.15909  0.13873
 252.18035  0.13659
 252.20160  0.13691
 252.22287  0.13678
 252.24413  0.13705
 252.26538  0.13560
 252.28664  0.13666
 252.30789  0.13767
 252.32914  0.13801
 252.35040  0.13663
 252.37166  0.13681
 252.39292  0.13552
 252.41417  0.13624
 252.43542  0.13660
 252.45668  0.13734
 252.47793  0.13679
 252.49917  0.13632
 252.52043  0.13492
 252.54168  0.13596
 252.56294  0.13535
 252.58419  0.13535
 252.60545  0.13688
 252.62670  0.13525
 252.64795  0.13580
 252.66920  0.13403
 252.69045  0.13524
 252.71171  0.13375
 252.73296  0.13428
 252.75421  0.13422
 252.77545  0.13415
 252.79670  0.13410
 252.81797  0.13291
 252.83920  0.13297
 252.86045  0.13179
 252.88171  0.13248
 252.90296  0.13193
 252.92421  0.13252
 252.94546  0.13182
 252.96671  0.13255
 252.98796  0.13257
 253.00921  0.13459
 253.03045  0.13426
 253.05170  0.13360
 253.07295  0.13418
 253.09420  0.13394
 253.11545  0.13254
 253.13670  0.13336
 253.15795  0.13188
 253.17918  0.13252
 253.20044  0.13169
 253.22168  0.13110
 253.24294  0.13189
 253.26417  0.13118
 253.28542  0.13188
 253.30667  0.13254
 253.32792  0.13239
 253.34917  0.13177
 253.37042  0.13153
 253.39165  0.13237
 253.41290  0.13207
 253.43415  0.13071
 253.45539  0.13133
 253.47663  0.13142
 253.49788  0.13071
 253.51913  0.13235
 253.54036  0.13327
 253.56162  0.13250
 253.58286  0.13312
 253.60409  0.13224
 253.62535  0.13186
 253.64659  0.13281
 253.66784  0.13204
 253.68907  0.13296
 253.71031  0.13218
 253.73157  0.13166
 253.75280  0.13223
 253.77405  0.13182
 253.79528  0.13262
 253.81652  0.13317
 253.83778  0.13277
 253.85902  0.13209
 253.88026  0.13312
 253.90150  0.13214
 253.92273  0.13171
 253.94398  0.13141
 253.96521  0.13160
 253.98646  0.13103
 254.00769  0.13044
 254.02893  0.13257
 254.05017  0.13159
 254.07141  0.13157
 254.09266  0.13168
 254.11389  0.13151
 254.13513  0.13166
 254.15637  0.12983
 254.17761  0.13064
 254.19885  0.13276
 254.22009  0.13245
 254.24132  0.13042
 254.26257  0.13044
 254.28380  0.13289
 254.30505  0.14998
 254.32627  0.13724
 254.34751  0.12996
 254.36875  0.13095
 254.38999  0.13246
 254.41123  0.13040
 254.43245  0.13169
 254.45369  0.13056
 254.47493  0.13068
 254.49617  0.12961
 254.51741  0.13096
 254.53864  0.13113
 254.55988  0.13043
 254.58112  0.12982
 254.60234  0.12901
 254.62358  0.13063
 254.64482  0.12912
 254.66605  0.12920
 254.68728  0.12824
 254.70852  0.12884
 254.72975  0.12772
 254.75098  0.12810
 254.77221  0.12809
 254.79345  0.12793
 254.81469  0.12775
 254.83592  0.12955
 254.85715  0.12805
 254.87838  0.12807
 254.89962  0.12645
 254.92084  0.12722
 254.94208  0.12866
 254.96330  0.12755
 254.98455  0.12716
 255.00577  0.12748
 255.02700  0.12745
 255.04823  0.12708
 255.06945  0.12600
 255.09070  0.12574
 255.11192  0.12547
 255.13316  0.12571
 255.15439  0.12507
 255.17561  0.12524
 255.19685  0.12440
 255.21807  0.12344
 255.23930  0.12408
 255.26054  0.12390
 255.28176  0.12262
 255.30299  0.12213
 255.32422  0.12387
 255.34545  0.12572
 255.36667  0.12342
 255.38789  0.12410
 255.40912  0.12293
 255.43036  0.12185
 255.45159  0.12192
 255.47281  0.12293
 255.49403  0.12260
 255.51526  0.12303
 255.53650  0.12152
 255.55773  0.12179
 255.57895  0.12099
 255.60017  0.11996
 255.62140  0.11901
 255.64262  0.12057
 255.66385  0.12076
 255.68507  0.12027
 255.70630  0.12078
 255.72752  0.11984
 255.74874  0.12008
 255.76997  0.12014
 255.79119  0.12020
 255.81242  0.12015
 255.83364  0.12107
 255.85486  0.12195
 255.87609  0.12086
 255.89731  0.11932
 255.91854  0.12033
 255.93976  0.12080
 255.96098  0.11990
 255.98221  0.12054
 256.00342  0.12062
 256.02465  0.12075
 256.04587  0.12018
 256.06709  0.11906
 256.08832  0.11718
 256.10954  0.11822
 256.13075  0.11916
 256.15197  0.11891
 256.17320  0.11866
 256.19442  0.11937
 256.21563  0.11955
 256.23686  0.11891
 256.25806  0.11842
 256.27929  0.11998
 256.30051  0.11952
 256.32173  0.11794
 256.34296  0.11779
 256.36418  0.11878
 256.38538  0.11782
 256.40660  0.11835
 256.42782  0.11869
 256.44906  0.11840
 256.47028  0.11840
 256.49148  0.11669
 256.51270  0.11547
 256.53393  0.11611
 256.55515  0.11575
 256.57634  0.11563
 256.59757  0.11588
 256.61879  0.11602
 256.64002  0.11629
 256.66121  0.11600
 256.68243  0.11566
 256.70366  0.11578
 256.72488  0.11562
 256.74608  0.11588
 256.76730  0.11518
 256.78852  0.11546
 256.80972  0.11613
 256.83094  0.11556
 256.85217  0.11585
 256.87336  0.11320
 256.89459  0.11305
 256.91581  0.11366
 256.93700  0.11413
 256.95823  0.11324
 256.97945  0.11346
 257.00065  0.11253
 257.02187  0.11203
 257.04309  0.11209
 257.06429  0.11118
 257.08551  0.11007
 257.10671  0.11115
 257.12793  0.11111
 257.14916  0.11120
 257.17035  0.11092
 257.19157  0.11160
 257.21277  0.11078
 257.23399  0.11088
 257.25519  0.11204
 257.27641  0.11109
 257.29760  0.11105
 257.31883  0.11100
 257.34002  0.11124
 257.36125  0.11195
 257.38247  0.11090
 257.40366  0.11120
 257.42489  0.11112
 257.44608  0.11143
 257.46731  0.11115
 257.48850  0.11068
 257.50970  0.10974
 257.53092  0.10879
 257.55211  0.10906
 257.57334  0.10878
 257.59453  0.10916
 257.61576  0.10964
 257.63695  0.10951
 257.65817  0.10877
 257.67937  0.10877
 257.70056  0.10971
 257.72179  0.11002
 257.74298  0.11030
 257.76421  0.10966
 257.78540  0.10866
 257.80659  0.10864
 257.82782  0.10823
 257.84901  0.10899
 257.87024  0.10833
 257.89143  0.10989
 257.91262  0.10878
 257.93385  0.10913
 257.95504  0.10911
 257.97624  0.10877
 257.99746  0.10775
 258.01866  0.10813
 258.03985  0.10826
 258.06107  0.10845
 258.08227  0.10919
 258.10345  0.10895
 258.12465  0.10886
 258.14587  0.10820
 258.16706  0.10779
 258.18826  0.10797
 258.20948  0.10851
 258.23068  0.10941
 258.25187  0.10867
 258.27307  0.10850
 258.29429  0.10636
 258.31548  0.10304
 258.33668  0.09939
 258.35787  0.10717
 258.37907  0.10735
 258.40029  0.10890
 258.42148  0.10777
 258.44268  0.10667
 258.46387  0.10742
 258.48507  0.10713
 258.50629  0.10683
 258.52749  0.10733
 258.54868  0.10695
 258.56987  0.10606
 258.59107  0.10667
 258.61226  0.10678
 258.63346  0.10669
 258.65468  0.10685
 258.67588  0.10670
 258.69707  0.10583
 258.71826  0.10659
 258.73946  0.10627
 258.76065  0.10622
 258.78185  0.10722
 258.80304  0.10789
 258.82423  0.10826
 258.84543  0.10644
 258.86662  0.10632
 258.88782  0.10567
 258.90904  0.10615
 258.93024  0.10621
 258.95143  0.10487
 258.97262  0.10540
 258.99382  0.10623
 259.01501  0.10677
 259.03621  0.10584
 259.05740  0.10576
 259.07860  0.10498
 259.09979  0.10556
 259.12097  0.10480
 259.14217  0.10410
 259.16336  0.10400
 259.18456  0.10496
 259.20572  0.10452
 259.22691  0.10410
 259.24811  0.10391
 259.26930  0.10385
 259.29050  0.10363
 259.31169  0.10358
 259.33289  0.10367
 259.35408  0.10350
 259.37527  0.10384
 259.39647  0.10361
 259.41766  0.10396
 259.43886  0.10384
 259.46002  0.10315
 259.48122  0.10198
 259.50241  0.10201
 259.52360  0.10232
 259.54480  0.10217
 259.56599  0.10313
 259.58719  0.10194
 259.60835  0.10110
 259.62954  0.09978
 259.65074  0.09984
 259.67193  0.09933
 259.69313  0.09976
 259.71428  0.09945
 259.73548  0.09921
 259.75667  0.09853
 259.77786  0.09709
 259.79906  0.09824
 259.82022  0.09764
 259.84142  0.09758
 259.86261  0.09728
 259.88381  0.09848
 259.90497  0.09761
 259.92616  0.09762
 259.94736  0.09774
 259.96852  0.09581
 259.98972  0.09593
 260.01091  0.09536
 260.03211  0.09644
 260.05327  0.09638
 260.07446  0.09555
 260.09566  0.09508
 260.11682  0.09505
 260.13802  0.09467
 260.15921  0.09287
 260.18037  0.08689
 260.20157  0.08797
 260.22272  0.09113
 260.24392  0.09413
 260.26511  0.09458
 260.28628  0.09390
 260.30747  0.09244
 260.32866  0.09341
 260.34983  0.09354
 260.37102  0.09393
 260.39219  0.09405
 260.41338  0.09380
 260.43455  0.09359
 260.45574  0.09310
 260.47693  0.09275
 260.49810  0.09218
 260.51929  0.09196
 260.54046  0.09316
 260.56165  0.09357
 260.58282  0.09239
 260.60401  0.09240
 260.62516  0.09206
 260.64636  0.09202
 260.66752  0.09230
 260.68872  0.09217
 260.70988  0.09251
 260.73108  0.09254
 260.75224  0.09274
 260.77343  0.09272
 260.79460  0.09295
 260.81579  0.09218
 260.83696  0.09269
 260.85812  0.09242
 260.87932  0.09207
 260.90048  0.09203
 260.92167  0.09274
 260.94284  0.09172
 260.96403  0.09257
 260.98520  0.09128
 261.00635  0.09197
 261.02755  0.09198
 261.04871  0.09163
 261.06987  0.09159
 261.09107  0.09241
 261.11223  0.09178
 261.13343  0.09189
 261.15459  0.09174
 261.17576  0.09179
 261.19695  0.09053
 261.21811  0.09027
 261.23928  0.09114
 261.26044  0.09164
 261.28164  0.09109
 261.30280  0.08992
 261.32397  0.08997
 261.34515  0.08936
 261.36631  0.08952
 261.38748  0.08919
 261.40864  0.08872
 261.42984  0.08922
 261.45100  0.08868
 261.47217  0.08862
 261.49333  0.08889
 261.51452  0.08810
 261.53569  0.08847
 261.55685  0.08900
 261.57802  0.08893
 261.59918  0.08915
 261.62038  0.08916
 261.64154  0.08851
 261.66269  0.08931
 261.68386  0.08936
 261.70502  0.08963
 261.72622  0.08871
 261.74738  0.08920
 261.76855  0.08831
 261.78971  0.08866
 261.81087  0.08763
 261.83204  0.08816
 261.85320  0.08820
 261.87437  0.08809
 261.89556  0.08769
 261.91673  0.08815
 261.93789  0.08781
 261.95904  0.08785
 261.98021  0.08741
 262.00137  0.08713
 262.02254  0.08717
 262.04370  0.08794
 262.06487  0.08758
 262.08603  0.08771
 262.10719  0.08766
 262.12836  0.08746
 262.14952  0.08769
 262.17069  0.08763
 262.19185  0.08722
 262.21301  0.08667
 262.23417  0.08723
 262.25533  0.08696
 262.27650  0.08605
 262.29766  0.08574
 262.31883  0.08587
 262.33999  0.08618
 262.36116  0.08613
 262.38232  0.08592
 262.40348  0.08608
 262.42465  0.08618
 262.44581  0.08561
 262.46698  0.08621
 262.48813  0.08628
 262.50930  0.08599
 262.53046  0.08616
 262.55160  0.08610
 262.57276  0.08539
 262.59392  0.08560
 262.61509  0.08508
 262.63625  0.08442
 262.65742  0.08440
 262.67858  0.08471
 262.69972  0.08559
 262.72087  0.08443
 262.74203  0.08434
 262.76320  0.08338
 262.78436  0.08333
 262.80553  0.08350
 262.82666  0.08293
 262.84783  0.08365
 262.86899  0.08352
 262.89015  0.08333
 262.91132  0.08356
 262.93245  0.08323
 262.95361  0.08278
 262.97477  0.08319
 262.99594  0.08273
 263.01707  0.08313
 263.03823  0.08352
 263.05940  0.08391
 263.08056  0.08429
 263.10170  0.08402
 263.12286  0.08405
 263.14403  0.08410
 263.16515  0.08283
 263.18632  0.08317
 263.20748  0.08343
 263.22861  0.08320
 263.24978  0.08248
 263.27094  0.08279
 263.29208  0.08280
 263.31324  0.08260
 263.33441  0.08271
 263.35554  0.08213
 263.37670  0.08272
 263.39786  0.08285
 263.41899  0.08187
 263.44016  0.08227
 263.46129  0.08216
 263.48246  0.08300
 263.50362  0.08325
 263.52476  0.08283
 263.54592  0.08311
 263.56705  0.08308
 263.58822  0.08373
 263.60934  0.08273
 263.63051  0.08251
 263.65164  0.08256
 263.67281  0.08291
 263.69397  0.08239
 263.71510  0.08220
 263.73627  0.08225
 263.75740  0.08197
 263.77857  0.08198
 263.79969  0.08204
 263.82086  0.08228
 263.84199  0.08245
 263.86312  0.08294
 263.88429  0.08226
 263.90542  0.08223
 263.92659  0.08145
 263.94772  0.08131
 263.96889  0.08133
 263.99001  0.08138
 264.01118  0.08109
 264.03231  0.08176
 264.05344  0.08072
 264.07461  0.08054
 264.09574  0.08008
 264.11691  0.08123
 264.13804  0.08117
 264.15918  0.08166
 264.18034  0.08113
 264.20147  0.08087
 264.22260  0.07992
 264.24376  0.07985
 264.26490  0.08014
 264.28603  0.07971
 264.30720  0.07939
 264.32833  0.07934
 264.34947  0.07960
 264.37062  0.08003
 264.39175  0.07974
 264.41289  0.07981
 264.43402  0.07997
 264.45519  0.07887
 264.47632  0.07965
 264.49746  0.07924
 264.51862  0.07930
 264.53976  0.07982
 264.56088  0.07946
 264.58201  0.08013
 264.60315  0.07897
 264.62431  0.07848
 264.64545  0.07865
 264.66658  0.07940
 264.68772  0.07796
 264.70885  0.07846
 264.73000  0.07783
 264.75114  0.07841
 264.77227  0.07853
 264.79341  0.07808
 264.81454  0.07803
 264.83568  0.07792
 264.85684  0.07787
 264.87798  0.07803
 264.89910  0.07793
 264.92023  0.07771
 264.94137  0.07806
 264.96250  0.07714
 264.98364  0.07700
 265.00477  0.07684
 265.02591  0.07668
 265.04707  0.07672
 265.06820  0.07638
 265.08933  0.07737
 265.11046  0.07790
 265.13160  0.07809
 265.15273  0.07821
 265.17387  0.07849
 265.19500  0.07829
 265.21614  0.07747
 265.23726  0.07749
 265.25840  0.07776
 265.27953  0.07759
 265.30066  0.07755
 265.32180  0.07815
 265.34293  0.07784
 265.36407  0.07728
 265.38519  0.07727
 265.40633  0.07640
 265.42746  0.07735
 265.44860  0.07701
 265.46973  0.07676
 265.49086  0.07660
 265.51197  0.07632
 265.53309  0.07665
 265.55423  0.07586
 265.57536  0.07553
 265.59650  0.07616
 265.61763  0.07674
 265.63877  0.07664
 265.65990  0.07728
 265.68103  0.07702
 265.70213  0.07617
 265.72326  0.07574
 265.74440  0.07542
 265.76553  0.07540
 265.78667  0.07554
 265.80780  0.07491
 265.82890  0.07480
 265.85003  0.07396
 265.87116  0.07400
 265.89230  0.07320
 265.91343  0.07388
 265.93454  0.07352
 265.95567  0.07348
 265.97681  0.07364
 265.99793  0.07315
 266.01906  0.07325
 266.04017  0.07361
 266.06130  0.07351
 266.08244  0.07305
 266.10354  0.07302
 266.12468  0.07346
 266.14580  0.07301
 266.16694  0.07306
 266.18804  0.07336
 266.20918  0.07297
 266.23031  0.07348
 266.25141  0.07462
 266.27255  0.07292
 266.29367  0.07301
 266.31478  0.07294
 266.33591  0.07261
 266.35705  0.07266
 266.37815  0.07185
 266.39929  0.07166
 266.42038  0.07159
 266.44151  0.07194
 266.46265  0.07421
 266.48375  0.07419
 266.50489  0.07272
 266.52599  0.07431
 266.54713  0.07329
 266.56825  0.07156
 266.58936  0.07114
 266.61049  0.07192
 266.63159  0.07158
 266.65273  0.07142
 266.67383  0.07164
 266.69496  0.07164
 266.71606  0.07191
 266.73720  0.07145
 266.75830  0.07089
 266.77944  0.07174
 266.80054  0.07105
 266.82167  0.07154
 266.84277  0.07182
 266.86390  0.07189
 266.88501  0.07150
 266.90614  0.07112
 266.92725  0.07020
 266.94838  0.07018
 266.96948  0.07060
 266.99058  0.07018
 267.01171  0.07075
 267.03282  0.07012
 267.05395  0.06993
 267.07506  0.07028
 267.09618  0.06920
 267.11729  0.06932
 267.13839  0.06927
 267.15953  0.06933
 267.18063  0.06854
 267.20174  0.06906
 267.22286  0.06896
 267.24396  0.06886
 267.26507  0.06887
 267.28620  0.06890
 267.30731  0.06914
 267.32841  0.06946
 267.34954  0.06939
 267.37064  0.06962
 267.39175  0.06976
 267.41288  0.06953
 267.43398  0.07003
 267.45509  0.07049
 267.47618  0.06981
 267.49732  0.06988
 267.51842  0.06989
 267.53953  0.06928
 267.56063  0.06875
 267.58177  0.06891
 267.60286  0.06913
 267.62397  0.06948
 267.64507  0.06872
 267.66617  0.06954
 267.68731  0.06951
 267.70841  0.06960
 267.72951  0.06922
 267.75061  0.06907
 267.77172  0.06973
 267.79282  0.07013
 267.81396  0.07024
 267.83505  0.07003
 267.85615  0.07013
 267.87726  0.06996
 267.89836  0.06991
 267.91947  0.07007
 267.94057  0.07034
 267.96167  0.07022
 267.98277  0.07005
 268.00391  0.07005
 268.02501  0.06960
 268.04612  0.06957
 268.06722  0.06954
 268.08831  0.06977
 268.10942  0.06992
 268.13052  0.07012
 268.15163  0.07018
 268.17273  0.06983
 268.19383  0.06930
 268.21493  0.06943
 268.23604  0.06886
 268.25714  0.06948
 268.27825  0.06998
 268.29934  0.06934
 268.32044  0.06935
 268.34155  0.06870
 268.36265  0.06850
 268.38376  0.06833
 268.40486  0.06824
 268.42596  0.06919
 268.44706  0.06918
 268.46814  0.06877
 268.48924  0.06857
 268.51035  0.06842
 268.53144  0.06819
 268.55254  0.06775
 268.57365  0.06808
 268.59475  0.06765
 268.61586  0.06768
 268.63696  0.06767
 268.65803  0.06805
 268.67913  0.06792
 268.70024  0.06819
 268.72134  0.06836
 268.74245  0.06822
 268.76354  0.06867
 268.78461  0.06924
 268.80572  0.06862
 268.82682  0.06933
 268.84793  0.06895
 268.86902  0.06851
 268.89010  0.06813
 268.91120  0.06785
 268.93231  0.06796
 268.95341  0.06829
 268.97448  0.06841
 268.99558  0.06749
 269.01668  0.06736
 269.03779  0.06701
 269.05886  0.06762
 269.07996  0.06743
 269.10106  0.06741
 269.12214  0.06745
 269.14324  0.06733
 269.16435  0.06760
 269.18541  0.06727
 269.20652  0.06731
 269.22762  0.06725
 269.24869  0.06682
 269.26980  0.06689
 269.29089  0.06719
 269.31197  0.06652
 269.33307  0.06629
 269.35418  0.06574
 269.37525  0.06573
 269.39635  0.06610
 269.41742  0.06707
 269.43853  0.06665
 269.45963  0.06646
 269.48070  0.06671
 269.50180  0.06662
 269.52287  0.06594
 269.54398  0.06655
 269.56505  0.06700
 269.58616  0.06709
 269.60722  0.06691
 269.62833  0.06648
 269.64940  0.06620
 269.67051  0.06596
 269.69157  0.06604
 269.71268  0.06591
 269.73375  0.06604
 269.75485  0.06591
 269.77593  0.06607
 269.79702  0.06559
 269.81810  0.06564
 269.83920  0.06582
 269.86028  0.06550
 269.88138  0.06586
 269.90245  0.06552
 269.92352  0.06589
 269.94463  0.06615
 269.96570  0.06567
 269.98680  0.07166
 270.00787  0.06588
 270.02894  0.06488
 270.05005  0.06507
 270.07112  0.06490
 270.09222  0.06505
 270.11329  0.06421
 270.13437  0.06446
 270.15547  0.06438
 270.17655  0.06437
 270.19761  0.06414
 270.21872  0.06405
 270.23979  0.06398
 270.26086  0.06459
 270.28193  0.06417
 270.30303  0.06436
 270.32411  0.06371
 270.34518  0.06374
 270.36629  0.06369
 270.38735  0.06410
 270.40843  0.06388
 270.42950  0.06390
 270.45061  0.06447
 270.47167  0.06396
 270.49275  0.06372
 270.51382  0.06381
 270.53489  0.06465
 270.55600  0.06394
 270.57706  0.06352
 270.59814  0.06378
 270.61921  0.06405
 270.64029  0.06373
 270.66135  0.06407
 270.68246  0.06333
 270.70353  0.06387
 270.72461  0.06358
 270.74568  0.06364
 270.76674  0.06397
 270.78782  0.06391
 270.80889  0.06413
 270.82997  0.06513
 270.85106  0.06542
 270.87214  0.06521
 270.89321  0.06553
 270.91429  0.06576
 270.93535  0.06548
 270.95643  0.06508
 270.97750  0.06520
 270.99858  0.06513
 271.01964  0.06486
 271.04072  0.06539
 271.06179  0.06475
 271.08286  0.06486
 271.10394  0.06472
 271.12500  0.06448
 271.14608  0.06393
 271.16715  0.06474
 271.18823  0.06371
 271.20929  0.06393
 271.23037  0.06349
 271.25144  0.06348
 271.27252  0.06341
 271.29358  0.06344
 271.31466  0.06340
 271.33573  0.06407
 271.35677  0.06360
 271.37784  0.06432
 271.39891  0.06408
 271.41999  0.06373
 271.44106  0.06342
 271.46214  0.06345
 271.48320  0.06306
 271.50428  0.06380
 271.52535  0.06379
 271.54640  0.06424
 271.56746  0.06366
 271.58854  0.06341
 271.60961  0.06316
 271.63068  0.06267
 271.65172  0.06304
 271.67279  0.06279
 271.69387  0.06282
 271.71494  0.06320
 271.73601  0.06362
 271.75705  0.06327
 271.77813  0.06303
 271.79920  0.06319
 271.82027  0.06318
 271.84131  0.06315
 271.86239  0.06345
 271.88346  0.06339
 271.90453  0.06385
 271.92557  0.06385
 271.94664  0.06406
 271.96772  0.06375
 271.98875  0.06372
 272.00983  0.06386
 272.03090  0.06394
 272.05195  0.06409
 272.07301  0.06379
 272.09409  0.06363
 272.11513  0.06283
 272.13621  0.06322
 272.15727  0.06299
 272.17832  0.06308
 272.19939  0.06328
 272.22044  0.06387
 272.24150  0.06338
 272.26257  0.06363
 272.28362  0.06355
 272.30469  0.06311
 272.32573  0.06304
 272.34680  0.06293
 272.36788  0.06309
 272.38891  0.06343
 272.40999  0.06345
 272.43103  0.06330
 272.45211  0.06335
 272.47314  0.06338
 272.49422  0.06338
 272.51526  0.06316
 272.53634  0.06374
 272.55737  0.06375
 272.57844  0.06386
 272.59949  0.06432
 272.62056  0.06381
 272.64160  0.06303
 272.66264  0.06296
 272.68372  0.06313
 272.70476  0.06338
 272.72583  0.06364
 272.74687  0.06344
 272.76795  0.06285
 272.78898  0.06240
 272.81003  0.06261
 272.83110  0.06227
 272.85215  0.06220
 272.87321  0.06216
 272.89426  0.06216
 272.91530  0.06201
 272.93637  0.06186
 272.95741  0.06175
 272.97845  0.06147
 272.99953  0.06188
 273.02057  0.06160
 273.04161  0.06152
 273.06268  0.06162
 273.08373  0.06244
 273.10476  0.06226
 273.12581  0.06258
 273.14688  0.06246
 273.16793  0.06211
 273.18896  0.06210
 273.21001  0.06225
 273.23108  0.06200
 273.25212  0.06173
 273.27316  0.06137
 273.29420  0.06112
 273.31528  0.06099
 273.33631  0.06124
 273.35736  0.06151
 273.37840  0.06096
 273.39945  0.06082
 273.42051  0.06126
 273.44156  0.06050
 273.46260  0.06038
 273.48364  0.06048
 273.50468  0.06093
 273.52573  0.06117
 273.54677  0.06120
 273.56784  0.06123
 273.58888  0.06128
 273.60992  0.06057
 273.63097  0.06053
 273.65200  0.06056
 273.67305  0.06111
 273.69409  0.06111
 273.71513  0.06098
 273.73617  0.06058
 273.75722  0.06026
 273.77826  0.06041
 273.79930  0.06070
 273.82034  0.06067
 273.84139  0.06086
 273.86242  0.06077
 273.88347  0.06095
 273.90451  0.06123
 273.92555  0.06103
 273.94659  0.06046
 273.96764  0.06040
 273.98868  0.06075
 274.00971  0.06062
 274.03076  0.06116
 274.05180  0.06057
 274.07284  0.06045
 274.09388  0.06058
 274.11493  0.06000
 274.13597  0.06005
 274.15701  0.06082
 274.17805  0.06044
 274.19910  0.06032
 274.22010  0.06028
 274.24115  0.05977
 274.26219  0.05974
 274.28324  0.06015
 274.30427  0.05974
 274.32532  0.05927
 274.34636  0.05916
 274.36737  0.05972
 274.38841  0.05953
 274.40945  0.05967
 274.43050  0.06006
 274.45153  0.06032
 274.47255  0.05995
 274.49359  0.05991
 274.51463  0.06022
 274.53567  0.06047
 274.55672  0.06102
 274.57772  0.06126
 274.59877  0.06064
 274.61981  0.06023
 274.64086  0.05994
 274.66186  0.06047
 274.68291  0.06028
 274.70395  0.06043
 274.72496  0.05973
 274.74600  0.05995
 274.76705  0.06056
 274.78805  0.06019
 274.80910  0.05989
 274.83014  0.06038
 274.85114  0.06061
 274.87219  0.06069
 274.89323  0.06053
 274.91425  0.06053
 274.93528  0.06098
 274.95633  0.06077
 274.97734  0.06064
 274.99838  0.06064
 275.01939  0.06066
 275.04044  0.06033
 275.06144  0.06003
 275.08249  0.06063
 275.10353  0.06080
 275.12454  0.06115
 275.14558  0.06115
 275.16660  0.06177
 275.18764  0.06175
 275.20865  0.06111
 275.22969  0.06099
 275.25071  0.06107
 275.27174  0.06210
 275.29275  0.06236
 275.31380  0.06101
 275.33480  0.06115
 275.35585  0.06098
 275.37686  0.06106
 275.39790  0.06065
 275.41891  0.06051
 275.43996  0.06080
 275.46096  0.06058
 275.48198  0.06045
 275.50302  0.06041
 275.52403  0.06008
 275.54507  0.06032
 275.56609  0.06014
 275.58710  0.06028
 275.60814  0.06006
 275.62915  0.06040
 275.65017  0.06074
 275.67120  0.06079
 275.69222  0.06070
 275.71323  0.06043
 275.73427  0.06043
 275.75528  0.06010
 275.77629  0.05954
 275.79733  0.06000
 275.81834  0.05956
 275.83936  0.05985
 275.86039  0.05925
 275.88141  0.05919
 275.90242  0.05939
 275.92343  0.05933
 275.94447  0.05902
 275.96549  0.05934
 275.98649  0.05913
 276.00751  0.05899
 276.02855  0.05936
 276.04956  0.05902
 276.07057  0.05910
 276.09159  0.05896
 276.11259  0.05903
 276.13364  0.05935
 276.15465  0.05945
 276.17566  0.05925
 276.19667  0.05953
 276.21769  0.05908
 276.23869  0.05888
 276.25971  0.05917
 276.28075  0.05941
 276.30175  0.05941
 276.32277  0.05936
 276.34378  0.05923
 276.36479  0.05924
 276.38580  0.05891
 276.40682  0.05906
 276.42782  0.05863
 276.44884  0.05914
 276.46985  0.05868
 276.49086  0.05931
 276.51187  0.05926
 276.53289  0.05960
 276.55389  0.06000
 276.57491  0.06041
 276.59592  0.06052
 276.61693  0.06067
 276.63794  0.06032
 276.65896  0.05996
 276.67996  0.06019
 276.70098  0.06080
 276.72199  0.06098
 276.74300  0.06056
 276.76401  0.06077
 276.78503  0.06022
 276.80603  0.05970
 276.82705  0.05923
 276.84806  0.05869
 276.86906  0.05892
 276.89008  0.05929
 276.91109  0.05889
 276.93210  0.05922
 276.95308  0.05867
 276.97410  0.05913
 276.99510  0.05876
 277.01612  0.05905
 277.03713  0.05929
 277.05814  0.05951
 277.07912  0.06009
 277.10013  0.06011
 277.12114  0.05992
 277.14216  0.05968
 277.16316  0.05904
 277.18415  0.05895
 277.20516  0.05875
 277.22617  0.05899
 277.24718  0.05935
 277.26820  0.05942
 277.28917  0.05823
 277.31019  0.05818
 277.33120  0.05796
 277.35218  0.05793
 277.37319  0.05777
 277.39421  0.05827
 277.41521  0.05791
 277.43620  0.05817
 277.45721  0.05783
 277.47822  0.05808
 277.49920  0.05803
 277.52021  0.05792
 277.54122  0.05872
 277.56220  0.05863
 277.58321  0.05865
 277.60422  0.05840
 277.62521  0.05865
 277.64621  0.05856
 277.66720  0.05855
 277.68821  0.05862
 277.70922  0.05856
 277.73020  0.05880
 277.75122  0.05872
 277.77219  0.05835
 277.79321  0.05803
 277.81418  0.05791
 277.83520  0.05732
 277.85618  0.05699
 277.87719  0.05754
 277.89817  0.05729
 277.91919  0.05742
 277.94016  0.05779
 277.96118  0.05801
 277.98215  0.05766
 278.00317  0.05745
 278.02415  0.05753
 278.04516  0.05727
 278.06614  0.05713
 278.08716  0.05734
 278.10813  0.05769
 278.12915  0.05731
 278.15013  0.05825
 278.17111  0.05822
 278.19212  0.05787
 278.21310  0.05750
 278.23411  0.05806
 278.25510  0.05778
 278.27607  0.05835
 278.29709  0.05836
 278.31807  0.05867
 278.33905  0.05828
 278.36006  0.05712
 278.38103  0.05769
 278.40202  0.05752
 278.42303  0.05775
 278.44401  0.05806
 278.46499  0.05774
 278.48601  0.05756
 278.50698  0.05762
 278.52797  0.05696
 278.54898  0.05703
 278.56996  0.05706
 278.59094  0.05692
 278.61192  0.05696
 278.63293  0.05658
 278.65392  0.05677
 278.67489  0.05644
 278.69588  0.05631
 278.71685  0.05636
 278.73787  0.05689
 278.75885  0.05644
 278.77983  0.05700
 278.80081  0.05734
 278.82180  0.05749
 278.84277  0.05755
 278.86379  0.05814
 278.88476  0.05753
 278.90575  0.05749
 278.92673  0.05703
 278.94771  0.05739
 278.96869  0.05709
 278.98967  0.05694
 279.01065  0.05647
 279.03167  0.05645
 279.05264  0.05670
 279.07363  0.05640
 279.09461  0.05636
 279.11559  0.05640
 279.13657  0.05638
 279.15755  0.05628
 279.17853  0.05658
 279.19952  0.05638
 279.22049  0.05628
 279.24148  0.05668
 279.26245  0.05717
 279.28344  0.05666
 279.30442  0.05673
 279.32540  0.05646
 279.34638  0.05650
 279.36736  0.05649
 279.38834  0.05682
 279.40933  0.05681
 279.43030  0.05740
 279.45128  0.05700
 279.47223  0.05717
 279.49321  0.05650
 279.51420  0.05688
 279.53517  0.05697
 279.55616  0.05727
 279.57714  0.05710
 279.59812  0.05711
 279.61910  0.05721
 279.64008  0.05704
 279.66103  0.05671
 279.68202  0.05654
 279.70299  0.05656
 279.72398  0.05720
 279.74495  0.05676
 279.76591  0.05695
 279.78689  0.05672
 279.80787  0.05649
 279.82885  0.05636
 279.84983  0.05626
 279.87078  0.05674
 279.89177  0.05655
 279.91274  0.05652
 279.93373  0.05617
 279.95467  0.05600
 279.97566  0.05584
 279.99663  0.05621
 280.01759  0.05619
 280.03857  0.05556
 280.05955  0.05540
 280.08053  0.05528
 280.10148  0.05514
 280.12246  0.05554
 280.14345  0.05538
 280.16439  0.05532
 280.18538  0.05563
 280.20632  0.05495
 280.22731  0.05538
 280.24829  0.05568
 280.26924  0.05603
 280.29022  0.05589
 280.31120  0.05578
 280.33215  0.05513
 280.35314  0.05497
 280.37408  0.05506
 280.39507  0.05529
 280.41601  0.05530
 280.43700  0.05532
 280.45794  0.05527
 280.47893  0.05550
 280.49988  0.05540
 280.52086  0.05543
 280.54181  0.05550
 280.56279  0.05558
 280.58374  0.05561
 280.60473  0.05574
 280.62567  0.05539
 280.64666  0.05632
 280.66760  0.05578
 280.68859  0.05561
 280.70953  0.05565
 280.73052  0.05546
 280.75147  0.05556
 280.77242  0.05598
 280.79340  0.05565
 280.81435  0.05650
 280.83533  0.05686
 280.85628  0.05696
 280.87723  0.05693
 280.89822  0.05667
 280.91916  0.05677
 280.94015  0.05669
 280.96109  0.05707
 280.98205  0.05692
 281.00303  0.05697
 281.02398  0.05688
 281.04493  0.05677
 281.06588  0.05694
 281.08686  0.05618
 281.10781  0.05625
 281.12876  0.05598
 281.14975  0.05622
 281.17069  0.05656
 281.19165  0.05611
 281.21259  0.05647
 281.23358  0.05620
 281.25452  0.05642
 281.27548  0.05635
 281.29643  0.05695
 281.31738  0.05733
 281.33836  0.05714
 281.35931  0.05694
 281.38026  0.05696
 281.40121  0.05704
 281.42216  0.05742
 281.44311  0.05647
 281.46409  0.05652
 281.48505  0.05647
 281.50599  0.05670
 281.52695  0.05648
 281.54789  0.05644
 281.56885  0.05604
 281.58979  0.05640
 281.61075  0.05608
 281.63170  0.05561
 281.65268  0.05591
 281.67363  0.05548
 281.69458  0.05556
 281.71553  0.05520
 281.73648  0.05626
 281.75743  0.05606
 281.77838  0.05614
 281.79933  0.05604
 281.82029  0.05593
 281.84123  0.05615
 281.86219  0.05605
 281.88313  0.05581
 281.90409  0.05534
 281.92503  0.05566
 281.94599  0.05574
 281.96694  0.05611
 281.98789  0.05610
 282.00881  0.05636
 282.02976  0.05641
 282.05071  0.05638
 282.07166  0.05627
 282.09261  0.05608
 282.11356  0.05553
 282.13451  0.05571
 282.15546  0.05539
 282.17641  0.05579
 282.19734  0.05614
 282.21828  0.05573
 282.23924  0.05616
 282.26018  0.05612
 282.28114  0.05636
 282.30208  0.05690
 282.32301  0.05712
 282.34395  0.05693
 282.36491  0.05702
 282.38586  0.05721
 282.40681  0.05692
 282.42773  0.05721
 282.44868  0.05693
 282.46963  0.05746
 282.49058  0.05698
 282.51150  0.05670
 282.53245  0.05599
 282.55340  0.05590
 282.57432  0.05592
 282.59527  0.05605
 282.61622  0.05621
 282.63717  0.05623
 282.65810  0.05594
 282.67904  0.05574
 282.69997  0.05540
 282.72091  0.05563
 282.74187  0.05597
 282.76278  0.05595
 282.78374  0.05638
 282.80468  0.05657
 282.82561  0.05585
 282.84655  0.05610
 282.86748  0.05569
 282.88842  0.05526
 282.90938  0.05625
 282.93030  0.05594
 282.95125  0.05559
 282.97217  0.05514
 282.99312  0.05493
 283.01404  0.05439
 283.03499  0.05455
 283.05591  0.05435
 283.07686  0.05485
 283.09778  0.05477
 283.11873  0.05464
 283.13965  0.05476
 283.16060  0.05419
 283.18152  0.05414
 283.20247  0.05424
 283.22339  0.05384
 283.24435  0.05432
 283.26526  0.05406
 283.28622  0.05452
 283.30713  0.05423
 283.32806  0.05447
 283.34900  0.05460
 283.36993  0.05466
 283.39087  0.05415
 283.41180  0.05437
 283.43271  0.05436
 283.45367  0.05422
 283.47458  0.05434
 283.49551  0.05393
 283.51645  0.05415
 283.53738  0.05387
 283.55829  0.05414
 283.57925  0.05409
 283.60016  0.05385
 283.62109  0.05327
 283.64200  0.05418
 283.66296  0.05397
 283.68388  0.05397
 283.70480  0.05386
 283.72576  0.05366
 283.74667  0.05384
 283.76760  0.05362
 283.78851  0.05375
 283.80944  0.05381
 283.83038  0.05419
 283.85131  0.05385
 283.87222  0.05427
 283.89315  0.05443
 283.91406  0.05452
 283.93502  0.05423
 283.95593  0.05434
 283.97686  0.05495
 283.99777  0.05496
 284.01870  0.05489
 284.03961  0.05514
 284.06054  0.05492
 284.08145  0.05479
 284.10241  0.05488
 284.12332  0.05519
 284.14425  0.05502
 284.16516  0.05525
 284.18609  0.05533
 284.20700  0.05539
 284.22793  0.05494
 284.24884  0.05490
 284.26977  0.05506
 284.29068  0.05501
 284.31161  0.05527
 284.33252  0.05469
 284.35345  0.05506
 284.37436  0.05502
 284.39529  0.05506
 284.41620  0.05498
 284.43713  0.05523
 284.45804  0.05571
 284.47897  0.05566
 284.49988  0.05557
 284.52081  0.05609
 284.54172  0.05626
 284.56265  0.05644
 284.58356  0.05642
 284.60446  0.05602
 284.62537  0.05598
 284.64630  0.05608
 284.66721  0.05641
 284.68814  0.05596
 284.70905  0.05609
 284.72998  0.05602
 284.75086  0.05640
 284.77179  0.05590
 284.79271  0.05663
 284.81363  0.05617
 284.83455  0.05625
 284.85544  0.05643
 284.87636  0.05645
 284.89728  0.05683
 284.91820  0.05700
 284.93912  0.05714
 284.96001  0.05766
 284.98093  0.05749
 285.00185  0.05745
 285.02277  0.05800
 285.04366  0.05797
 285.06458  0.05836
 285.08550  0.05814
 285.10639  0.05895
 285.12731  0.05893
 285.14823  0.05946
 285.16912  0.05983
 285.19004  0.05930
 285.21096  0.05939
 285.23185  0.05954
 285.25277  0.05953
 285.27369  0.05944
 285.29458  0.05927
 285.31550  0.06001
 285.33639  0.05930
 285.35731  0.05918
 285.37823  0.05975
 285.39912  0.05931
 285.42004  0.05961
 285.44093  0.06042
 285.46185  0.06016
 285.48274  0.05994
 285.50366  0.05969
 285.52455  0.05985
 285.54547  0.05982
 285.56635  0.05968
 285.58728  0.06003
 285.60817  0.06057
 285.62909  0.06044
 285.64998  0.06107
 285.67090  0.06108
 285.69179  0.06052
 285.71271  0.06126
 285.73360  0.06083
 285.75452  0.06067
 285.77541  0.06106
 285.79630  0.06162
 285.81722  0.06148
 285.83811  0.06176
 285.85903  0.06201
 285.87992  0.06189
 285.90081  0.06203
 285.92173  0.06216
 285.94262  0.06221
 285.96351  0.06227
 285.98443  0.06294
 286.00531  0.06283
 286.02621  0.06338
 286.04712  0.06337
 286.06802  0.06295
 286.08890  0.06402
 286.10983  0.06396
 286.13071  0.06436
 286.15161  0.06465
 286.17249  0.06434
 286.19342  0.06441
 286.21430  0.06437
 286.23520  0.06484
 286.25608  0.06477
 286.27701  0.06455
 286.29790  0.06504
 286.31879  0.06497
 286.33968  0.06514
 286.36056  0.06493
 286.38149  0.06521
 286.40237  0.06520
 286.42327  0.06526
 286.44415  0.06489
 286.46505  0.06577
 286.48593  0.06563
 286.50683  0.06581
 286.52774  0.06594
 286.54864  0.06647
 286.56952  0.06618
 286.59042  0.06648
 286.61130  0.06655
 286.63219  0.06660
 286.65308  0.06686
 286.67397  0.06634
 286.69486  0.06661
 286.71575  0.06710
 286.73664  0.06665
 286.75753  0.06599
 286.77842  0.06621
 286.79931  0.06552
 286.82020  0.06586
 286.84109  0.06558
 286.86198  0.06599
 286.88287  0.06633
 286.90376  0.06640
 286.92465  0.06612
 286.94554  0.06634
 286.96643  0.06589
 286.98732  0.06639
 287.00821  0.06654
 287.02910  0.06637
 287.04999  0.06773
 287.07088  0.06710
 287.09173  0.06712
 287.11263  0.06720
 287.13351  0.06692
 287.15441  0.06661
 287.17529  0.06665
 287.19619  0.06656
 287.21707  0.06732
 287.23793  0.06713
 287.25882  0.06652
 287.27971  0.06684
 287.30060  0.06737
 287.32149  0.06711
 287.34235  0.06706
 287.36324  0.06757
 287.38414  0.06762
 287.40502  0.06756
 287.42588  0.06782
 287.44677  0.06803
 287.46766  0.06888
 287.48855  0.06847
 287.50941  0.06884
 287.53030  0.06918
 287.55119  0.06956
 287.57205  0.06975
 287.59294  0.06971
 287.61382  0.07058
 287.63469  0.07073
 287.65557  0.07060
 287.67647  0.07151
 287.69732  0.07145
 287.71822  0.07206
 287.73907  0.07227
 287.75996  0.07200
 287.78085  0.07277
 287.80171  0.07355
 287.82260  0.07402
 287.84346  0.07423
 287.86436  0.07410
 287.88521  0.07537
 287.90611  0.07579
 287.92699  0.07626
 287.94785  0.07804
 287.96874  0.07815
 287.98960  0.07820
 288.01049  0.07855
 288.03135  0.08035
 288.05224  0.08097
 288.07310  0.08143
 288.09398  0.08131
 288.11485  0.08263
 288.13570  0.08197
 288.15660  0.08356
 288.17745  0.08328
 288.19835  0.08431
 288.21920  0.08466
 288.24009  0.08532
 288.26095  0.08556
 288.28181  0.08651
 288.30270  0.08687
 288.32356  0.08819
 288.34442  0.08780
 288.36531  0.08939
 288.38617  0.09005
 288.40706  0.09079
 288.42792  0.09108
 288.44878  0.09258
 288.46964  0.09232
 288.49052  0.09343
 288.51139  0.09428
 288.53224  0.09507
 288.55314  0.09521
 288.57399  0.09581
 288.59485  0.09634
 288.61571  0.09671
 288.63660  0.09704
 288.65746  0.09820
 288.67832  0.09793
 288.69918  0.09857
 288.72004  0.09987
 288.74093  0.10003
 288.76179  0.09995
 288.78265  0.10018
 288.80351  0.10113
 288.82437  0.10164
 288.84525  0.10141
 288.86612  0.10224
 288.88697  0.10278
 288.90784  0.10276
 288.92869  0.10386
 288.94955  0.10500
 288.97041  0.10551
 288.99127  0.10595
 289.01213  0.10697
 289.03302  0.10682
 289.05388  0.10808
 289.07474  0.10805
 289.09559  0.10837
 289.11646  0.10963
 289.13732  0.11005
 289.15818  0.11034
 289.17904  0.11152
 289.19989  0.11198
 289.22076  0.11362
 289.24161  0.11308
 289.26248  0.11363
 289.28333  0.11557
 289.30419  0.11598
 289.32505  0.11723
 289.34591  0.11826
 289.36677  0.11952
 289.38760  0.12004
 289.40845  0.12069
 289.42932  0.12215
 289.45017  0.12484
 289.47104  0.12591
 289.49189  0.12695
 289.51275  0.12790
 289.53362  0.12969
 289.55447  0.13139
 289.57530  0.13261
 289.59616  0.13425
 289.61702  0.13497
 289.63788  0.13785
 289.65874  0.13963
 289.67956  0.14031
 289.70043  0.14239
 289.72128  0.14609
 289.74215  0.14717
 289.76300  0.14834
 289.78383  0.15099
 289.80469  0.15251
 289.82555  0.15517
 289.84641  0.15693
 289.86724  0.16013
 289.88810  0.16114
 289.90896  0.16358
 289.92979  0.16477
 289.95065  0.16793
 289.97151  0.17068
 289.99233  0.17239
 290.01320  0.17478
 290.03405  0.17514
 290.05488  0.17880
 290.07574  0.18032
 290.09660  0.18237
 290.11743  0.18515
 290.13829  0.18761
 290.15911  0.18803
 290.17998  0.19008
 290.20084  0.19266
 290.22166  0.19403
 290.24253  0.19473
 290.26335  0.19669
 290.28422  0.19862
 290.30504  0.19939
 290.32590  0.19956
 290.34673  0.20194
 290.36759  0.20170
 290.38841  0.20432
 290.40928  0.20423
 290.43010  0.20474
 290.45097  0.20710
 290.47179  0.20578
 290.49265  0.20809
 290.51348  0.20771
 290.53434  0.20820
 290.55517  0.20920
 290.57603  0.20978
 290.59686  0.20980
 290.61769  0.21117
 290.63855  0.21305
 290.65937  0.21736
 290.68024  0.22495
 290.70106  0.23745
